2.0,"2019-08-01 06:56:22.000000","2019-08-01 07:28:02.000000",1.0,7.99,1.0,N,129.0,234.0,1.0,28.0,0.0,0.5,0.0,6.12,0.3,34.92,0.0
2.0,"2019-08-02 05:11:32.000000","2019-08-02 05:29:58.000000",1.0,8.47,1.0,N,129.0,234.0,2.0,26.0,0.5,0.5,0.0,0.0,0.3,29.8,2.5
1.0,"2019-08-05 02:09:55.000000","2019-08-05 02:27:49.000000",1.0,6.2,1.0,N,129.0,234.0,1.0,20.0,3.0,0.5,3.0,0.0,0.3,26.8,2.5
2.0,"2019-08-05 07:47:13.000000","2019-08-05 08:28:09.000000",1.0,11.54,1.0,N,129.0,234.0,1.0,37.5,0.0,0.5,9.38,6.12,0.3,56.3,2.5
2.0,"2019-08-07 04:45:23.000000","2019-08-07 05:09:38.000000",1.0,6.51,1.0,N,129.0,234.0,2.0,22.5,0.5,0.5,0.0,0.0,0.3,26.3,2.5
1.0,"2019-08-07 04:36:12.000000","2019-08-07 05:00:12.000000",1.0,7.0,1.0,N,129.0,234.0,2.0,23.5,3.0,0.5,0.0,0.0,0.3,27.3,2.5
1.0,"2019-08-07 05:10:54.000000","2019-08-07 05:27:39.000000",1.0,6.5,1.0,N,129.0,234.0,2.0,19.5,3.0,0.5,0.0,0.0,0.3,23.3,2.5
1.0,"2019-08-08 05:05:29.000000","2019-08-08 05:27:52.000000",1.0,6.3,1.0,N,129.0,234.0,2.0,21.0,3.0,0.5,0.0,0.0,0.3,24.8,2.5
2.0,"2019-08-10 06:36:09.000000","2019-08-10 06:59:57.000000",4.0,6.83,1.0,N,129.0,234.0,1.0,23.5,0.0,0.5,5.36,0.0,0.3,32.16,2.5
2.0,"2019-08-12 05:06:05.000000","2019-08-12 05:27:12.000000",6.0,6.81,1.0,N,129.0,234.0,2.0,22.0,0.5,0.5,0.0,0.0,0.3,25.8,2.5
1.0,"2019-08-13 04:17:19.000000","2019-08-13 04:49:27.000000",1.0,8.5,1.0,N,129.0,234.0,2.0,29.5,3.0,0.5,0.0,0.0,0.3,33.3,2.5
1.0,"2019-08-14 04:51:12.000000","2019-08-14 05:14:35.000000",2.0,6.4,1.0,N,129.0,234.0,2.0,22.5,3.0,0.5,0.0,0.0,0.3,26.3,2.5
1.0,"2019-08-15 04:30:00.000000","2019-08-15 04:52:01.000000",1.0,7.1,1.0,N,129.0,234.0,2.0,22.5,3.0,0.5,0.0,0.0,0.3,26.3,2.5
2.0,"2019-08-20 05:08:13.000000","2019-08-20 05:26:52.000000",2.0,6.7,1.0,N,129.0,234.0,2.0,21.0,0.5,0.5,0.0,0.0,0.3,24.8,2.5
2.0,"2019-08-23 06:25:31.000000","2019-08-23 06:50:02.000000",5.0,6.49,1.0,N,129.0,234.0,2.0,22.0,0.0,0.5,0.0,0.0,0.3,25.3,2.5
2.0,"2019-08-28 05:08:31.000000","2019-08-28 05:29:21.000000",1.0,7.08,1.0,N,129.0,234.0,2.0,22.5,0.5,0.5,0.0,0.0,0.3,26.3,2.5
1.0,"2019-08-30 10:08:21.000000","2019-08-30 10:34:27.000000",1.0,8.4,1.0,N,129.0,234.0,1.0,27.0,2.5,0.5,7.0,6.12,0.3,43.42,2.5
,"2019-08-14 08:46:00.000000","2019-08-14 09:21:00.000000",,7.59,,,129.0,234.0,,25.16,2.75,0.5,0.0,6.12,0.3,34.83,0.0
,"2019-08-21 09:17:00.000000","2019-08-21 09:50:00.000000",,7.39,,,129.0,234.0,,25.16,2.75,0.5,0.0,6.12,0.3,34.83,0.0
