1.0,"2019-08-01 06:06:12.000000","2019-08-01 06:18:09.000000",1.0,3.2,1.0,N,143.0,234.0,1.0,12.0,2.5,0.5,3.05,0.0,0.3,18.35,2.5
2.0,"2019-08-01 07:23:59.000000","2019-08-01 07:42:31.000000",2.0,3.74,1.0,N,143.0,234.0,1.0,15.0,0.0,0.5,4.58,0.0,0.3,22.88,2.5
1.0,"2019-08-01 07:22:20.000000","2019-08-01 07:39:17.000000",1.0,3.1,1.0,N,143.0,234.0,1.0,13.5,2.5,0.5,1.0,0.0,0.3,17.8,2.5
2.0,"2019-08-01 07:50:15.000000","2019-08-01 08:13:59.000000",2.0,3.78,1.0,N,143.0,234.0,1.0,17.5,0.0,0.5,2.0,0.0,0.3,22.8,2.5
2.0,"2019-08-01 07:37:12.000000","2019-08-01 07:54:34.000000",3.0,3.49,1.0,N,143.0,234.0,1.0,14.5,0.0,0.5,3.56,0.0,0.3,21.36,2.5
1.0,"2019-08-01 07:00:19.000000","2019-08-01 07:15:31.000000",1.0,3.5,1.0,N,143.0,234.0,1.0,14.0,2.5,0.5,3.45,0.0,0.3,20.75,2.5
2.0,"2019-08-01 08:14:09.000000","2019-08-01 08:37:29.000000",1.0,3.33,1.0,N,143.0,234.0,1.0,16.5,0.0,0.5,1.0,0.0,0.3,20.8,2.5
2.0,"2019-08-01 08:30:01.000000","2019-08-01 08:53:06.000000",1.0,3.38,1.0,N,143.0,234.0,1.0,16.5,0.0,0.5,2.5,0.0,0.3,22.3,2.5
1.0,"2019-08-01 08:27:17.000000","2019-08-01 08:52:08.000000",1.0,3.5,1.0,N,143.0,234.0,1.0,17.5,2.5,0.5,4.15,0.0,0.3,24.95,2.5
2.0,"2019-08-01 10:03:52.000000","2019-08-01 10:24:35.000000",1.0,3.5,1.0,N,143.0,234.0,1.0,15.0,0.0,0.5,2.5,0.0,0.3,20.8,2.5
1.0,"2019-08-01 10:28:02.000000","2019-08-01 10:56:34.000000",1.0,3.0,1.0,N,143.0,234.0,2.0,18.0,2.5,0.5,0.0,0.0,0.3,21.3,2.5
1.0,"2019-08-01 11:29:10.000000","2019-08-01 11:49:36.000000",1.0,2.6,1.0,N,143.0,234.0,1.0,14.5,2.5,0.5,3.55,0.0,0.3,21.35,2.5
2.0,"2019-08-01 13:26:48.000000","2019-08-01 13:43:43.000000",1.0,3.29,1.0,N,143.0,234.0,1.0,14.0,0.0,0.5,1.5,0.0,0.3,18.8,2.5
1.0,"2019-08-01 15:59:12.000000","2019-08-01 16:26:18.000000",1.0,4.7,1.0,Y,143.0,234.0,1.0,20.5,3.5,0.5,0.0,0.0,0.3,24.8,2.5
1.0,"2019-08-01 16:42:45.000000","2019-08-01 17:00:36.000000",5.0,2.8,1.0,N,143.0,234.0,1.0,13.5,3.5,0.5,2.0,0.0,0.3,19.8,2.5
2.0,"2019-08-01 18:54:44.000000","2019-08-01 19:18:55.000000",1.0,3.63,1.0,N,143.0,234.0,2.0,17.5,1.0,0.5,0.0,0.0,0.3,21.8,2.5
2.0,"2019-08-01 19:26:13.000000","2019-08-01 19:53:59.000000",1.0,3.34,1.0,N,143.0,234.0,1.0,18.5,1.0,0.5,4.56,0.0,0.3,27.36,2.5
2.0,"2019-08-01 19:15:31.000000","2019-08-01 19:42:08.000000",1.0,3.43,1.0,N,143.0,234.0,1.0,18.5,1.0,0.5,4.56,0.0,0.3,27.36,2.5
2.0,"2019-08-01 19:53:03.000000","2019-08-01 20:09:55.000000",1.0,3.69,1.0,N,143.0,234.0,1.0,15.0,1.0,0.5,2.9,0.0,0.3,22.2,2.5
2.0,"2019-08-01 20:32:03.000000","2019-08-01 20:56:44.000000",2.0,2.85,1.0,N,143.0,234.0,1.0,17.0,0.5,0.5,4.16,0.0,0.3,24.96,2.5
2.0,"2019-08-01 21:18:39.000000","2019-08-01 21:34:18.000000",3.0,3.91,1.0,N,143.0,234.0,1.0,14.5,0.5,0.5,0.0,0.0,0.3,18.3,2.5
1.0,"2019-08-01 22:37:37.000000","2019-08-01 22:55:47.000000",1.0,3.2,1.0,N,143.0,234.0,1.0,14.0,3.0,0.5,3.56,0.0,0.3,21.36,2.5
2.0,"2019-08-01 22:28:40.000000","2019-08-01 22:47:00.000000",2.0,3.47,1.0,N,143.0,234.0,1.0,14.5,0.5,0.5,1.0,0.0,0.3,19.3,2.5
2.0,"2019-08-02 06:56:57.000000","2019-08-02 07:11:08.000000",1.0,3.67,1.0,N,143.0,234.0,1.0,13.5,0.0,0.5,3.36,0.0,0.3,20.16,2.5
2.0,"2019-08-02 07:34:23.000000","2019-08-02 07:51:40.000000",1.0,3.47,1.0,N,143.0,234.0,1.0,14.0,0.0,0.5,2.6,0.0,0.3,19.9,2.5
1.0,"2019-08-02 07:05:18.000000","2019-08-02 07:20:11.000000",1.0,3.5,1.0,N,143.0,234.0,1.0,13.5,2.5,0.5,3.35,0.0,0.3,20.15,2.5
2.0,"2019-08-02 07:20:49.000000","2019-08-02 07:32:27.000000",4.0,3.3,1.0,N,143.0,234.0,2.0,11.5,0.0,0.5,0.0,0.0,0.3,14.8,2.5
1.0,"2019-08-02 08:58:49.000000","2019-08-02 09:23:12.000000",1.0,3.2,1.0,N,143.0,234.0,1.0,16.5,2.5,0.5,2.5,0.0,0.3,22.3,2.5
1.0,"2019-08-02 08:38:02.000000","2019-08-02 08:54:44.000000",1.0,2.9,1.0,N,143.0,234.0,1.0,13.5,2.5,0.5,4.2,0.0,0.3,21.0,2.5
2.0,"2019-08-02 09:20:26.000000","2019-08-02 09:44:26.000000",1.0,2.96,1.0,N,143.0,234.0,1.0,16.0,0.0,0.5,3.86,0.0,0.3,23.16,2.5
2.0,"2019-08-02 09:00:48.000000","2019-08-02 09:20:16.000000",1.0,3.45,1.0,N,143.0,234.0,1.0,15.0,0.0,0.5,1.83,0.0,0.3,20.13,2.5
1.0,"2019-08-02 11:03:58.000000","2019-08-02 11:25:55.000000",1.0,3.1,1.0,N,143.0,234.0,1.0,16.5,2.5,0.5,1.5,0.0,0.3,21.3,2.5
2.0,"2019-08-02 12:36:45.000000","2019-08-02 12:57:48.000000",2.0,3.41,1.0,N,143.0,234.0,2.0,15.5,0.0,0.5,0.0,0.0,0.3,18.8,2.5
1.0,"2019-08-02 12:26:04.000000","2019-08-02 13:01:27.000000",1.0,4.2,1.0,N,143.0,234.0,1.0,23.5,2.5,0.5,6.7,0.0,0.3,33.5,2.5
1.0,"2019-08-02 13:13:39.000000","2019-08-02 13:27:59.000000",1.0,2.6,1.0,N,143.0,234.0,2.0,11.5,2.5,0.5,0.0,0.0,0.3,14.8,2.5
2.0,"2019-08-02 13:15:56.000000","2019-08-02 13:35:18.000000",6.0,3.46,1.0,N,143.0,234.0,2.0,15.0,0.0,0.5,0.0,0.0,0.3,18.3,2.5
2.0,"2019-08-02 18:43:45.000000","2019-08-02 18:54:48.000000",1.0,2.88,1.0,N,143.0,234.0,1.0,11.0,1.0,0.5,3.06,0.0,0.3,18.36,2.5
2.0,"2019-08-02 19:24:04.000000","2019-08-02 19:38:53.000000",1.0,2.89,1.0,N,143.0,234.0,1.0,12.5,1.0,0.5,3.36,0.0,0.3,20.16,2.5
2.0,"2019-08-02 20:14:19.000000","2019-08-02 20:36:48.000000",5.0,4.1,1.0,N,143.0,234.0,1.0,17.5,0.5,0.5,6.39,0.0,0.3,27.69,2.5
2.0,"2019-08-02 21:42:53.000000","2019-08-02 22:01:14.000000",1.0,4.03,1.0,N,143.0,234.0,1.0,16.0,0.5,0.5,0.0,0.0,0.3,19.8,2.5
2.0,"2019-08-02 23:52:24.000000","2019-08-03 00:10:57.000000",1.0,3.7,1.0,N,143.0,234.0,1.0,14.5,0.5,0.5,3.66,0.0,0.3,21.96,2.5
2.0,"2019-08-03 02:15:15.000000","2019-08-03 02:32:27.000000",1.0,2.64,1.0,N,143.0,234.0,2.0,10.5,0.5,0.5,0.0,0.0,0.3,14.3,2.5
1.0,"2019-08-03 05:20:56.000000","2019-08-03 05:33:56.000000",1.0,3.5,1.0,N,143.0,234.0,1.0,13.0,3.0,0.5,3.35,0.0,0.3,20.15,2.5
2.0,"2019-08-03 06:42:06.000000","2019-08-03 06:53:51.000000",1.0,3.04,1.0,N,143.0,234.0,2.0,11.5,0.0,0.5,0.0,0.0,0.3,14.8,2.5
2.0,"2019-08-03 06:50:17.000000","2019-08-03 07:05:36.000000",1.0,3.93,1.0,N,143.0,234.0,1.0,15.0,0.0,0.5,3.66,0.0,0.3,21.96,2.5
1.0,"2019-08-03 07:56:30.000000","2019-08-03 08:14:37.000000",2.0,3.7,1.0,N,143.0,234.0,1.0,15.0,2.5,0.5,4.58,0.0,0.3,22.88,2.5
2.0,"2019-08-03 07:25:57.000000","2019-08-03 07:38:01.000000",1.0,2.78,1.0,N,143.0,234.0,1.0,11.0,0.0,0.5,2.14,0.0,0.3,16.44,2.5
2.0,"2019-08-03 06:59:13.000000","2019-08-03 07:13:21.000000",1.0,3.93,1.0,N,143.0,234.0,2.0,14.0,0.0,0.5,0.0,0.0,0.3,17.3,2.5
1.0,"2019-08-03 07:34:06.000000","2019-08-03 07:43:55.000000",2.0,2.9,1.0,N,143.0,234.0,1.0,11.0,2.5,0.5,1.0,0.0,0.3,15.3,2.5
1.0,"2019-08-03 08:45:00.000000","2019-08-03 08:57:13.000000",1.0,3.2,1.0,N,143.0,234.0,1.0,11.5,2.5,0.5,2.95,0.0,0.3,17.75,2.5
1.0,"2019-08-03 08:07:50.000000","2019-08-03 08:20:07.000000",2.0,3.4,1.0,N,143.0,234.0,1.0,12.5,2.5,0.5,4.7,0.0,0.3,20.5,2.5
1.0,"2019-08-03 08:39:51.000000","2019-08-03 08:51:05.000000",1.0,2.8,1.0,N,143.0,234.0,1.0,11.0,2.5,0.5,1.0,0.0,0.3,15.3,2.5
2.0,"2019-08-03 09:19:08.000000","2019-08-03 09:31:36.000000",1.0,2.86,1.0,N,143.0,234.0,1.0,11.0,0.0,0.5,2.86,0.0,0.3,17.16,2.5
2.0,"2019-08-03 10:36:30.000000","2019-08-03 10:54:27.000000",1.0,3.45,1.0,N,143.0,234.0,1.0,14.5,0.0,0.5,5.34,0.0,0.3,23.14,2.5
1.0,"2019-08-03 12:53:22.000000","2019-08-03 13:29:11.000000",1.0,4.3,1.0,N,143.0,234.0,1.0,23.5,2.5,0.5,5.36,0.0,0.3,32.16,2.5
2.0,"2019-08-03 12:10:02.000000","2019-08-03 12:32:10.000000",1.0,3.61,1.0,N,143.0,234.0,1.0,17.0,0.0,0.5,4.06,0.0,0.3,24.36,2.5
1.0,"2019-08-03 12:16:01.000000","2019-08-03 12:34:54.000000",1.0,2.7,1.0,N,143.0,234.0,1.0,13.5,2.5,0.5,5.0,0.0,0.3,21.8,2.5
1.0,"2019-08-03 13:00:57.000000","2019-08-03 13:19:24.000000",1.0,3.5,1.0,N,143.0,234.0,1.0,14.5,2.5,0.5,3.55,0.0,0.3,21.35,2.5
2.0,"2019-08-03 17:44:00.000000","2019-08-03 18:07:41.000000",4.0,3.69,1.0,N,143.0,234.0,2.0,17.5,0.0,0.5,0.0,0.0,0.3,20.8,2.5
2.0,"2019-08-03 17:03:54.000000","2019-08-03 17:25:45.000000",1.0,3.22,1.0,N,143.0,234.0,1.0,15.5,0.0,0.5,4.7,0.0,0.3,23.5,2.5
1.0,"2019-08-03 18:46:30.000000","2019-08-03 19:04:17.000000",2.0,3.5,1.0,N,143.0,234.0,1.0,14.5,3.5,0.5,3.76,0.0,0.3,22.56,2.5
2.0,"2019-08-03 19:36:51.000000","2019-08-03 19:56:32.000000",3.0,3.4,1.0,N,143.0,234.0,1.0,15.0,0.0,0.5,1.46,0.0,0.3,19.76,2.5
2.0,"2019-08-03 20:51:03.000000","2019-08-03 21:10:58.000000",6.0,2.85,1.0,N,143.0,234.0,1.0,14.5,0.5,0.5,3.66,0.0,0.3,21.96,2.5
1.0,"2019-08-03 20:03:15.000000","2019-08-03 20:23:45.000000",1.0,2.6,1.0,N,143.0,234.0,1.0,14.5,3.0,0.5,3.65,0.0,0.3,21.95,2.5
2.0,"2019-08-03 21:14:19.000000","2019-08-04 21:12:24.000000",1.0,3.81,1.0,N,143.0,234.0,1.0,15.5,0.5,0.5,3.86,0.0,0.3,23.16,2.5
1.0,"2019-08-03 21:08:54.000000","2019-08-03 21:29:30.000000",2.0,3.3,1.0,N,143.0,234.0,1.0,15.5,3.0,0.5,3.85,0.0,0.3,23.15,2.5
2.0,"2019-08-03 22:07:26.000000","2019-08-03 22:28:48.000000",6.0,3.3,1.0,N,143.0,234.0,1.0,16.0,0.5,0.5,0.0,0.0,0.3,19.8,2.5
2.0,"2019-08-03 23:21:45.000000","2019-08-03 23:35:19.000000",1.0,2.84,1.0,N,143.0,234.0,1.0,11.5,0.5,0.5,3.06,0.0,0.3,18.36,2.5
2.0,"2019-08-04 00:05:41.000000","2019-08-04 00:24:54.000000",2.0,3.63,1.0,N,143.0,234.0,1.0,15.5,0.5,0.5,3.86,0.0,0.3,23.16,2.5
2.0,"2019-08-04 08:48:22.000000","2019-08-04 09:03:33.000000",1.0,3.87,1.0,N,143.0,234.0,2.0,14.5,0.0,0.5,0.0,0.0,0.3,17.8,2.5
1.0,"2019-08-04 10:46:38.000000","2019-08-04 10:57:22.000000",1.0,2.8,1.0,N,143.0,234.0,1.0,10.5,2.5,0.5,2.07,0.0,0.3,15.87,2.5
2.0,"2019-08-04 11:16:38.000000","2019-08-04 11:34:43.000000",1.0,3.78,1.0,N,143.0,234.0,1.0,15.0,0.0,0.5,3.66,0.0,0.3,21.96,2.5
2.0,"2019-08-04 12:25:17.000000","2019-08-04 12:38:25.000000",2.0,2.89,1.0,N,143.0,234.0,2.0,11.5,0.0,0.5,0.0,0.0,0.3,14.8,2.5
2.0,"2019-08-04 12:56:25.000000","2019-08-04 13:14:08.000000",1.0,3.39,1.0,N,143.0,234.0,1.0,15.0,0.0,0.5,2.0,0.0,0.3,20.3,2.5
1.0,"2019-08-04 13:07:35.000000","2019-08-04 13:22:00.000000",2.0,3.0,1.0,N,143.0,234.0,1.0,13.0,2.5,0.5,2.93,0.0,0.3,19.23,2.5
2.0,"2019-08-04 14:09:49.000000","2019-08-04 14:23:07.000000",1.0,3.36,1.0,N,143.0,234.0,1.0,13.0,0.0,0.5,2.3,0.0,0.3,18.6,2.5
1.0,"2019-08-04 16:43:46.000000","2019-08-04 17:06:26.000000",3.0,2.9,1.0,N,143.0,234.0,2.0,15.5,2.5,0.5,0.0,0.0,0.3,18.8,2.5
2.0,"2019-08-04 18:34:35.000000","2019-08-04 18:48:07.000000",6.0,3.13,1.0,N,143.0,234.0,1.0,12.5,0.0,0.5,3.16,0.0,0.3,18.96,2.5
2.0,"2019-08-04 18:28:03.000000","2019-08-04 18:49:11.000000",1.0,3.63,1.0,N,143.0,234.0,1.0,16.5,0.0,0.5,3.96,0.0,0.3,23.76,2.5
1.0,"2019-08-04 19:11:55.000000","2019-08-04 19:29:49.000000",1.0,3.5,1.0,N,143.0,234.0,1.0,14.5,2.5,0.5,3.55,0.0,0.3,21.35,2.5
1.0,"2019-08-04 21:23:06.000000","2019-08-04 21:40:33.000000",1.0,3.0,1.0,N,143.0,234.0,1.0,13.5,3.0,0.5,3.46,0.0,0.3,20.76,2.5
2.0,"2019-08-05 06:57:24.000000","2019-08-05 07:11:08.000000",2.0,3.46,1.0,N,143.0,234.0,1.0,13.5,0.0,0.5,3.36,0.0,0.3,20.16,2.5
2.0,"2019-08-05 07:05:57.000000","2019-08-05 07:21:37.000000",1.0,3.41,1.0,N,143.0,234.0,1.0,14.0,0.0,0.5,3.46,0.0,0.3,20.76,2.5
2.0,"2019-08-05 08:44:51.000000","2019-08-05 09:12:26.000000",1.0,3.15,1.0,N,143.0,234.0,1.0,18.5,0.0,0.5,4.36,0.0,0.3,26.16,2.5
2.0,"2019-08-05 08:23:52.000000","2019-08-05 08:50:03.000000",3.0,3.13,1.0,N,143.0,234.0,1.0,18.0,0.0,0.5,4.26,0.0,0.3,25.56,2.5
2.0,"2019-08-05 08:05:35.000000","2019-08-05 08:31:08.000000",6.0,3.38,1.0,N,143.0,234.0,1.0,17.5,0.0,0.5,4.0,0.0,0.3,24.8,2.5
2.0,"2019-08-05 08:11:26.000000","2019-08-05 08:33:48.000000",1.0,3.77,1.0,N,143.0,234.0,1.0,16.5,0.0,0.5,4.95,0.0,0.3,24.75,2.5
1.0,"2019-08-05 12:10:38.000000","2019-08-05 12:30:03.000000",1.0,3.6,1.0,N,143.0,234.0,1.0,15.5,2.5,0.5,1.5,0.0,0.3,20.3,2.5
1.0,"2019-08-05 13:37:53.000000","2019-08-05 14:06:08.000000",1.0,3.2,1.0,N,143.0,234.0,1.0,18.5,2.5,0.5,4.35,0.0,0.3,26.15,2.5
1.0,"2019-08-05 13:49:19.000000","2019-08-05 14:12:52.000000",1.0,3.7,1.0,N,143.0,234.0,1.0,17.0,2.5,0.5,4.05,0.0,0.3,24.35,2.5
2.0,"2019-08-05 13:33:22.000000","2019-08-05 13:52:18.000000",1.0,3.21,1.0,N,143.0,234.0,1.0,10.5,0.0,0.5,2.76,0.0,0.3,16.56,2.5
2.0,"2019-08-05 17:40:37.000000","2019-08-05 18:03:58.000000",1.0,3.75,1.0,N,143.0,234.0,1.0,17.5,1.0,0.5,4.36,0.0,0.3,26.16,2.5
1.0,"2019-08-05 17:57:46.000000","2019-08-05 18:14:30.000000",1.0,3.1,1.0,N,143.0,234.0,1.0,14.0,3.5,0.5,3.65,0.0,0.3,21.95,2.5
2.0,"2019-08-05 16:56:16.000000","2019-08-05 17:20:08.000000",6.0,4.06,1.0,N,143.0,234.0,2.0,18.5,1.0,0.5,0.0,0.0,0.3,22.8,2.5
2.0,"2019-08-05 18:39:48.000000","2019-08-05 19:06:18.000000",1.0,3.41,1.0,N,143.0,234.0,1.0,19.0,1.0,0.5,4.66,0.0,0.3,27.96,2.5
2.0,"2019-08-05 20:26:42.000000","2019-08-05 20:44:55.000000",1.0,4.11,1.0,N,143.0,234.0,1.0,15.0,0.5,0.5,3.76,0.0,0.3,24.51,2.5
2.0,"2019-08-05 21:18:01.000000","2019-08-05 21:32:56.000000",1.0,3.02,1.0,N,143.0,234.0,1.0,12.5,0.5,0.5,3.26,0.0,0.3,19.56,2.5
1.0,"2019-08-06 06:54:51.000000","2019-08-06 07:12:49.000000",1.0,3.3,1.0,N,143.0,234.0,1.0,15.0,2.5,0.5,3.66,0.0,0.3,21.96,2.5
2.0,"2019-08-06 06:18:30.000000","2019-08-06 06:32:06.000000",1.0,3.32,1.0,N,143.0,234.0,1.0,12.5,0.0,0.5,2.5,0.0,0.3,18.3,2.5
2.0,"2019-08-06 07:33:57.000000","2019-08-06 07:57:31.000000",1.0,3.28,1.0,N,143.0,234.0,1.0,17.0,0.0,0.5,2.5,0.0,0.3,22.8,2.5
1.0,"2019-08-06 08:59:37.000000","2019-08-06 09:26:50.000000",1.0,3.1,1.0,N,143.0,234.0,1.0,17.5,2.5,0.5,3.12,0.0,0.3,23.92,2.5
2.0,"2019-08-06 08:20:10.000000","2019-08-06 08:39:46.000000",6.0,3.29,1.0,N,143.0,234.0,1.0,15.0,0.0,0.5,3.66,0.0,0.3,21.96,2.5
1.0,"2019-08-06 09:00:24.000000","2019-08-06 09:28:22.000000",1.0,2.8,1.0,N,143.0,234.0,1.0,18.0,2.5,0.5,3.2,0.0,0.3,24.5,2.5
2.0,"2019-08-06 09:37:12.000000","2019-08-06 10:00:41.000000",2.0,3.65,1.0,N,143.0,234.0,1.0,17.0,0.0,0.5,5.08,0.0,0.3,25.38,2.5
2.0,"2019-08-06 09:02:58.000000","2019-08-06 09:29:14.000000",1.0,3.71,1.0,N,143.0,234.0,1.0,18.0,0.0,0.5,5.32,0.0,0.3,26.62,2.5
2.0,"2019-08-06 09:25:09.000000","2019-08-06 09:45:35.000000",1.0,3.46,1.0,N,143.0,234.0,1.0,15.0,0.0,0.5,2.0,0.0,0.3,20.3,2.5
2.0,"2019-08-06 10:17:33.000000","2019-08-06 10:43:07.000000",5.0,4.13,1.0,N,143.0,234.0,1.0,18.0,0.0,0.5,4.26,0.0,0.3,25.56,2.5
2.0,"2019-08-06 10:29:12.000000","2019-08-06 10:56:10.000000",1.0,2.78,1.0,N,143.0,234.0,1.0,17.5,0.0,0.5,4.16,0.0,0.3,24.96,2.5
1.0,"2019-08-06 10:50:17.000000","2019-08-06 11:15:20.000000",1.0,3.2,1.0,N,143.0,234.0,1.0,17.0,2.5,0.5,1.7,0.0,0.3,22.0,2.5
2.0,"2019-08-06 11:14:24.000000","2019-08-06 11:39:59.000000",1.0,2.76,1.0,N,143.0,234.0,1.0,17.0,0.0,0.5,4.06,0.0,0.3,24.36,2.5
2.0,"2019-08-06 11:39:09.000000","2019-08-06 11:58:07.000000",2.0,3.07,1.0,N,143.0,234.0,1.0,14.0,0.0,0.5,2.7,0.0,0.3,20.0,2.5
1.0,"2019-08-06 12:48:34.000000","2019-08-06 13:38:21.000000",1.0,5.7,1.0,N,143.0,234.0,1.0,31.5,2.5,0.5,0.0,0.0,0.3,34.8,2.5
1.0,"2019-08-06 12:34:07.000000","2019-08-06 12:51:52.000000",0.0,2.9,1.0,N,143.0,234.0,1.0,13.5,2.5,0.5,3.35,0.0,0.3,20.15,2.5
2.0,"2019-08-06 13:04:14.000000","2019-08-06 13:30:14.000000",1.0,3.08,1.0,N,143.0,234.0,1.0,17.5,0.0,0.5,4.16,0.0,0.3,24.96,2.5
2.0,"2019-08-06 14:02:17.000000","2019-08-06 14:18:49.000000",5.0,2.63,1.0,N,143.0,234.0,2.0,12.0,0.0,0.5,0.0,0.0,0.3,15.3,2.5
1.0,"2019-08-06 14:32:42.000000","2019-08-06 14:52:52.000000",1.0,3.5,1.0,N,143.0,234.0,2.0,15.5,2.5,0.5,0.0,0.0,0.3,18.8,2.5
2.0,"2019-08-06 14:40:18.000000","2019-08-06 15:02:20.000000",1.0,3.31,1.0,N,143.0,234.0,1.0,16.0,0.0,0.5,2.0,0.0,0.3,21.3,2.5
2.0,"2019-08-06 15:35:02.000000","2019-08-06 15:56:35.000000",2.0,3.59,1.0,N,143.0,234.0,1.0,16.0,0.0,0.5,1.93,0.0,0.3,21.23,2.5
2.0,"2019-08-06 17:17:07.000000","2019-08-06 17:38:51.000000",2.0,3.31,1.0,N,143.0,234.0,1.0,16.5,1.0,0.5,4.0,0.0,0.3,24.8,2.5
2.0,"2019-08-06 18:29:28.000000","2019-08-06 18:44:38.000000",2.0,2.8,1.0,N,143.0,234.0,1.0,13.0,1.0,0.5,2.6,0.0,0.3,19.9,2.5
2.0,"2019-08-06 18:00:20.000000","2019-08-06 18:21:30.000000",1.0,3.65,1.0,N,143.0,234.0,1.0,16.5,1.0,0.5,6.24,0.0,0.3,27.04,2.5
2.0,"2019-08-06 20:46:51.000000","2019-08-06 21:01:30.000000",1.0,3.6,1.0,N,143.0,234.0,1.0,14.0,0.5,0.5,3.56,0.0,0.3,21.36,2.5
2.0,"2019-08-06 20:36:41.000000","2019-08-06 20:51:02.000000",1.0,3.12,1.0,N,143.0,234.0,1.0,12.5,0.5,0.5,3.26,0.0,0.3,19.56,2.5
1.0,"2019-08-06 22:09:28.000000","2019-08-06 22:20:25.000000",1.0,2.6,1.0,N,143.0,234.0,1.0,10.5,3.0,0.5,2.85,0.0,0.3,17.15,2.5
2.0,"2019-08-06 22:11:27.000000","2019-08-06 22:27:28.000000",4.0,3.42,1.0,N,143.0,234.0,1.0,13.5,0.5,0.5,3.46,0.0,0.3,20.76,2.5
2.0,"2019-08-07 06:39:54.000000","2019-08-07 06:53:10.000000",1.0,2.98,1.0,N,143.0,234.0,1.0,12.5,0.0,0.5,2.0,0.0,0.3,17.8,2.5
2.0,"2019-08-07 06:57:02.000000","2019-08-07 07:14:24.000000",1.0,3.44,1.0,N,143.0,234.0,1.0,14.5,0.0,0.5,3.56,0.0,0.3,21.36,2.5
2.0,"2019-08-07 06:26:15.000000","2019-08-07 06:40:28.000000",1.0,3.52,1.0,N,143.0,234.0,1.0,14.0,0.0,0.5,3.46,0.0,0.3,20.76,2.5
1.0,"2019-08-07 07:31:03.000000","2019-08-07 07:56:11.000000",1.0,3.3,1.0,N,143.0,234.0,2.0,17.5,2.5,0.5,0.0,0.0,0.3,20.8,2.5
2.0,"2019-08-07 07:50:58.000000","2019-08-07 08:10:53.000000",1.0,3.28,1.0,N,143.0,234.0,1.0,15.0,0.0,0.5,2.5,0.0,0.3,20.8,2.5
2.0,"2019-08-07 07:07:43.000000","2019-08-07 07:28:43.000000",2.0,3.83,1.0,N,143.0,234.0,1.0,16.5,0.0,0.5,3.96,0.0,0.3,23.76,2.5
1.0,"2019-08-07 08:48:45.000000","2019-08-07 09:11:52.000000",1.0,3.4,1.0,N,143.0,234.0,1.0,16.0,2.5,0.5,1.5,0.0,0.3,20.8,2.5
2.0,"2019-08-07 09:53:58.000000","2019-08-07 10:28:00.000000",1.0,3.68,1.0,N,143.0,234.0,1.0,21.5,0.0,0.5,4.96,0.0,0.3,29.76,2.5
2.0,"2019-08-07 09:25:09.000000","2019-08-07 09:51:05.000000",5.0,3.71,1.0,N,143.0,234.0,1.0,18.5,0.0,0.5,5.45,0.0,0.3,27.25,2.5
2.0,"2019-08-07 11:12:54.000000","2019-08-07 11:28:19.000000",5.0,3.3,1.0,N,143.0,234.0,1.0,13.0,0.0,0.5,3.26,0.0,0.3,19.56,2.5
2.0,"2019-08-07 11:12:54.000000","2019-08-07 11:46:12.000000",1.0,3.75,1.0,N,143.0,234.0,1.0,22.0,0.0,0.5,4.0,0.0,0.3,29.3,2.5
1.0,"2019-08-07 12:41:21.000000","2019-08-07 13:01:57.000000",1.0,2.6,1.0,N,143.0,234.0,1.0,14.5,2.5,0.5,3.55,0.0,0.3,21.35,2.5
1.0,"2019-08-07 12:42:24.000000","2019-08-07 13:08:12.000000",1.0,3.3,1.0,N,143.0,234.0,1.0,18.0,2.5,0.5,3.2,0.0,0.3,24.5,2.5
2.0,"2019-08-07 12:02:25.000000","2019-08-07 12:22:29.000000",1.0,3.36,1.0,N,143.0,234.0,1.0,15.5,0.0,0.5,3.76,0.0,0.3,22.56,2.5
2.0,"2019-08-07 13:59:24.000000","2019-08-07 14:17:33.000000",3.0,2.75,1.0,N,143.0,234.0,1.0,13.5,0.0,0.5,1.68,0.0,0.3,18.48,2.5
1.0,"2019-08-07 13:07:42.000000","2019-08-07 13:27:05.000000",1.0,2.9,1.0,N,143.0,234.0,2.0,15.0,2.5,0.5,0.0,0.0,0.3,18.3,2.5
2.0,"2019-08-07 17:36:34.000000","2019-08-07 18:21:12.000000",1.0,3.08,1.0,N,143.0,234.0,1.0,26.0,1.0,0.5,7.58,0.0,0.3,37.88,2.5
1.0,"2019-08-07 20:05:07.000000","2019-08-07 20:33:42.000000",1.0,4.5,1.0,N,143.0,234.0,2.0,21.0,3.5,0.5,0.0,0.0,0.3,25.3,2.5
2.0,"2019-08-08 07:02:02.000000","2019-08-08 07:15:32.000000",1.0,3.48,1.0,N,143.0,234.0,1.0,13.0,0.0,0.5,3.26,0.0,0.3,19.56,2.5
1.0,"2019-08-08 07:19:56.000000","2019-08-08 07:35:49.000000",1.0,3.3,1.0,N,143.0,234.0,1.0,14.0,2.5,0.5,1.0,0.0,0.3,18.3,2.5
2.0,"2019-08-08 07:06:13.000000","2019-08-08 07:23:11.000000",2.0,3.55,1.0,N,143.0,234.0,1.0,14.5,0.0,0.5,3.56,0.0,0.3,21.36,2.5
2.0,"2019-08-08 08:29:09.000000","2019-08-08 08:55:48.000000",1.0,3.43,1.0,N,143.0,234.0,1.0,17.5,0.0,0.5,1.5,0.0,0.3,22.3,2.5
2.0,"2019-08-08 07:53:49.000000","2019-08-08 08:13:07.000000",2.0,3.44,1.0,N,143.0,234.0,2.0,15.0,0.0,0.5,0.0,0.0,0.3,18.3,2.5
2.0,"2019-08-08 08:24:16.000000","2019-08-08 08:50:36.000000",1.0,3.45,1.0,N,143.0,234.0,1.0,18.0,0.0,0.5,4.26,0.0,0.3,25.56,2.5
1.0,"2019-08-08 08:31:00.000000","2019-08-08 08:51:06.000000",1.0,3.8,1.0,N,143.0,234.0,1.0,15.5,2.5,0.5,2.0,0.0,0.3,20.8,2.5
2.0,"2019-08-08 08:13:29.000000","2019-08-08 08:36:00.000000",1.0,2.95,1.0,N,143.0,234.0,1.0,15.5,0.0,0.5,3.76,0.0,0.3,22.56,2.5
2.0,"2019-08-08 09:16:54.000000","2019-08-08 09:35:33.000000",1.0,3.23,1.0,N,143.0,234.0,1.0,14.0,0.0,0.5,3.46,0.0,0.3,20.76,2.5
2.0,"2019-08-08 09:09:14.000000","2019-08-08 09:41:50.000000",1.0,3.63,1.0,N,143.0,234.0,1.0,20.5,0.0,0.5,5.95,0.0,0.3,29.75,2.5
2.0,"2019-08-08 10:18:36.000000","2019-08-08 10:36:37.000000",2.0,3.28,1.0,N,143.0,234.0,1.0,14.0,0.0,0.5,3.46,0.0,0.3,20.76,2.5
2.0,"2019-08-08 11:10:42.000000","2019-08-08 11:29:16.000000",1.0,3.29,1.0,N,143.0,234.0,1.0,14.5,0.0,0.5,4.45,0.0,0.3,22.25,2.5
2.0,"2019-08-08 11:57:13.000000","2019-08-08 12:12:47.000000",1.0,2.66,1.0,N,143.0,234.0,1.0,12.5,0.0,0.5,3.95,0.0,0.3,19.75,2.5
2.0,"2019-08-08 12:44:03.000000","2019-08-08 13:05:46.000000",1.0,3.99,1.0,N,143.0,234.0,1.0,16.5,0.0,0.5,2.0,0.0,0.3,21.8,2.5
2.0,"2019-08-08 13:22:42.000000","2019-08-08 13:50:46.000000",1.0,2.46,1.0,N,143.0,234.0,1.0,17.5,0.0,0.5,4.16,0.0,0.3,24.96,2.5
2.0,"2019-08-08 16:47:20.000000","2019-08-08 17:10:22.000000",5.0,3.93,1.0,N,143.0,234.0,1.0,17.0,1.0,0.5,4.26,0.0,0.3,25.56,2.5
1.0,"2019-08-08 17:32:32.000000","2019-08-08 18:02:07.000000",1.0,2.8,1.0,N,143.0,234.0,1.0,19.5,3.5,0.5,4.75,0.0,0.3,28.55,2.5
1.0,"2019-08-08 18:54:09.000000","2019-08-08 19:20:13.000000",1.0,3.1,1.0,N,143.0,234.0,1.0,18.0,3.5,0.5,4.0,0.0,0.3,26.3,2.5
1.0,"2019-08-08 18:53:06.000000","2019-08-08 19:26:19.000000",2.0,4.5,1.0,Y,143.0,234.0,1.0,23.0,3.5,0.5,5.45,0.0,0.3,32.75,2.5
1.0,"2019-08-08 19:28:53.000000","2019-08-08 19:56:25.000000",2.0,3.7,1.0,N,143.0,234.0,2.0,19.0,3.5,0.5,0.0,0.0,0.3,23.3,2.5
2.0,"2019-08-08 19:50:26.000000","2019-08-08 20:13:59.000000",6.0,3.06,1.0,N,143.0,234.0,1.0,16.0,1.0,0.5,4.06,0.0,0.3,24.36,2.5
2.0,"2019-08-08 20:11:20.000000","2019-08-08 20:35:05.000000",1.0,3.45,1.0,N,143.0,234.0,1.0,17.0,0.5,0.5,3.0,0.0,0.3,23.8,2.5
1.0,"2019-08-08 22:35:05.000000","2019-08-08 22:45:04.000000",1.0,2.8,1.0,N,143.0,234.0,2.0,10.0,3.0,0.5,0.0,0.0,0.3,13.8,2.5
2.0,"2019-08-09 07:22:22.000000","2019-08-09 07:38:09.000000",1.0,3.37,1.0,N,143.0,234.0,1.0,13.5,0.0,0.5,2.52,0.0,0.3,19.32,2.5
2.0,"2019-08-09 07:03:33.000000","2019-08-09 07:20:15.000000",1.0,3.62,1.0,N,143.0,234.0,1.0,14.5,0.0,0.5,3.56,0.0,0.3,21.36,2.5
2.0,"2019-08-09 08:38:36.000000","2019-08-09 08:59:20.000000",2.0,3.87,1.0,N,143.0,234.0,1.0,16.0,0.0,0.5,4.82,0.0,0.3,24.12,2.5
2.0,"2019-08-09 11:13:34.000000","2019-08-09 11:33:24.000000",1.0,3.36,1.0,N,143.0,234.0,1.0,15.0,0.0,0.5,1.0,0.0,0.3,19.3,2.5
2.0,"2019-08-09 11:40:35.000000","2019-08-09 12:03:35.000000",1.0,3.62,1.0,N,143.0,234.0,1.0,17.0,0.0,0.5,6.09,0.0,0.3,26.39,2.5
1.0,"2019-08-09 12:21:37.000000","2019-08-09 12:49:20.000000",1.0,3.5,1.0,N,143.0,234.0,1.0,19.0,2.5,0.5,3.0,0.0,0.3,25.3,2.5
1.0,"2019-08-09 12:03:56.000000","2019-08-09 12:24:25.000000",1.0,3.2,1.0,N,143.0,234.0,1.0,15.5,2.5,0.5,3.0,0.0,0.3,21.8,2.5
1.0,"2019-08-09 12:21:20.000000","2019-08-09 12:46:56.000000",1.0,3.4,1.0,N,143.0,234.0,1.0,17.5,2.5,0.5,1.0,0.0,0.3,21.8,2.5
2.0,"2019-08-09 13:29:04.000000","2019-08-09 13:56:33.000000",4.0,4.22,1.0,N,143.0,234.0,1.0,19.5,0.0,0.5,4.56,0.0,0.3,27.36,2.5
1.0,"2019-08-09 13:37:03.000000","2019-08-09 14:01:26.000000",1.0,3.4,1.0,N,143.0,234.0,1.0,17.5,2.5,0.5,3.2,0.0,0.3,24.0,2.5
1.0,"2019-08-09 13:15:18.000000","2019-08-09 13:37:13.000000",1.0,2.8,1.0,N,143.0,234.0,2.0,15.0,2.5,0.5,0.0,0.0,0.3,18.3,2.5
1.0,"2019-08-09 15:09:06.000000","2019-08-09 15:34:10.000000",0.0,3.9,1.0,N,143.0,234.0,1.0,19.0,2.5,0.5,5.55,0.0,0.3,27.85,2.5
1.0,"2019-08-09 15:59:57.000000","2019-08-09 16:25:33.000000",1.0,3.0,1.0,N,143.0,234.0,1.0,17.0,2.5,0.5,4.0,0.0,0.3,24.3,2.5
2.0,"2019-08-09 18:38:57.000000","2019-08-09 18:55:56.000000",1.0,2.97,1.0,N,143.0,234.0,1.0,13.5,1.0,0.5,3.56,0.0,0.3,21.36,2.5
2.0,"2019-08-09 19:42:56.000000","2019-08-09 20:01:56.000000",1.0,2.94,1.0,N,143.0,234.0,1.0,13.5,1.0,0.5,0.89,0.0,0.3,18.69,2.5
1.0,"2019-08-09 19:08:47.000000","2019-08-09 19:27:27.000000",0.0,3.7,1.0,N,143.0,234.0,1.0,16.0,3.5,0.5,2.5,0.0,0.3,22.8,2.5
1.0,"2019-08-09 20:27:22.000000","2019-08-09 20:37:17.000000",2.0,2.7,1.0,N,143.0,234.0,1.0,10.5,3.0,0.5,2.7,0.0,0.3,17.0,2.5
2.0,"2019-08-09 21:31:00.000000","2019-08-09 21:49:51.000000",2.0,3.11,1.0,N,143.0,234.0,1.0,14.0,0.5,0.5,3.56,0.0,0.3,21.36,2.5
1.0,"2019-08-10 04:14:48.000000","2019-08-10 04:25:59.000000",1.0,3.2,1.0,N,143.0,234.0,2.0,12.0,3.0,0.5,0.0,0.0,0.3,15.8,2.5
2.0,"2019-08-10 07:06:33.000000","2019-08-10 07:20:32.000000",1.0,3.92,1.0,N,143.0,234.0,2.0,14.0,0.0,0.5,0.0,0.0,0.3,17.3,2.5
2.0,"2019-08-10 07:43:42.000000","2019-08-10 08:04:00.000000",1.0,4.15,1.0,N,143.0,234.0,1.0,17.5,0.0,0.5,5.2,0.0,0.3,26.0,2.5
2.0,"2019-08-10 09:45:59.000000","2019-08-11 09:08:31.000000",5.0,4.02,1.0,N,143.0,234.0,1.0,16.5,0.0,0.5,2.2,0.0,0.3,22.0,2.5
2.0,"2019-08-10 09:12:35.000000","2019-08-10 09:34:45.000000",1.0,3.37,1.0,N,143.0,234.0,1.0,16.0,0.0,0.5,3.86,0.0,0.3,23.16,2.5
1.0,"2019-08-10 10:20:49.000000","2019-08-10 10:44:20.000000",1.0,3.7,1.0,N,143.0,234.0,1.0,18.0,2.5,0.5,4.25,0.0,0.3,25.55,2.5
2.0,"2019-08-10 09:57:42.000000","2019-08-10 10:11:37.000000",6.0,2.79,1.0,N,143.0,234.0,1.0,11.5,0.0,0.5,2.5,0.0,0.3,17.3,2.5
2.0,"2019-08-10 11:49:58.000000","2019-08-10 12:08:28.000000",3.0,3.31,1.0,N,143.0,234.0,1.0,14.5,0.0,0.5,3.56,0.0,0.3,21.36,2.5
2.0,"2019-08-10 12:24:52.000000","2019-08-10 12:48:06.000000",1.0,3.64,1.0,N,143.0,234.0,1.0,16.5,0.0,0.5,0.99,0.0,0.3,20.79,2.5
2.0,"2019-08-10 12:03:18.000000","2019-08-10 12:23:47.000000",2.0,3.43,1.0,N,143.0,234.0,1.0,15.5,0.0,0.5,3.76,0.0,0.3,22.56,2.5
1.0,"2019-08-10 12:41:52.000000","2019-08-10 13:03:46.000000",1.0,3.4,1.0,N,143.0,234.0,1.0,16.5,2.5,0.5,5.9,0.0,0.3,25.7,2.5
2.0,"2019-08-10 12:28:47.000000","2019-08-10 12:54:46.000000",1.0,5.3,1.0,N,143.0,234.0,2.0,20.5,0.0,0.5,0.0,0.0,0.3,23.8,2.5
1.0,"2019-08-10 13:17:39.000000","2019-08-10 13:43:09.000000",1.0,4.0,1.0,N,143.0,234.0,1.0,18.5,2.5,0.5,4.35,0.0,0.3,26.15,2.5
2.0,"2019-08-10 14:49:53.000000","2019-08-10 15:15:11.000000",1.0,3.89,1.0,N,143.0,234.0,1.0,18.5,0.0,0.5,4.36,0.0,0.3,26.16,2.5
2.0,"2019-08-10 14:44:10.000000","2019-08-10 14:59:51.000000",2.0,2.99,1.0,N,143.0,234.0,1.0,12.5,0.0,0.5,3.16,0.0,0.3,18.96,2.5
2.0,"2019-08-10 16:24:39.000000","2019-08-10 16:41:45.000000",2.0,3.67,1.0,N,143.0,234.0,1.0,14.5,0.0,0.5,3.56,0.0,0.3,21.36,2.5
1.0,"2019-08-10 16:47:48.000000","2019-08-10 17:08:28.000000",2.0,4.1,1.0,N,143.0,234.0,2.0,17.0,2.5,0.5,0.0,0.0,0.3,20.3,2.5
1.0,"2019-08-10 17:07:31.000000","2019-08-10 17:21:44.000000",2.0,3.2,1.0,N,143.0,234.0,1.0,12.5,2.5,0.5,3.15,0.0,0.3,18.95,2.5
2.0,"2019-08-10 17:32:21.000000","2019-08-10 17:50:36.000000",1.0,3.93,1.0,N,143.0,234.0,1.0,15.5,0.0,0.5,4.7,0.0,0.3,23.5,2.5
1.0,"2019-08-10 18:11:43.000000","2019-08-10 18:27:36.000000",0.0,3.3,1.0,N,143.0,234.0,1.0,13.5,2.5,0.5,2.0,0.0,0.3,18.8,2.5
1.0,"2019-08-10 19:26:15.000000","2019-08-10 19:46:26.000000",1.0,3.6,1.0,N,143.0,234.0,1.0,16.0,2.5,0.5,3.85,0.0,0.3,23.15,2.5
2.0,"2019-08-10 21:49:38.000000","2019-08-10 22:04:04.000000",1.0,3.65,1.0,N,143.0,234.0,1.0,13.5,0.5,0.5,3.46,0.0,0.3,20.76,2.5
2.0,"2019-08-10 22:49:41.000000","2019-08-10 23:05:57.000000",1.0,2.99,1.0,N,143.0,234.0,2.0,13.0,0.5,0.5,0.0,0.0,0.3,16.8,2.5
2.0,"2019-08-11 10:51:05.000000","2019-08-11 11:04:20.000000",1.0,3.09,1.0,N,143.0,234.0,1.0,12.5,0.0,0.5,3.16,0.0,0.3,18.96,2.5
1.0,"2019-08-11 10:45:13.000000","2019-08-11 10:56:07.000000",1.0,2.7,1.0,N,143.0,234.0,1.0,11.0,2.5,0.5,2.15,0.0,0.3,16.45,2.5
2.0,"2019-08-11 13:20:37.000000","2019-08-11 13:37:52.000000",1.0,3.72,1.0,N,143.0,234.0,2.0,14.5,0.0,0.5,0.0,0.0,0.3,17.8,2.5
2.0,"2019-08-11 13:22:46.000000","2019-08-11 13:51:13.000000",2.0,4.0,1.0,N,143.0,234.0,1.0,20.0,0.0,0.5,3.5,0.0,0.3,26.8,2.5
2.0,"2019-08-11 15:08:11.000000","2019-08-11 15:24:32.000000",2.0,3.5,1.0,N,143.0,234.0,2.0,14.0,0.0,0.5,0.0,0.0,0.3,17.3,2.5
2.0,"2019-08-11 18:00:03.000000","2019-08-11 18:28:57.000000",1.0,4.85,1.0,N,143.0,234.0,2.0,21.0,0.0,0.5,0.0,0.0,0.3,24.3,2.5
2.0,"2019-08-11 19:20:32.000000","2019-08-11 19:39:23.000000",1.0,3.15,1.0,N,143.0,234.0,1.0,14.5,0.0,0.5,3.56,0.0,0.3,21.36,2.5
1.0,"2019-08-11 20:41:31.000000","2019-08-11 20:58:49.000000",1.0,3.3,1.0,Y,143.0,234.0,1.0,14.0,3.0,0.5,3.55,0.0,0.3,21.35,2.5
2.0,"2019-08-11 21:00:32.000000","2019-08-11 21:16:22.000000",1.0,3.95,1.0,N,143.0,234.0,1.0,14.5,0.5,0.5,0.0,0.0,0.3,18.3,2.5
1.0,"2019-08-12 06:52:48.000000","2019-08-12 07:07:25.000000",1.0,3.3,1.0,N,143.0,234.0,1.0,13.5,2.5,0.5,3.36,0.0,0.3,20.16,2.5
1.0,"2019-08-12 07:01:06.000000","2019-08-12 07:22:17.000000",0.0,3.5,1.0,N,143.0,234.0,1.0,16.5,2.5,0.5,3.95,0.0,0.3,23.75,2.5
2.0,"2019-08-12 08:54:37.000000","2019-08-12 09:21:28.000000",1.0,3.74,1.0,N,143.0,234.0,1.0,18.5,0.0,0.5,5.45,0.0,0.3,27.25,2.5
2.0,"2019-08-12 11:28:57.000000","2019-08-12 11:46:33.000000",1.0,3.28,1.0,N,143.0,234.0,1.0,14.5,0.0,0.5,1.5,0.0,0.3,19.3,2.5
1.0,"2019-08-12 13:44:04.000000","2019-08-12 14:05:13.000000",1.0,2.9,1.0,N,143.0,234.0,2.0,14.5,2.5,0.5,0.0,0.0,0.3,17.8,2.5
2.0,"2019-08-12 13:37:09.000000","2019-08-12 14:00:40.000000",1.0,3.48,1.0,N,143.0,234.0,1.0,17.0,0.0,0.5,1.88,0.0,0.3,22.18,2.5
2.0,"2019-08-12 14:17:11.000000","2019-08-12 14:35:50.000000",1.0,3.03,1.0,N,143.0,234.0,1.0,14.5,0.0,0.5,3.56,0.0,0.3,21.36,2.5
2.0,"2019-08-12 18:03:25.000000","2019-08-12 18:22:21.000000",1.0,2.97,1.0,N,143.0,234.0,1.0,14.5,1.0,0.5,1.88,0.0,0.3,20.68,2.5
2.0,"2019-08-12 18:26:33.000000","2019-08-12 18:52:26.000000",1.0,3.75,1.0,N,143.0,234.0,1.0,18.5,1.0,0.5,5.7,0.0,0.3,28.5,2.5
2.0,"2019-08-12 19:37:05.000000","2019-08-12 19:52:02.000000",2.0,3.26,1.0,N,143.0,234.0,1.0,13.5,1.0,0.5,3.56,0.0,0.3,21.36,2.5
1.0,"2019-08-12 20:08:02.000000","2019-08-12 20:20:05.000000",2.0,2.6,1.0,N,143.0,234.0,1.0,11.0,3.0,0.5,2.95,0.0,0.3,17.75,2.5
2.0,"2019-08-12 20:56:08.000000","2019-08-12 21:06:53.000000",1.0,3.29,1.0,N,143.0,234.0,1.0,11.5,0.5,0.5,3.06,0.0,0.3,18.36,2.5
2.0,"2019-08-12 22:06:51.000000","2019-08-12 22:23:47.000000",2.0,3.47,1.0,N,143.0,234.0,2.0,14.0,0.5,0.5,0.0,0.0,0.3,17.8,2.5
1.0,"2019-08-13 06:49:24.000000","2019-08-13 07:00:22.000000",1.0,2.7,1.0,N,143.0,234.0,1.0,11.0,2.5,0.5,3.55,0.0,0.3,17.85,2.5
2.0,"2019-08-13 06:26:00.000000","2019-08-13 06:36:27.000000",3.0,2.92,1.0,N,143.0,234.0,2.0,11.0,0.0,0.5,0.0,0.0,0.3,14.3,2.5
2.0,"2019-08-13 07:39:30.000000","2019-08-13 08:01:29.000000",6.0,3.44,1.0,N,143.0,234.0,1.0,15.5,0.0,0.5,3.76,0.0,0.3,24.51,2.5
1.0,"2019-08-13 07:10:35.000000","2019-08-13 07:27:26.000000",1.0,3.3,1.0,N,143.0,234.0,1.0,14.0,2.5,0.5,3.0,0.0,0.3,20.3,2.5
2.0,"2019-08-13 07:03:08.000000","2019-08-13 07:19:09.000000",2.0,3.44,1.0,N,143.0,234.0,1.0,14.0,0.0,0.5,3.46,0.0,0.3,20.76,2.5
2.0,"2019-08-13 07:08:07.000000","2019-08-13 07:25:46.000000",1.0,3.57,1.0,N,143.0,234.0,1.0,15.0,0.0,0.5,3.66,0.0,0.3,21.96,2.5
1.0,"2019-08-13 08:13:46.000000","2019-08-13 08:32:31.000000",1.0,3.4,1.0,N,143.0,234.0,1.0,14.5,2.5,0.5,2.0,0.0,0.3,19.8,2.5
1.0,"2019-08-13 08:44:07.000000","2019-08-13 09:21:00.000000",1.0,3.6,1.0,N,143.0,234.0,1.0,23.0,2.5,0.5,6.55,0.0,0.3,32.85,2.5
1.0,"2019-08-13 08:24:49.000000","2019-08-13 08:49:26.000000",1.0,2.8,1.0,N,143.0,234.0,1.0,16.0,2.5,0.5,3.85,0.0,0.3,23.15,2.5
1.0,"2019-08-13 08:07:42.000000","2019-08-13 08:22:41.000000",1.0,3.2,1.0,N,143.0,234.0,1.0,13.0,2.5,0.5,2.5,0.0,0.3,18.8,2.5
2.0,"2019-08-13 08:40:14.000000","2019-08-13 09:07:28.000000",1.0,3.5,1.0,N,143.0,234.0,1.0,18.5,0.0,0.5,5.45,0.0,0.3,27.25,2.5
2.0,"2019-08-13 09:24:45.000000","2019-08-13 09:48:46.000000",1.0,3.32,1.0,N,143.0,234.0,1.0,16.5,0.0,0.5,3.96,0.0,0.3,23.76,2.5
1.0,"2019-08-13 09:46:27.000000","2019-08-13 10:17:22.000000",1.0,3.3,1.0,N,143.0,234.0,2.0,20.0,2.5,0.5,0.0,0.0,0.3,23.3,2.5
2.0,"2019-08-13 09:33:36.000000","2019-08-13 09:51:25.000000",1.0,3.27,1.0,N,143.0,234.0,1.0,14.0,0.0,0.5,1.5,0.0,0.3,18.8,2.5
2.0,"2019-08-13 10:02:40.000000","2019-08-13 10:24:37.000000",5.0,2.64,1.0,N,143.0,234.0,1.0,15.0,0.0,0.5,3.66,0.0,0.3,21.96,2.5
1.0,"2019-08-13 11:08:24.000000","2019-08-13 11:36:47.000000",1.0,3.4,1.0,N,143.0,234.0,1.0,18.5,2.5,0.5,5.45,0.0,0.3,27.25,2.5
2.0,"2019-08-13 12:51:01.000000","2019-08-13 13:05:46.000000",5.0,3.02,1.0,N,143.0,234.0,1.0,12.5,0.0,0.5,3.16,0.0,0.3,18.96,2.5
2.0,"2019-08-13 14:03:22.000000","2019-08-13 14:22:30.000000",2.0,3.23,1.0,N,143.0,234.0,1.0,14.0,0.0,0.5,3.46,0.0,0.3,20.76,2.5
2.0,"2019-08-13 17:28:15.000000","2019-08-13 17:47:51.000000",1.0,3.81,1.0,N,143.0,234.0,1.0,15.5,1.0,0.5,3.96,0.0,0.3,23.76,2.5
2.0,"2019-08-13 18:30:06.000000","2019-08-13 18:50:21.000000",1.0,3.66,1.0,N,143.0,234.0,1.0,16.0,1.0,0.5,1.0,0.0,0.3,21.3,2.5
2.0,"2019-08-13 20:38:55.000000","2019-08-13 20:54:48.000000",2.0,3.72,1.0,N,143.0,234.0,1.0,14.0,0.5,0.5,4.45,0.0,0.3,22.25,2.5
1.0,"2019-08-14 05:55:15.000000","2019-08-14 06:05:02.000000",1.0,2.9,1.0,N,143.0,234.0,1.0,11.0,2.5,0.5,1.5,0.0,0.3,15.8,2.5
2.0,"2019-08-14 06:31:32.000000","2019-08-14 06:44:56.000000",2.0,3.63,1.0,N,143.0,234.0,1.0,13.5,0.0,0.5,3.36,0.0,0.3,20.16,2.5
2.0,"2019-08-14 07:08:37.000000","2019-08-14 07:25:16.000000",1.0,3.31,1.0,N,143.0,234.0,1.0,14.0,0.0,0.5,3.46,0.0,0.3,20.76,2.5
1.0,"2019-08-14 07:02:37.000000","2019-08-14 07:20:01.000000",1.0,3.4,1.0,N,143.0,234.0,1.0,14.5,2.5,0.5,3.55,0.0,0.3,21.35,2.5
1.0,"2019-08-14 08:51:08.000000","2019-08-14 09:14:54.000000",1.0,3.3,1.0,N,143.0,234.0,1.0,16.5,2.5,0.5,3.0,0.0,0.3,22.8,2.5
2.0,"2019-08-14 08:25:44.000000","2019-08-14 08:48:37.000000",1.0,3.77,1.0,N,143.0,234.0,1.0,16.5,0.0,0.5,3.96,0.0,0.3,23.76,2.5
2.0,"2019-08-14 08:08:32.000000","2019-08-14 08:29:37.000000",1.0,3.65,1.0,N,143.0,234.0,1.0,16.0,0.0,0.5,2.9,0.0,0.3,22.2,2.5
2.0,"2019-08-14 08:49:04.000000","2019-08-14 09:17:23.000000",2.0,2.91,1.0,N,143.0,234.0,1.0,18.0,0.0,0.5,4.26,0.0,0.3,25.56,2.5
2.0,"2019-08-14 08:58:18.000000","2019-08-14 09:22:34.000000",1.0,3.64,1.0,N,143.0,234.0,1.0,18.0,0.0,0.5,2.0,0.0,0.3,23.3,2.5
1.0,"2019-08-14 09:10:41.000000","2019-08-14 09:31:19.000000",1.0,3.4,1.0,N,143.0,234.0,1.0,15.5,2.5,0.5,3.75,0.0,0.3,22.55,2.5
2.0,"2019-08-14 09:05:08.000000","2019-08-14 09:22:49.000000",1.0,2.84,1.0,N,143.0,234.0,2.0,13.5,0.0,0.5,0.0,0.0,0.3,16.8,2.5
2.0,"2019-08-14 09:34:54.000000","2019-08-14 10:01:43.000000",1.0,2.77,1.0,N,143.0,234.0,1.0,17.5,0.0,0.5,2.2,0.0,0.3,23.0,2.5
1.0,"2019-08-14 11:45:55.000000","2019-08-14 12:09:25.000000",1.0,3.7,1.0,N,143.0,234.0,1.0,17.0,2.5,0.5,1.5,0.0,0.3,21.8,2.5
2.0,"2019-08-14 11:54:47.000000","2019-08-14 12:13:07.000000",1.0,3.69,1.0,N,143.0,234.0,1.0,15.0,0.0,0.5,1.5,0.0,0.3,19.8,2.5
1.0,"2019-08-14 12:59:25.000000","2019-08-14 13:14:16.000000",1.0,3.1,1.0,N,143.0,234.0,1.0,13.0,2.5,0.5,2.5,0.0,0.3,18.8,2.5
2.0,"2019-08-14 13:14:34.000000","2019-08-14 13:47:03.000000",1.0,4.11,1.0,N,143.0,234.0,1.0,21.0,0.0,0.5,4.86,0.0,0.3,29.16,2.5
1.0,"2019-08-14 14:04:04.000000","2019-08-14 14:32:20.000000",1.0,2.8,1.0,N,143.0,234.0,1.0,19.0,2.5,0.5,3.35,0.0,0.3,25.65,2.5
2.0,"2019-08-14 17:40:48.000000","2019-08-14 18:04:59.000000",5.0,3.24,1.0,N,143.0,234.0,1.0,17.0,1.0,0.5,5.32,0.0,0.3,26.62,2.5
2.0,"2019-08-14 18:26:28.000000","2019-08-14 18:47:07.000000",1.0,3.32,1.0,N,143.0,234.0,1.0,15.0,1.0,0.5,3.86,0.0,0.3,23.16,2.5
2.0,"2019-08-14 18:13:52.000000","2019-08-14 18:38:26.000000",1.0,3.37,1.0,N,143.0,234.0,1.0,17.0,1.0,0.5,3.83,0.0,0.3,25.13,2.5
2.0,"2019-08-14 19:55:23.000000","2019-08-14 20:08:32.000000",1.0,3.24,1.0,N,143.0,234.0,1.0,12.5,1.0,0.5,5.04,0.0,0.3,21.84,2.5
2.0,"2019-08-14 19:11:16.000000","2019-08-14 19:39:44.000000",1.0,3.42,1.0,N,143.0,234.0,1.0,18.5,1.0,0.5,1.5,0.0,0.3,24.3,2.5
2.0,"2019-08-14 21:01:35.000000","2019-08-14 21:23:08.000000",1.0,2.94,1.0,N,143.0,234.0,1.0,15.0,0.5,0.5,2.82,0.0,0.3,21.62,2.5
2.0,"2019-08-14 22:06:43.000000","2019-08-14 22:21:54.000000",1.0,3.53,1.0,N,143.0,234.0,1.0,13.5,0.5,0.5,3.46,0.0,0.3,20.76,2.5
2.0,"2019-08-14 23:10:44.000000","2019-08-14 23:26:24.000000",1.0,3.17,1.0,N,143.0,234.0,1.0,14.0,0.5,0.5,3.56,0.0,0.3,21.36,2.5
2.0,"2019-08-15 03:36:50.000000","2019-08-15 03:54:23.000000",6.0,3.91,1.0,N,143.0,234.0,1.0,15.5,0.5,0.5,3.86,0.0,0.3,23.16,2.5
1.0,"2019-08-15 05:39:57.000000","2019-08-15 05:51:57.000000",1.0,3.2,1.0,N,143.0,234.0,1.0,12.0,3.0,0.5,2.5,0.0,0.3,18.3,2.5
2.0,"2019-08-15 07:00:03.000000","2019-08-15 07:12:39.000000",5.0,3.56,1.0,N,143.0,234.0,1.0,12.5,0.0,0.5,3.16,0.0,0.3,18.96,2.5
2.0,"2019-08-15 07:04:12.000000","2019-08-15 07:19:57.000000",1.0,3.57,1.0,N,143.0,234.0,1.0,14.0,0.0,0.5,3.46,0.0,0.3,20.76,2.5
2.0,"2019-08-15 08:13:56.000000","2019-08-15 08:29:56.000000",1.0,3.08,1.0,N,143.0,234.0,1.0,13.0,0.0,0.5,3.26,0.0,0.3,19.56,2.5
1.0,"2019-08-15 08:52:02.000000","2019-08-15 09:15:09.000000",1.0,3.7,1.0,N,143.0,234.0,1.0,16.5,2.5,0.5,4.95,0.0,0.3,24.75,2.5
1.0,"2019-08-15 08:55:56.000000","2019-08-15 09:14:53.000000",1.0,3.0,1.0,N,143.0,234.0,1.0,14.5,2.5,0.5,4.45,0.0,0.3,22.25,2.5
2.0,"2019-08-15 09:45:05.000000","2019-08-15 10:08:18.000000",1.0,3.81,1.0,N,143.0,234.0,1.0,17.0,0.0,0.5,2.0,0.0,0.3,22.3,2.5
2.0,"2019-08-15 09:39:12.000000","2019-08-15 09:59:26.000000",1.0,3.32,1.0,N,143.0,234.0,1.0,14.5,0.0,0.5,2.5,0.0,0.3,20.3,2.5
2.0,"2019-08-15 10:54:07.000000","2019-08-15 11:16:13.000000",1.0,3.84,1.0,N,143.0,234.0,1.0,17.0,0.0,0.5,4.06,0.0,0.3,24.36,2.5
1.0,"2019-08-15 11:29:13.000000","2019-08-15 11:55:13.000000",1.0,3.7,1.0,N,143.0,234.0,1.0,18.0,2.5,0.5,3.2,0.0,0.3,24.5,2.5
2.0,"2019-08-15 11:22:48.000000","2019-08-15 11:53:51.000000",1.0,2.89,1.0,N,143.0,234.0,1.0,19.5,0.0,0.5,3.0,0.0,0.3,25.8,2.5
1.0,"2019-08-15 11:23:00.000000","2019-08-15 11:45:34.000000",1.0,3.4,1.0,N,143.0,234.0,1.0,16.5,2.5,0.5,1.0,0.0,0.3,20.8,2.5
2.0,"2019-08-15 11:46:21.000000","2019-08-15 12:07:09.000000",2.0,3.31,1.0,N,143.0,234.0,1.0,15.5,0.0,0.5,3.76,0.0,0.3,22.56,2.5
2.0,"2019-08-15 11:29:01.000000","2019-08-15 11:51:13.000000",1.0,3.89,1.0,N,143.0,234.0,1.0,16.5,0.0,0.5,2.0,0.0,0.3,21.8,2.5
2.0,"2019-08-15 12:27:57.000000","2019-08-15 12:48:29.000000",1.0,3.07,1.0,N,143.0,234.0,1.0,15.0,0.0,0.5,3.66,0.0,0.3,21.96,2.5
2.0,"2019-08-15 12:04:11.000000","2019-08-15 12:27:06.000000",1.0,3.29,1.0,N,143.0,234.0,1.0,16.5,0.0,0.5,1.5,0.0,0.3,21.3,2.5
1.0,"2019-08-15 14:35:41.000000","2019-08-15 14:49:08.000000",1.0,2.9,1.0,N,143.0,234.0,2.0,12.0,2.5,0.5,0.0,0.0,0.3,15.3,2.5
2.0,"2019-08-15 14:21:41.000000","2019-08-15 14:38:28.000000",1.0,2.84,1.0,N,143.0,234.0,1.0,13.0,0.0,0.5,3.26,0.0,0.3,19.56,2.5
2.0,"2019-08-15 17:21:57.000000","2019-08-15 17:42:42.000000",2.0,2.95,1.0,N,143.0,234.0,1.0,15.0,1.0,0.5,3.86,0.0,0.3,23.16,2.5
1.0,"2019-08-15 17:54:54.000000","2019-08-15 18:14:08.000000",1.0,3.4,1.0,N,143.0,234.0,1.0,15.5,3.5,0.5,3.95,0.0,0.3,23.75,2.5
1.0,"2019-08-15 18:57:58.000000","2019-08-15 19:14:48.000000",1.0,2.6,1.0,N,143.0,234.0,1.0,12.5,3.5,0.5,3.35,0.0,0.3,20.15,2.5
2.0,"2019-08-15 18:13:08.000000","2019-08-15 18:27:34.000000",1.0,2.48,1.0,N,143.0,234.0,1.0,11.5,1.0,0.5,2.0,0.0,0.3,17.8,2.5
1.0,"2019-08-15 19:23:21.000000","2019-08-15 19:40:31.000000",1.0,3.3,1.0,N,143.0,234.0,1.0,14.0,3.5,0.5,3.65,0.0,0.3,21.95,2.5
2.0,"2019-08-15 19:06:29.000000","2019-08-15 19:29:26.000000",1.0,4.05,1.0,N,143.0,234.0,1.0,17.5,1.0,0.5,4.36,0.0,0.3,26.16,2.5
2.0,"2019-08-15 20:53:52.000000","2019-08-15 21:15:43.000000",1.0,3.72,1.0,N,143.0,234.0,1.0,16.5,0.5,0.5,4.06,0.0,0.3,26.31,2.5
2.0,"2019-08-15 21:34:03.000000","2019-08-15 21:50:46.000000",1.0,3.96,1.0,N,143.0,234.0,1.0,15.0,0.5,0.5,0.0,0.0,0.3,18.8,2.5
2.0,"2019-08-15 23:53:55.000000","2019-08-16 00:08:47.000000",1.0,3.32,1.0,N,143.0,234.0,1.0,13.0,0.5,0.5,3.36,0.0,0.3,20.16,2.5
1.0,"2019-08-16 00:36:01.000000","2019-08-16 00:46:38.000000",1.0,2.9,1.0,N,143.0,234.0,1.0,11.0,3.0,0.5,3.7,0.0,0.3,18.5,2.5
1.0,"2019-08-16 06:31:13.000000","2019-08-16 06:45:30.000000",1.0,3.1,1.0,N,143.0,234.0,2.0,12.5,2.5,0.5,0.0,0.0,0.3,15.8,2.5
2.0,"2019-08-16 06:14:51.000000","2019-08-16 06:29:11.000000",3.0,3.28,1.0,N,143.0,234.0,1.0,13.0,0.0,0.5,2.2,0.0,0.3,18.5,2.5
2.0,"2019-08-16 08:16:55.000000","2019-08-16 08:35:46.000000",2.0,3.31,1.0,N,143.0,234.0,1.0,14.5,0.0,0.5,3.0,0.0,0.3,20.8,2.5
2.0,"2019-08-16 08:19:28.000000","2019-08-16 08:40:13.000000",5.0,3.02,1.0,N,143.0,234.0,2.0,15.0,0.0,0.5,0.0,0.0,0.3,18.3,2.5
1.0,"2019-08-16 08:22:17.000000","2019-08-16 08:44:34.000000",1.0,3.4,1.0,N,143.0,234.0,1.0,16.5,2.5,0.5,1.98,0.0,0.3,21.78,2.5
2.0,"2019-08-16 08:17:53.000000","2019-08-16 08:30:43.000000",1.0,3.03,1.0,N,143.0,234.0,1.0,12.0,0.0,0.5,3.06,0.0,0.3,18.36,2.5
1.0,"2019-08-16 08:22:46.000000","2019-08-16 08:40:00.000000",1.0,3.2,1.0,N,143.0,234.0,1.0,13.5,2.5,0.5,3.35,0.0,0.3,20.15,2.5
2.0,"2019-08-16 09:27:31.000000","2019-08-16 09:50:17.000000",1.0,3.54,1.0,N,143.0,234.0,2.0,17.0,0.0,0.5,0.0,0.0,0.3,20.3,2.5
1.0,"2019-08-16 09:52:26.000000","2019-08-16 10:33:53.000000",2.0,3.7,1.0,N,143.0,234.0,2.0,25.5,2.5,0.5,0.0,0.0,0.3,28.8,2.5
1.0,"2019-08-16 09:49:59.000000","2019-08-16 10:16:49.000000",0.0,3.5,1.0,N,143.0,234.0,1.0,18.5,2.5,0.5,3.27,0.0,0.3,25.07,2.5
1.0,"2019-08-16 10:38:21.000000","2019-08-16 11:06:06.000000",1.0,3.3,1.0,N,143.0,234.0,2.0,18.5,2.5,0.5,0.0,0.0,0.3,21.8,2.5
1.0,"2019-08-16 11:59:38.000000","2019-08-16 12:25:58.000000",1.0,3.7,1.0,N,143.0,234.0,1.0,19.0,2.5,0.5,4.46,0.0,0.3,26.76,2.5
2.0,"2019-08-16 12:27:36.000000","2019-08-16 12:45:34.000000",2.0,3.37,1.0,N,143.0,234.0,1.0,14.5,0.0,0.5,3.56,0.0,0.3,21.36,2.5
2.0,"2019-08-16 12:53:27.000000","2019-08-16 13:09:48.000000",1.0,3.09,1.0,N,143.0,234.0,1.0,14.0,0.0,0.5,1.5,0.0,0.3,18.8,2.5
2.0,"2019-08-16 13:50:06.000000","2019-08-16 14:09:07.000000",1.0,2.66,1.0,N,143.0,234.0,2.0,13.5,0.0,0.5,0.0,0.0,0.3,16.8,2.5
2.0,"2019-08-16 13:45:17.000000","2019-08-16 14:02:35.000000",3.0,3.56,1.0,N,143.0,234.0,1.0,14.5,0.0,0.5,3.56,0.0,0.3,21.36,2.5
1.0,"2019-08-16 14:08:23.000000","2019-08-16 14:26:57.000000",1.0,3.0,1.0,N,143.0,234.0,1.0,14.0,2.5,0.5,2.0,0.0,0.3,19.3,2.5
2.0,"2019-08-16 14:51:34.000000","2019-08-16 15:17:21.000000",2.0,3.46,1.0,N,143.0,234.0,1.0,17.5,0.0,0.5,4.16,0.0,0.3,24.96,2.5
2.0,"2019-08-16 15:57:31.000000","2019-08-16 16:17:10.000000",1.0,2.9,1.0,N,143.0,234.0,2.0,14.5,0.0,0.5,0.0,0.0,0.3,17.8,2.5
2.0,"2019-08-16 17:40:57.000000","2019-08-16 18:11:58.000000",2.0,3.22,1.0,N,143.0,234.0,1.0,20.5,1.0,0.5,4.96,0.0,0.3,29.76,2.5
2.0,"2019-08-16 19:41:52.000000","2019-08-16 19:58:13.000000",1.0,3.48,1.0,N,143.0,234.0,1.0,14.0,1.0,0.5,3.66,0.0,0.3,21.96,2.5
1.0,"2019-08-16 21:21:44.000000","2019-08-16 21:41:52.000000",1.0,3.7,1.0,N,143.0,234.0,1.0,16.0,3.0,0.5,0.0,0.0,0.3,19.8,2.5
2.0,"2019-08-16 23:16:07.000000","2019-08-16 23:35:34.000000",1.0,3.19,1.0,N,143.0,234.0,2.0,14.5,0.5,0.5,0.0,0.0,0.3,18.3,2.5
2.0,"2019-08-16 23:05:47.000000","2019-08-16 23:24:47.000000",4.0,3.84,1.0,N,143.0,234.0,2.0,16.0,0.5,0.5,0.0,0.0,0.3,19.8,2.5
2.0,"2019-08-16 23:32:02.000000","2019-08-16 23:56:24.000000",5.0,3.3,1.0,N,143.0,234.0,1.0,17.0,0.5,0.5,4.16,0.0,0.3,24.96,2.5
1.0,"2019-08-17 00:05:41.000000","2019-08-17 00:21:56.000000",2.0,3.6,1.0,N,143.0,234.0,1.0,14.0,3.0,0.5,3.55,0.0,0.3,21.35,2.5
2.0,"2019-08-17 00:36:24.000000","2019-08-17 00:52:07.000000",1.0,3.32,1.0,N,143.0,234.0,1.0,13.5,0.5,0.5,0.0,0.0,0.3,17.3,2.5
2.0,"2019-08-17 05:21:58.000000","2019-08-17 05:32:31.000000",1.0,2.85,1.0,N,143.0,234.0,1.0,11.5,0.5,0.5,3.06,0.0,0.3,18.36,2.5
2.0,"2019-08-17 06:49:56.000000","2019-08-17 07:00:15.000000",1.0,2.99,1.0,N,143.0,234.0,1.0,11.5,0.0,0.5,2.96,0.0,0.3,17.76,2.5
1.0,"2019-08-17 07:05:13.000000","2019-08-17 07:22:29.000000",1.0,4.1,1.0,N,143.0,234.0,2.0,15.5,2.5,0.5,0.0,0.0,0.3,18.8,2.5
2.0,"2019-08-17 07:44:36.000000","2019-08-17 08:00:52.000000",2.0,3.89,1.0,N,143.0,234.0,1.0,15.0,0.0,0.5,4.58,0.0,0.3,22.88,2.5
2.0,"2019-08-17 07:28:15.000000","2019-08-17 07:38:29.000000",5.0,3.61,1.0,N,143.0,234.0,1.0,12.0,0.0,0.5,3.82,0.0,0.3,19.12,2.5
2.0,"2019-08-17 08:04:43.000000","2019-08-17 08:14:41.000000",1.0,2.81,1.0,N,143.0,234.0,1.0,11.0,0.0,0.5,2.14,0.0,0.3,16.44,2.5
2.0,"2019-08-17 08:58:49.000000","2019-08-17 09:11:29.000000",1.0,3.43,1.0,N,143.0,234.0,1.0,13.0,0.0,0.5,1.7,0.0,0.3,18.0,2.5
1.0,"2019-08-17 08:12:00.000000","2019-08-17 08:23:34.000000",2.0,3.3,1.0,N,143.0,234.0,1.0,12.0,2.5,0.5,4.55,0.0,0.3,19.85,2.5
2.0,"2019-08-17 08:53:43.000000","2019-08-17 09:08:12.000000",1.0,2.98,1.0,N,143.0,234.0,1.0,12.5,0.0,0.5,3.95,0.0,0.3,19.75,2.5
1.0,"2019-08-17 09:45:57.000000","2019-08-17 10:02:47.000000",1.0,3.3,1.0,N,143.0,234.0,1.0,14.0,2.5,0.5,2.0,0.0,0.3,19.3,2.5
2.0,"2019-08-17 09:00:27.000000","2019-08-17 09:15:25.000000",1.0,3.11,1.0,N,143.0,234.0,1.0,13.0,0.0,0.5,3.26,0.0,0.3,19.56,2.5
2.0,"2019-08-17 10:38:11.000000","2019-08-17 10:56:25.000000",1.0,2.9,1.0,N,143.0,234.0,1.0,13.5,0.0,0.5,3.36,0.0,0.3,20.16,2.5
2.0,"2019-08-17 10:57:32.000000","2019-08-17 11:10:33.000000",5.0,2.43,1.0,N,143.0,234.0,1.0,11.0,0.0,0.5,2.86,0.0,0.3,17.16,2.5
1.0,"2019-08-17 10:15:51.000000","2019-08-17 10:35:47.000000",1.0,3.4,1.0,N,143.0,234.0,1.0,15.5,2.5,0.5,4.7,0.0,0.3,23.5,2.5
1.0,"2019-08-17 10:02:01.000000","2019-08-17 10:22:10.000000",1.0,3.0,1.0,N,143.0,234.0,2.0,15.0,2.5,0.5,0.0,0.0,0.3,18.3,2.5
2.0,"2019-08-17 10:41:33.000000","2019-08-17 11:02:52.000000",1.0,3.28,1.0,N,143.0,234.0,1.0,16.0,0.0,0.5,1.03,0.0,0.3,20.33,2.5
2.0,"2019-08-17 10:28:29.000000","2019-08-17 10:53:31.000000",1.0,3.36,1.0,N,143.0,234.0,1.0,18.0,0.0,0.5,4.0,0.0,0.3,25.3,2.5
1.0,"2019-08-17 11:15:00.000000","2019-08-17 11:32:12.000000",1.0,3.4,1.0,N,143.0,234.0,1.0,14.0,2.5,0.5,3.45,0.0,0.3,20.75,2.5
2.0,"2019-08-17 11:41:15.000000","2019-08-17 12:04:16.000000",1.0,3.95,1.0,N,143.0,234.0,1.0,17.0,0.0,0.5,4.06,0.0,0.3,24.36,2.5
2.0,"2019-08-17 11:02:12.000000","2019-08-17 11:18:18.000000",2.0,3.31,1.0,N,143.0,234.0,1.0,13.5,0.0,0.5,5.04,0.0,0.3,21.84,2.5
2.0,"2019-08-17 11:47:10.000000","2019-08-17 12:07:05.000000",1.0,3.94,1.0,N,143.0,234.0,1.0,16.5,0.0,0.5,1.98,0.0,0.3,21.78,2.5
2.0,"2019-08-17 11:39:15.000000","2019-08-17 11:52:58.000000",1.0,3.02,1.0,N,143.0,234.0,1.0,12.5,0.0,0.5,3.16,0.0,0.3,18.96,2.5
1.0,"2019-08-17 11:22:24.000000","2019-08-17 11:44:18.000000",4.0,3.1,1.0,N,143.0,234.0,1.0,15.5,2.5,0.5,2.0,0.0,0.3,20.8,2.5
1.0,"2019-08-17 11:40:42.000000","2019-08-17 11:59:30.000000",1.0,3.7,1.0,N,143.0,234.0,1.0,15.0,2.5,0.5,1.0,0.0,0.3,19.3,2.5
2.0,"2019-08-17 12:00:08.000000","2019-08-17 12:15:56.000000",2.0,3.29,1.0,N,143.0,234.0,1.0,13.5,0.0,0.5,2.52,0.0,0.3,19.32,2.5
2.0,"2019-08-17 12:25:11.000000","2019-08-17 12:45:43.000000",3.0,2.88,1.0,N,143.0,234.0,1.0,15.0,0.0,0.5,2.74,0.0,0.3,21.04,2.5
2.0,"2019-08-17 12:13:30.000000","2019-08-17 12:31:57.000000",1.0,3.48,1.0,N,143.0,234.0,2.0,14.5,0.0,0.5,0.0,0.0,0.3,17.8,2.5
1.0,"2019-08-17 12:56:37.000000","2019-08-17 13:08:05.000000",1.0,3.1,1.0,N,143.0,234.0,1.0,12.0,2.5,0.5,1.0,0.0,0.3,16.3,2.5
2.0,"2019-08-17 13:59:55.000000","2019-08-17 14:17:28.000000",1.0,3.32,1.0,N,143.0,234.0,1.0,14.0,0.0,0.5,3.46,0.0,0.3,20.76,2.5
2.0,"2019-08-17 13:53:22.000000","2019-08-17 14:17:20.000000",1.0,3.93,1.0,N,143.0,234.0,1.0,17.5,0.0,0.5,3.5,0.0,0.3,24.3,2.5
1.0,"2019-08-17 13:18:38.000000","2019-08-17 13:35:28.000000",1.0,3.3,1.0,N,143.0,234.0,1.0,14.0,2.5,0.5,1.0,0.0,0.3,18.3,2.5
2.0,"2019-08-17 14:16:43.000000","2019-08-17 14:33:09.000000",4.0,2.86,1.0,N,143.0,234.0,4.0,-13.0,0.0,-0.5,0.0,0.0,-0.3,-16.3,-2.5
2.0,"2019-08-17 15:39:34.000000","2019-08-17 16:05:50.000000",1.0,3.8,1.0,N,143.0,234.0,1.0,18.5,0.0,0.5,4.36,0.0,0.3,26.16,2.5
2.0,"2019-08-17 15:25:09.000000","2019-08-17 15:45:37.000000",2.0,3.51,1.0,N,143.0,234.0,2.0,15.0,0.0,0.5,0.0,0.0,0.3,18.3,2.5
2.0,"2019-08-17 16:20:19.000000","2019-08-17 16:39:29.000000",2.0,3.64,1.0,N,143.0,234.0,1.0,15.0,0.0,0.5,2.0,0.0,0.3,20.3,2.5
2.0,"2019-08-17 16:21:51.000000","2019-08-17 16:38:52.000000",1.0,3.65,1.0,N,143.0,234.0,1.0,14.5,0.0,0.5,2.2,0.0,0.3,20.0,2.5
2.0,"2019-08-17 17:03:41.000000","2019-08-17 17:22:45.000000",2.0,3.39,1.0,N,143.0,234.0,2.0,15.0,0.0,0.5,0.0,0.0,0.3,18.3,2.5
2.0,"2019-08-17 17:42:50.000000","2019-08-17 18:13:10.000000",1.0,3.59,1.0,N,143.0,234.0,1.0,20.0,0.0,0.5,5.82,0.0,0.3,29.12,2.5
2.0,"2019-08-17 18:43:55.000000","2019-08-17 19:03:55.000000",1.0,3.89,1.0,N,143.0,234.0,1.0,16.0,0.0,0.5,3.86,0.0,0.3,23.16,2.5
2.0,"2019-08-17 19:34:59.000000","2019-08-17 19:49:38.000000",2.0,2.77,1.0,N,143.0,234.0,2.0,12.0,0.0,0.5,0.0,0.0,0.3,15.3,2.5
1.0,"2019-08-17 19:21:00.000000","2019-08-17 19:41:57.000000",3.0,3.2,1.0,N,143.0,234.0,1.0,16.0,2.5,0.5,2.9,0.0,0.3,22.2,2.5
2.0,"2019-08-17 19:14:08.000000","2019-08-17 19:29:37.000000",1.0,2.9,1.0,N,143.0,234.0,1.0,12.5,0.0,0.5,3.16,0.0,0.3,18.96,2.5
1.0,"2019-08-17 19:20:25.000000","2019-08-17 19:38:10.000000",1.0,3.2,1.0,N,143.0,234.0,2.0,14.0,2.5,0.5,0.0,0.0,0.3,17.3,2.5
1.0,"2019-08-17 20:55:31.000000","2019-08-17 21:13:12.000000",2.0,2.9,1.0,N,143.0,234.0,1.0,14.0,3.0,0.5,1.0,0.0,0.3,18.8,2.5
1.0,"2019-08-17 20:18:02.000000","2019-08-17 20:35:59.000000",1.0,3.2,1.0,N,143.0,234.0,1.0,14.5,3.0,0.5,3.65,0.0,0.3,21.95,2.5
2.0,"2019-08-17 22:48:51.000000","2019-08-17 23:12:24.000000",1.0,4.21,1.0,N,143.0,234.0,1.0,18.0,0.5,0.5,4.36,0.0,0.3,26.16,2.5
2.0,"2019-08-17 22:33:57.000000","2019-08-17 22:50:19.000000",1.0,3.27,1.0,N,143.0,234.0,1.0,13.5,0.5,0.5,3.46,0.0,0.3,20.76,2.5
2.0,"2019-08-18 08:48:32.000000","2019-08-18 09:03:20.000000",1.0,3.24,1.0,N,143.0,234.0,1.0,13.5,0.0,0.5,2.52,0.0,0.3,19.32,2.5
2.0,"2019-08-18 10:42:22.000000","2019-08-18 10:55:28.000000",1.0,2.94,1.0,N,143.0,234.0,1.0,12.0,0.0,0.5,3.06,0.0,0.3,18.36,2.5
2.0,"2019-08-18 11:18:10.000000","2019-08-18 11:37:41.000000",1.0,3.73,1.0,N,143.0,234.0,1.0,15.5,0.0,0.5,2.82,0.0,0.3,21.62,2.5
2.0,"2019-08-18 12:40:22.000000","2019-08-18 12:56:49.000000",1.0,2.77,1.0,N,143.0,234.0,1.0,12.5,0.0,0.5,3.16,0.0,0.3,18.96,2.5
2.0,"2019-08-18 12:31:09.000000","2019-08-18 12:54:22.000000",1.0,2.86,1.0,N,143.0,234.0,1.0,16.0,0.0,0.5,3.86,0.0,0.3,23.16,2.5
2.0,"2019-08-18 12:37:24.000000","2019-08-18 12:55:25.000000",1.0,3.31,1.0,N,143.0,234.0,1.0,14.5,0.0,0.5,3.56,0.0,0.3,21.36,2.5
1.0,"2019-08-18 12:45:34.000000","2019-08-18 13:04:58.000000",1.0,3.0,1.0,N,143.0,234.0,1.0,15.0,2.5,0.5,1.0,0.0,0.3,19.3,2.5
2.0,"2019-08-18 12:11:14.000000","2019-08-18 12:33:43.000000",1.0,2.96,1.0,N,143.0,234.0,1.0,15.5,0.0,0.5,4.7,0.0,0.3,23.5,2.5
1.0,"2019-08-18 13:27:12.000000","2019-08-18 13:47:13.000000",1.0,3.4,1.0,N,143.0,234.0,2.0,15.0,2.5,0.5,0.0,0.0,0.3,18.3,2.5
2.0,"2019-08-18 14:52:40.000000","2019-08-18 15:16:25.000000",1.0,3.95,1.0,N,143.0,234.0,2.0,17.5,0.0,0.5,0.0,0.0,0.3,20.8,2.5
2.0,"2019-08-18 14:46:51.000000","2019-08-18 15:09:24.000000",1.0,3.76,1.0,N,143.0,234.0,2.0,16.5,0.0,0.5,0.0,0.0,0.3,19.8,2.5
1.0,"2019-08-18 14:16:50.000000","2019-08-18 14:43:03.000000",1.0,3.2,1.0,N,143.0,234.0,2.0,17.5,2.5,0.5,0.0,0.0,0.3,20.8,2.5
2.0,"2019-08-18 14:33:53.000000","2019-08-18 14:51:36.000000",1.0,3.17,1.0,N,143.0,234.0,1.0,14.0,0.0,0.5,3.46,0.0,0.3,20.76,2.5
1.0,"2019-08-18 15:10:01.000000","2019-08-18 15:26:32.000000",1.0,3.1,1.0,N,143.0,234.0,2.0,13.5,2.5,0.5,0.0,0.0,0.3,16.8,2.5
1.0,"2019-08-18 15:07:00.000000","2019-08-18 15:25:10.000000",1.0,3.7,1.0,N,143.0,234.0,2.0,15.5,2.5,0.5,0.0,0.0,0.3,18.8,2.5
2.0,"2019-08-18 16:48:08.000000","2019-08-18 17:04:03.000000",5.0,2.99,1.0,N,143.0,234.0,1.0,13.0,0.0,0.5,2.0,0.0,0.3,18.3,2.5
1.0,"2019-08-18 17:32:20.000000","2019-08-18 17:48:45.000000",1.0,3.3,1.0,N,143.0,234.0,3.0,14.0,2.5,0.5,0.0,0.0,0.3,17.3,2.5
2.0,"2019-08-18 18:29:05.000000","2019-08-18 18:55:28.000000",2.0,3.58,1.0,N,143.0,234.0,1.0,18.0,0.0,0.5,4.0,0.0,0.3,25.3,2.5
2.0,"2019-08-18 18:23:33.000000","2019-08-18 18:43:39.000000",2.0,4.14,1.0,N,143.0,234.0,1.0,16.0,0.0,0.5,3.86,0.0,0.3,23.16,2.5
2.0,"2019-08-18 18:24:41.000000","2019-08-18 18:46:55.000000",1.0,3.47,1.0,N,143.0,234.0,1.0,16.0,0.0,0.5,2.9,0.0,0.3,22.2,2.5
1.0,"2019-08-18 18:51:27.000000","2019-08-18 19:11:10.000000",1.0,3.1,1.0,N,143.0,234.0,1.0,15.0,2.5,0.5,3.65,0.0,0.3,21.95,2.5
2.0,"2019-08-18 19:14:26.000000","2019-08-18 19:33:19.000000",2.0,3.15,1.0,N,143.0,234.0,1.0,14.5,0.0,0.5,1.78,0.0,0.3,19.58,2.5
2.0,"2019-08-18 19:03:56.000000","2019-08-18 19:27:10.000000",2.0,4.71,1.0,N,143.0,234.0,1.0,18.0,0.0,0.5,3.5,0.0,0.3,24.8,2.5
1.0,"2019-08-19 06:25:14.000000","2019-08-19 06:36:20.000000",1.0,2.6,1.0,N,143.0,234.0,1.0,11.0,2.5,0.5,2.15,0.0,0.3,16.45,2.5
2.0,"2019-08-19 07:05:18.000000","2019-08-19 07:20:05.000000",1.0,3.43,1.0,N,143.0,234.0,2.0,13.5,0.0,0.5,0.0,0.0,0.3,16.8,2.5
2.0,"2019-08-19 08:58:34.000000","2019-08-19 09:29:39.000000",1.0,3.48,1.0,N,143.0,234.0,1.0,20.0,0.0,0.5,4.66,0.0,0.3,27.96,2.5
2.0,"2019-08-19 08:21:48.000000","2019-08-19 08:37:13.000000",1.0,3.05,1.0,N,143.0,234.0,1.0,13.0,0.0,0.5,3.26,0.0,0.3,19.56,2.5
2.0,"2019-08-19 08:21:00.000000","2019-08-19 08:40:49.000000",1.0,3.67,1.0,N,143.0,234.0,1.0,15.0,0.0,0.5,3.0,0.0,0.3,21.3,2.5
1.0,"2019-08-19 09:35:01.000000","2019-08-19 09:56:12.000000",1.0,3.6,1.0,N,143.0,234.0,1.0,16.0,2.5,0.5,3.85,0.0,0.3,23.15,2.5
1.0,"2019-08-19 09:54:11.000000","2019-08-19 10:16:15.000000",1.0,3.3,1.0,N,143.0,234.0,1.0,16.5,2.5,0.5,2.5,0.0,0.3,22.3,2.5
1.0,"2019-08-19 09:06:38.000000","2019-08-19 09:24:57.000000",1.0,3.7,1.0,N,143.0,234.0,1.0,15.0,2.5,0.5,4.55,0.0,0.3,22.85,2.5
2.0,"2019-08-19 10:39:24.000000","2019-08-19 10:59:37.000000",1.0,3.53,1.0,N,143.0,234.0,1.0,16.0,0.0,0.5,3.86,0.0,0.3,23.16,2.5
1.0,"2019-08-19 11:45:57.000000","2019-08-19 12:00:32.000000",2.0,2.9,1.0,N,143.0,234.0,1.0,12.0,2.5,0.5,4.55,0.0,0.3,19.85,2.5
2.0,"2019-08-19 12:46:39.000000","2019-08-19 12:58:56.000000",1.0,2.55,1.0,N,143.0,234.0,1.0,10.5,0.0,0.5,2.35,0.0,0.3,16.15,2.5
2.0,"2019-08-19 14:20:31.000000","2019-08-19 14:38:41.000000",4.0,3.47,1.0,N,143.0,234.0,1.0,14.5,0.0,0.5,4.45,0.0,0.3,22.25,2.5
2.0,"2019-08-19 15:34:52.000000","2019-08-19 15:48:31.000000",4.0,2.94,1.0,N,143.0,234.0,1.0,12.0,0.0,0.5,3.06,0.0,0.3,18.36,2.5
2.0,"2019-08-19 17:05:48.000000","2019-08-19 17:22:55.000000",1.0,2.84,1.0,N,143.0,234.0,1.0,13.0,1.0,0.5,3.46,0.0,0.3,20.76,2.5
2.0,"2019-08-19 19:16:47.000000","2019-08-19 19:35:57.000000",1.0,3.59,1.0,N,143.0,234.0,1.0,16.0,1.0,0.5,4.06,0.0,0.3,24.36,2.5
2.0,"2019-08-19 20:35:26.000000","2019-08-19 20:49:18.000000",1.0,2.97,1.0,N,143.0,234.0,1.0,12.0,0.5,0.5,3.16,0.0,0.3,18.96,2.5
1.0,"2019-08-20 06:39:51.000000","2019-08-20 06:55:22.000000",1.0,3.6,1.0,N,143.0,234.0,1.0,14.0,2.5,0.5,3.45,0.0,0.3,20.75,2.5
1.0,"2019-08-20 07:04:56.000000","2019-08-20 07:20:19.000000",1.0,3.5,1.0,N,143.0,234.0,1.0,13.5,2.5,0.5,3.35,0.0,0.3,20.15,2.5
1.0,"2019-08-20 08:57:11.000000","2019-08-20 09:21:38.000000",1.0,2.9,1.0,N,143.0,234.0,1.0,16.5,2.5,0.5,3.95,0.0,0.3,23.75,2.5
2.0,"2019-08-20 08:36:14.000000","2019-08-20 08:57:02.000000",1.0,3.39,1.0,N,143.0,234.0,1.0,15.5,0.0,0.5,4.7,0.0,0.3,23.5,2.5
2.0,"2019-08-20 08:31:20.000000","2019-08-20 08:53:44.000000",1.0,2.92,1.0,N,143.0,234.0,2.0,15.5,0.0,0.5,0.0,0.0,0.3,18.8,2.5
1.0,"2019-08-20 08:36:06.000000","2019-08-20 08:51:49.000000",1.0,2.9,1.0,N,143.0,234.0,1.0,13.0,2.5,0.5,4.05,0.0,0.3,20.35,2.5
1.0,"2019-08-20 08:31:23.000000","2019-08-20 09:00:05.000000",1.0,3.0,1.0,N,143.0,234.0,1.0,18.5,2.5,0.5,4.36,0.0,0.3,26.16,2.5
1.0,"2019-08-20 10:16:21.000000","2019-08-20 10:41:04.000000",1.0,3.1,1.0,N,143.0,234.0,1.0,17.0,2.5,0.5,4.05,0.0,0.3,24.35,2.5
1.0,"2019-08-20 10:21:24.000000","2019-08-20 10:41:24.000000",1.0,3.2,1.0,N,143.0,234.0,1.0,15.0,2.5,0.5,3.65,0.0,0.3,21.95,2.5
2.0,"2019-08-20 10:11:46.000000","2019-08-20 10:35:51.000000",2.0,4.06,1.0,N,143.0,234.0,1.0,18.0,0.0,0.5,4.26,0.0,0.3,25.56,2.5
1.0,"2019-08-20 11:43:50.000000","2019-08-20 12:03:17.000000",1.0,3.3,1.0,N,143.0,234.0,1.0,15.0,2.5,0.5,1.5,0.0,0.3,19.8,2.5
2.0,"2019-08-20 13:51:06.000000","2019-08-20 14:07:41.000000",5.0,3.3,1.0,N,143.0,234.0,2.0,14.0,0.0,0.5,0.0,0.0,0.3,17.3,2.5
1.0,"2019-08-20 14:30:52.000000","2019-08-20 14:54:27.000000",1.0,3.7,1.0,N,143.0,234.0,1.0,17.5,2.5,0.5,4.16,0.0,0.3,24.96,2.5
2.0,"2019-08-20 15:03:24.000000","2019-08-20 15:21:05.000000",1.0,3.83,1.0,N,143.0,234.0,2.0,15.5,0.0,0.5,0.0,0.0,0.3,18.8,2.5
2.0,"2019-08-20 16:46:29.000000","2019-08-20 17:01:59.000000",1.0,3.29,1.0,N,143.0,234.0,2.0,13.0,1.0,0.5,0.0,0.0,0.3,17.3,2.5
2.0,"2019-08-20 19:37:39.000000","2019-08-20 19:57:04.000000",1.0,3.97,1.0,N,143.0,234.0,1.0,16.5,1.0,0.5,2.0,0.0,0.3,22.8,2.5
2.0,"2019-08-20 19:25:46.000000","2019-08-20 19:38:39.000000",1.0,2.52,1.0,N,143.0,234.0,1.0,11.0,1.0,0.5,2.75,0.0,0.3,18.05,2.5
2.0,"2019-08-20 20:20:14.000000","2019-08-20 20:38:01.000000",1.0,3.59,1.0,N,143.0,234.0,1.0,14.0,0.5,0.5,3.56,0.0,0.3,21.36,2.5
2.0,"2019-08-21 06:34:33.000000","2019-08-21 06:48:21.000000",1.0,3.62,1.0,N,143.0,234.0,1.0,13.0,0.0,0.5,3.26,0.0,0.3,19.56,2.5
1.0,"2019-08-21 07:03:20.000000","2019-08-21 07:23:07.000000",1.0,3.4,1.0,N,143.0,234.0,1.0,15.0,2.5,0.5,3.65,0.0,0.3,21.95,2.5
2.0,"2019-08-21 08:53:54.000000","2019-08-21 09:24:09.000000",1.0,3.33,1.0,N,143.0,234.0,1.0,19.5,0.0,0.5,4.56,0.0,0.3,27.36,2.5
2.0,"2019-08-21 08:51:55.000000","2019-08-21 09:21:38.000000",1.0,3.32,1.0,N,143.0,234.0,2.0,18.5,0.0,0.5,0.0,0.0,0.3,21.8,2.5
1.0,"2019-08-21 08:34:40.000000","2019-08-21 08:57:12.000000",1.0,3.4,1.0,N,143.0,234.0,1.0,16.0,2.5,0.5,4.8,0.0,0.3,24.1,2.5
2.0,"2019-08-21 08:42:22.000000","2019-08-21 09:02:04.000000",1.0,2.88,1.0,N,143.0,234.0,1.0,14.5,0.0,0.5,1.0,0.0,0.3,18.8,2.5
2.0,"2019-08-21 08:50:15.000000","2019-08-21 09:15:24.000000",2.0,3.26,1.0,N,143.0,234.0,2.0,17.0,0.0,0.5,0.0,0.0,0.3,20.3,2.5
2.0,"2019-08-21 09:23:18.000000","2019-08-21 09:44:34.000000",1.0,2.79,1.0,N,143.0,234.0,2.0,14.5,0.0,0.5,0.0,0.0,0.3,17.8,2.5
1.0,"2019-08-21 09:46:14.000000","2019-08-21 10:15:52.000000",1.0,4.0,1.0,N,143.0,234.0,1.0,20.0,2.5,0.5,1.5,0.0,0.3,24.8,2.5
2.0,"2019-08-21 10:07:08.000000","2019-08-21 10:35:40.000000",1.0,3.91,1.0,N,143.0,234.0,1.0,20.0,0.0,0.5,4.66,0.0,0.3,27.96,2.5
2.0,"2019-08-21 09:19:04.000000","2019-08-21 09:47:06.000000",5.0,3.85,1.0,N,143.0,234.0,1.0,19.5,0.0,0.5,0.0,0.0,0.3,22.8,2.5
2.0,"2019-08-21 10:13:42.000000","2019-08-21 10:27:50.000000",1.0,2.83,1.0,N,143.0,234.0,1.0,12.0,0.0,0.5,3.83,0.0,0.3,19.13,2.5
1.0,"2019-08-21 11:56:52.000000","2019-08-21 12:21:08.000000",1.0,3.7,1.0,N,143.0,234.0,1.0,17.5,2.5,0.5,6.2,0.0,0.3,27.0,2.5
1.0,"2019-08-21 11:28:43.000000","2019-08-21 11:46:47.000000",1.0,3.3,1.0,N,143.0,234.0,1.0,15.0,2.5,0.5,1.5,0.0,0.3,19.8,2.5
2.0,"2019-08-21 11:45:51.000000","2019-08-21 12:18:02.000000",1.0,3.92,1.0,N,143.0,234.0,1.0,22.0,0.0,0.5,1.0,0.0,0.3,26.3,2.5
2.0,"2019-08-21 12:02:37.000000","2019-08-21 12:25:01.000000",1.0,3.11,1.0,N,143.0,234.0,1.0,16.0,0.0,0.5,2.0,0.0,0.3,21.3,2.5
2.0,"2019-08-21 13:45:20.000000","2019-08-21 14:09:58.000000",1.0,2.89,1.0,N,143.0,234.0,1.0,16.5,0.0,0.5,3.96,0.0,0.3,23.76,2.5
2.0,"2019-08-21 14:37:53.000000","2019-08-21 14:54:38.000000",1.0,2.8,1.0,N,143.0,234.0,1.0,13.0,0.0,0.5,3.26,0.0,0.3,19.56,2.5
1.0,"2019-08-21 15:38:44.000000","2019-08-21 16:03:07.000000",3.0,4.0,1.0,N,143.0,234.0,1.0,18.5,2.5,0.5,4.35,0.0,0.3,26.15,2.5
2.0,"2019-08-21 17:35:42.000000","2019-08-21 17:55:39.000000",1.0,3.58,1.0,N,143.0,234.0,1.0,16.0,1.0,0.5,4.06,0.0,0.3,24.36,2.5
1.0,"2019-08-21 18:25:44.000000","2019-08-21 18:42:23.000000",1.0,3.0,1.0,N,143.0,234.0,1.0,13.5,3.5,0.5,2.0,0.0,0.3,19.8,2.5
1.0,"2019-08-21 18:45:08.000000","2019-08-21 19:14:44.000000",1.0,3.3,1.0,N,143.0,234.0,1.0,19.5,3.5,0.5,5.95,0.0,0.3,29.75,2.5
2.0,"2019-08-21 21:36:49.000000","2019-08-21 21:49:47.000000",1.0,2.98,1.0,N,143.0,234.0,1.0,12.0,0.5,0.5,3.16,0.0,0.3,18.96,2.5
1.0,"2019-08-21 22:51:21.000000","2019-08-21 23:02:56.000000",1.0,2.8,1.0,N,143.0,234.0,2.0,11.0,3.0,0.5,0.0,0.0,0.3,14.8,2.5
2.0,"2019-08-21 22:08:11.000000","2019-08-21 22:21:34.000000",2.0,3.22,1.0,N,143.0,234.0,2.0,12.5,0.5,0.5,0.0,0.0,0.3,16.3,2.5
2.0,"2019-08-22 06:51:09.000000","2019-08-22 07:06:23.000000",1.0,3.39,1.0,N,143.0,234.0,1.0,13.5,0.0,0.5,3.36,0.0,0.3,20.16,2.5
2.0,"2019-08-22 07:37:45.000000","2019-08-22 07:55:09.000000",1.0,3.3,1.0,N,143.0,234.0,1.0,14.5,0.0,0.5,4.45,0.0,0.3,22.25,2.5
1.0,"2019-08-22 08:50:39.000000","2019-08-22 09:12:38.000000",1.0,3.5,1.0,N,143.0,234.0,1.0,16.5,2.5,0.5,4.95,0.0,0.3,24.75,2.5
1.0,"2019-08-22 08:52:45.000000","2019-08-22 09:21:34.000000",1.0,3.6,1.0,N,143.0,234.0,2.0,19.0,2.5,0.5,0.0,0.0,0.3,22.3,2.5
1.0,"2019-08-22 08:20:12.000000","2019-08-22 08:36:41.000000",1.0,2.9,1.0,N,143.0,234.0,1.0,13.0,2.5,0.5,4.05,0.0,0.3,20.35,2.5
2.0,"2019-08-22 08:33:09.000000","2019-08-22 08:51:59.000000",1.0,3.19,1.0,N,143.0,234.0,2.0,14.5,0.0,0.5,0.0,0.0,0.3,17.8,2.5
2.0,"2019-08-22 08:05:48.000000","2019-08-22 08:22:48.000000",3.0,3.68,1.0,N,143.0,234.0,1.0,14.5,0.0,0.5,3.56,0.0,0.3,21.36,2.5
2.0,"2019-08-22 09:37:39.000000","2019-08-22 10:11:10.000000",6.0,3.59,1.0,N,143.0,234.0,1.0,21.5,0.0,0.5,7.44,0.0,0.3,32.24,2.5
2.0,"2019-08-22 09:32:30.000000","2019-08-22 10:03:14.000000",1.0,2.95,1.0,N,143.0,234.0,2.0,19.0,0.0,0.5,0.0,0.0,0.3,22.3,2.5
1.0,"2019-08-22 09:40:42.000000","2019-08-22 10:07:50.000000",1.0,4.0,1.0,N,143.0,234.0,3.0,18.5,2.5,0.5,0.0,0.0,0.3,21.8,2.5
2.0,"2019-08-22 11:24:39.000000","2019-08-22 11:39:09.000000",1.0,2.93,1.0,N,143.0,234.0,1.0,12.5,0.0,0.5,3.16,0.0,0.3,18.96,2.5
1.0,"2019-08-22 11:28:37.000000","2019-08-22 12:00:05.000000",1.0,2.7,1.0,N,143.0,234.0,1.0,19.5,2.5,0.5,4.55,0.0,0.3,27.35,2.5
2.0,"2019-08-22 12:02:43.000000","2019-08-22 12:20:12.000000",1.0,3.31,1.0,N,143.0,234.0,2.0,14.5,0.0,0.5,0.0,0.0,0.3,17.8,2.5
1.0,"2019-08-22 13:12:44.000000","2019-08-22 13:39:45.000000",1.0,3.1,1.0,N,143.0,234.0,1.0,18.0,2.5,0.5,2.0,0.0,0.3,23.3,2.5
1.0,"2019-08-22 13:10:35.000000","2019-08-22 13:32:21.000000",1.0,3.2,1.0,N,143.0,234.0,1.0,15.5,2.5,0.5,4.7,0.0,0.3,23.5,2.5
2.0,"2019-08-22 14:54:48.000000","2019-08-22 15:17:23.000000",1.0,2.8,1.0,N,143.0,234.0,2.0,15.5,0.0,0.5,0.0,0.0,0.3,18.8,2.5
1.0,"2019-08-22 15:12:35.000000","2019-08-22 15:35:37.000000",2.0,3.4,1.0,N,143.0,234.0,1.0,16.5,2.5,0.5,4.95,0.0,0.3,24.75,2.5
1.0,"2019-08-22 17:44:19.000000","2019-08-22 18:04:05.000000",1.0,3.3,1.0,N,143.0,234.0,2.0,15.0,3.5,0.5,0.0,0.0,0.3,19.3,2.5
2.0,"2019-08-22 17:42:40.000000","2019-08-22 18:03:54.000000",1.0,3.54,1.0,N,143.0,234.0,1.0,16.0,1.0,0.5,4.06,0.0,0.3,24.36,2.5
1.0,"2019-08-22 18:22:34.000000","2019-08-22 18:41:17.000000",1.0,3.3,1.0,N,143.0,234.0,1.0,15.0,3.5,0.5,5.75,0.0,0.3,25.05,2.5
1.0,"2019-08-22 18:06:06.000000","2019-08-22 18:22:52.000000",0.0,3.0,1.0,N,143.0,234.0,1.0,13.5,3.5,0.5,3.0,0.0,0.3,20.8,2.5
1.0,"2019-08-22 18:52:36.000000","2019-08-22 19:11:21.000000",1.0,3.1,1.0,N,143.0,234.0,1.0,14.5,3.5,0.5,2.0,0.0,0.3,20.8,2.5
1.0,"2019-08-22 21:14:54.000000","2019-08-22 21:31:10.000000",1.0,3.9,1.0,N,143.0,234.0,1.0,14.5,3.0,0.5,0.0,0.0,0.3,18.3,2.5
1.0,"2019-08-22 22:03:06.000000","2019-08-22 22:16:56.000000",1.0,3.3,1.0,N,143.0,234.0,1.0,13.0,3.0,0.5,3.35,0.0,0.3,20.15,2.5
2.0,"2019-08-22 23:07:44.000000","2019-08-22 23:26:28.000000",1.0,1.58,1.0,N,143.0,234.0,1.0,13.0,0.5,0.5,0.84,0.0,0.3,17.64,2.5
1.0,"2019-08-23 07:03:33.000000","2019-08-23 07:16:48.000000",1.0,3.9,1.0,N,143.0,234.0,1.0,13.5,2.5,0.5,3.35,0.0,0.3,20.15,2.5
2.0,"2019-08-23 07:55:24.000000","2019-08-23 08:15:07.000000",2.0,3.2,1.0,N,143.0,234.0,1.0,15.0,0.0,0.5,3.66,0.0,0.3,21.96,2.5
2.0,"2019-08-23 08:44:27.000000","2019-08-23 08:58:56.000000",1.0,2.67,1.0,N,143.0,234.0,1.0,11.5,0.0,0.5,2.96,0.0,0.3,17.76,2.5
1.0,"2019-08-23 08:53:23.000000","2019-08-23 09:14:50.000000",1.0,0.0,1.0,N,143.0,234.0,1.0,15.5,2.5,0.5,4.7,0.0,0.3,23.5,2.5
2.0,"2019-08-23 08:40:47.000000","2019-08-23 09:05:33.000000",1.0,3.52,1.0,N,143.0,234.0,1.0,17.0,0.0,0.5,2.0,0.0,0.3,22.3,2.5
1.0,"2019-08-23 09:15:55.000000","2019-08-23 09:44:43.000000",1.0,3.6,1.0,N,143.0,234.0,1.0,19.0,2.5,0.5,3.5,0.0,0.3,25.8,2.5
2.0,"2019-08-23 09:16:49.000000","2019-08-23 09:43:44.000000",1.0,3.73,1.0,N,143.0,234.0,1.0,18.0,0.0,0.5,5.32,0.0,0.3,26.62,2.5
2.0,"2019-08-23 09:19:19.000000","2019-08-23 09:43:26.000000",3.0,3.23,1.0,N,143.0,234.0,1.0,16.5,0.0,0.5,3.96,0.0,0.3,23.76,2.5
1.0,"2019-08-23 09:00:04.000000","2019-08-23 09:24:18.000000",1.0,3.3,1.0,N,143.0,234.0,1.0,17.0,2.5,0.5,4.05,0.0,0.3,24.35,2.5
2.0,"2019-08-23 10:25:20.000000","2019-08-23 10:48:24.000000",1.0,4.26,1.0,N,143.0,234.0,2.0,18.0,0.0,0.5,0.0,0.0,0.3,21.3,2.5
1.0,"2019-08-23 11:50:27.000000","2019-08-23 12:06:22.000000",1.0,2.6,1.0,N,143.0,234.0,2.0,12.5,2.5,0.5,0.0,0.0,0.3,15.8,2.5
2.0,"2019-08-23 11:19:05.000000","2019-08-23 11:36:12.000000",1.0,3.4,1.0,N,143.0,234.0,1.0,14.0,0.0,0.5,2.0,0.0,0.3,19.3,2.5
2.0,"2019-08-23 12:08:00.000000","2019-08-23 12:27:21.000000",1.0,3.09,1.0,N,143.0,234.0,1.0,15.0,0.0,0.5,3.66,0.0,0.3,21.96,2.5
2.0,"2019-08-23 13:26:30.000000","2019-08-23 13:47:10.000000",2.0,3.32,1.0,N,143.0,234.0,1.0,16.0,0.0,0.5,3.86,0.0,0.3,23.16,2.5
2.0,"2019-08-23 13:22:47.000000","2019-08-23 13:41:00.000000",1.0,3.44,1.0,N,143.0,234.0,2.0,15.0,0.0,0.5,0.0,0.0,0.3,18.3,2.5
2.0,"2019-08-23 13:57:29.000000","2019-08-23 14:19:53.000000",1.0,3.29,1.0,N,143.0,234.0,1.0,16.5,0.0,0.5,3.96,0.0,0.3,23.76,2.5
2.0,"2019-08-23 14:20:46.000000","2019-08-23 15:00:43.000000",1.0,3.22,1.0,N,143.0,234.0,1.0,24.5,0.0,0.5,6.95,0.0,0.3,34.75,2.5
2.0,"2019-08-23 16:15:52.000000","2019-08-23 16:37:46.000000",1.0,3.82,1.0,N,143.0,234.0,2.0,16.5,1.0,0.5,0.0,0.0,0.3,20.8,2.5
2.0,"2019-08-23 18:05:29.000000","2019-08-23 18:26:53.000000",1.0,3.68,1.0,N,143.0,234.0,1.0,17.0,1.0,0.5,4.26,0.0,0.3,25.56,2.5
2.0,"2019-08-23 19:50:53.000000","2019-08-23 20:01:56.000000",2.0,3.02,1.0,N,143.0,234.0,2.0,11.5,1.0,0.5,0.0,0.0,0.3,15.8,2.5
2.0,"2019-08-24 00:58:47.000000","2019-08-24 01:10:49.000000",5.0,2.63,1.0,N,143.0,234.0,1.0,11.0,0.5,0.5,3.7,0.0,0.3,18.5,2.5
2.0,"2019-08-24 06:00:51.000000","2019-08-24 06:11:43.000000",2.0,2.67,1.0,N,143.0,234.0,1.0,11.0,0.0,0.5,2.86,0.0,0.3,17.16,2.5
1.0,"2019-08-24 07:58:20.000000","2019-08-24 08:17:41.000000",2.0,3.7,1.0,N,143.0,234.0,2.0,16.0,2.5,0.5,0.0,0.0,0.3,19.3,2.5
2.0,"2019-08-24 07:44:05.000000","2019-08-24 08:00:22.000000",2.0,3.9,1.0,N,143.0,234.0,1.0,14.5,0.0,0.5,4.45,0.0,0.3,22.25,2.5
2.0,"2019-08-24 07:31:47.000000","2019-08-24 07:42:27.000000",1.0,3.39,1.0,N,143.0,234.0,1.0,12.0,0.0,0.5,3.06,0.0,0.3,18.36,2.5
2.0,"2019-08-24 07:05:41.000000","2019-08-24 07:25:58.000000",1.0,4.22,1.0,N,143.0,234.0,2.0,17.0,0.0,0.5,0.0,0.0,0.3,20.3,2.5
2.0,"2019-08-24 08:53:28.000000","2019-08-24 09:07:48.000000",5.0,2.67,1.0,N,143.0,234.0,1.0,11.5,0.0,0.5,2.0,0.0,0.3,16.8,2.5
2.0,"2019-08-24 08:09:28.000000","2019-08-24 08:24:08.000000",1.0,3.47,1.0,N,143.0,234.0,1.0,14.0,0.0,0.5,4.32,0.0,0.3,21.62,2.5
2.0,"2019-08-24 08:16:12.000000","2019-08-24 08:27:53.000000",1.0,3.19,1.0,N,143.0,234.0,1.0,12.0,0.0,0.5,4.59,0.0,0.3,19.89,2.5
1.0,"2019-08-24 08:41:06.000000","2019-08-24 08:51:05.000000",1.0,2.7,1.0,N,143.0,234.0,1.0,10.0,2.5,0.5,3.3,0.0,0.3,16.6,2.5
2.0,"2019-08-24 09:54:36.000000","2019-08-24 10:13:01.000000",1.0,3.43,1.0,N,143.0,234.0,1.0,15.0,0.0,0.5,3.66,0.0,0.3,21.96,2.5
1.0,"2019-08-24 09:43:02.000000","2019-08-24 10:05:12.000000",1.0,3.3,1.0,N,143.0,234.0,2.0,16.0,2.5,0.5,0.0,0.0,0.3,19.3,2.5
2.0,"2019-08-24 09:23:23.000000","2019-08-24 09:44:04.000000",2.0,2.68,1.0,N,143.0,234.0,1.0,14.5,0.0,0.5,1.03,0.0,0.3,18.83,2.5
2.0,"2019-08-24 10:44:54.000000","2019-08-24 11:04:02.000000",1.0,3.51,1.0,N,143.0,234.0,1.0,15.0,0.0,0.5,5.49,0.0,0.3,23.79,2.5
2.0,"2019-08-24 10:28:39.000000","2019-08-24 10:43:44.000000",1.0,2.9,1.0,N,143.0,234.0,1.0,12.0,0.0,0.5,3.06,0.0,0.3,18.36,2.5
2.0,"2019-08-24 10:56:49.000000","2019-08-24 11:09:59.000000",1.0,3.29,1.0,N,143.0,234.0,1.0,12.5,0.0,0.5,3.95,0.0,0.3,19.75,2.5
2.0,"2019-08-24 11:03:37.000000","2019-08-24 11:26:51.000000",1.0,3.64,1.0,N,143.0,234.0,2.0,16.5,0.0,0.5,0.0,0.0,0.3,19.8,2.5
2.0,"2019-08-24 12:27:42.000000","2019-08-24 12:51:17.000000",6.0,3.13,1.0,N,143.0,234.0,1.0,16.5,0.0,0.5,3.96,0.0,0.3,23.76,2.5
2.0,"2019-08-24 14:43:25.000000","2019-08-24 15:03:59.000000",1.0,2.78,1.0,N,143.0,234.0,1.0,14.5,0.0,0.5,1.5,0.0,0.3,19.3,2.5
2.0,"2019-08-24 14:51:39.000000","2019-08-24 15:13:43.000000",1.0,3.04,1.0,N,143.0,234.0,1.0,15.5,0.0,0.5,1.75,0.0,0.3,20.55,2.5
2.0,"2019-08-24 14:54:59.000000","2019-08-24 15:19:03.000000",1.0,3.66,1.0,N,143.0,234.0,1.0,17.5,0.0,0.5,3.0,0.0,0.3,23.8,2.5
1.0,"2019-08-24 14:28:51.000000","2019-08-24 14:48:36.000000",2.0,3.7,1.0,N,143.0,234.0,1.0,15.5,2.5,0.5,3.75,0.0,0.3,22.55,2.5
1.0,"2019-08-24 14:09:53.000000","2019-08-24 14:29:42.000000",2.0,3.5,1.0,N,143.0,234.0,1.0,15.5,2.5,0.5,1.88,0.0,0.3,20.68,2.5
1.0,"2019-08-24 15:46:00.000000","2019-08-24 16:07:21.000000",1.0,3.3,1.0,N,143.0,234.0,2.0,15.5,2.5,0.5,0.0,0.0,0.3,18.8,2.5
2.0,"2019-08-24 15:53:42.000000","2019-08-24 16:12:03.000000",1.0,3.0,1.0,N,143.0,234.0,1.0,14.0,0.0,0.5,2.0,0.0,0.3,19.3,2.5
2.0,"2019-08-24 15:59:01.000000","2019-08-24 16:27:10.000000",1.0,3.29,1.0,N,143.0,234.0,1.0,19.0,0.0,0.5,2.5,0.0,0.3,24.8,2.5
2.0,"2019-08-24 16:46:31.000000","2019-08-24 17:04:15.000000",1.0,3.52,1.0,N,143.0,234.0,1.0,13.5,0.0,0.5,2.0,0.0,0.3,18.8,2.5
1.0,"2019-08-24 16:34:22.000000","2019-08-24 16:53:01.000000",1.0,3.1,1.0,N,143.0,234.0,1.0,15.0,2.5,0.5,3.65,0.0,0.3,21.95,2.5
1.0,"2019-08-24 17:33:07.000000","2019-08-24 18:01:52.000000",1.0,3.9,1.0,N,143.0,234.0,1.0,20.0,2.5,0.5,4.65,0.0,0.3,27.95,2.5
1.0,"2019-08-24 17:39:56.000000","2019-08-24 18:07:05.000000",1.0,3.6,1.0,N,143.0,234.0,1.0,18.5,2.5,0.5,4.35,0.0,0.3,26.15,2.5
2.0,"2019-08-24 17:21:18.000000","2019-08-24 17:41:34.000000",5.0,3.31,1.0,N,143.0,234.0,1.0,15.0,0.0,0.5,3.66,0.0,0.3,21.96,2.5
2.0,"2019-08-24 18:04:06.000000","2019-08-24 18:24:57.000000",3.0,2.95,1.0,N,143.0,234.0,2.0,15.0,0.0,0.5,0.0,0.0,0.3,18.3,2.5
1.0,"2019-08-24 18:41:43.000000","2019-08-24 19:06:58.000000",1.0,3.1,1.0,N,143.0,234.0,1.0,17.0,2.5,0.5,2.0,0.0,0.3,22.3,2.5
1.0,"2019-08-24 18:14:46.000000","2019-08-24 18:36:21.000000",1.0,3.7,1.0,N,143.0,234.0,1.0,16.5,2.5,0.5,4.95,0.0,0.3,24.75,2.5
1.0,"2019-08-24 18:30:38.000000","2019-08-24 18:56:11.000000",1.0,3.8,1.0,N,143.0,234.0,1.0,18.5,2.5,0.5,4.0,0.0,0.3,25.8,2.5
1.0,"2019-08-24 19:06:12.000000","2019-08-24 19:24:16.000000",1.0,3.5,1.0,N,143.0,234.0,1.0,14.5,2.5,0.5,3.55,0.0,0.3,21.35,2.5
1.0,"2019-08-24 19:30:59.000000","2019-08-24 19:52:45.000000",2.0,3.2,1.0,N,143.0,234.0,1.0,15.5,2.5,0.5,3.75,0.0,0.3,22.55,2.5
1.0,"2019-08-24 19:30:49.000000","2019-08-24 19:44:02.000000",1.0,3.1,1.0,N,143.0,234.0,1.0,12.5,2.5,0.5,3.15,0.0,0.3,18.95,2.5
2.0,"2019-08-24 19:00:36.000000","2019-08-24 19:24:11.000000",2.0,3.53,1.0,N,143.0,234.0,1.0,17.0,0.0,0.5,4.06,0.0,0.3,24.36,2.5
2.0,"2019-08-24 19:20:16.000000","2019-08-24 19:43:10.000000",1.0,3.91,1.0,N,143.0,234.0,1.0,17.5,0.0,0.5,4.16,0.0,0.3,24.96,2.5
2.0,"2019-08-24 18:43:41.000000","2019-08-24 19:19:34.000000",1.0,4.61,1.0,N,143.0,234.0,2.0,23.0,0.0,0.5,0.0,0.0,0.3,26.3,2.5
1.0,"2019-08-24 20:00:49.000000","2019-08-24 20:16:13.000000",1.0,2.8,1.0,N,143.0,234.0,1.0,12.5,3.0,0.5,3.0,0.0,0.3,19.3,2.5
2.0,"2019-08-24 20:30:21.000000","2019-08-24 20:51:49.000000",5.0,3.22,1.0,N,143.0,234.0,1.0,15.0,0.5,0.5,2.0,0.0,0.3,20.8,2.5
1.0,"2019-08-24 21:32:04.000000","2019-08-24 21:51:46.000000",1.0,3.9,1.0,N,143.0,234.0,2.0,16.5,3.0,0.5,0.0,0.0,0.3,20.3,2.5
2.0,"2019-08-24 22:44:42.000000","2019-08-24 23:01:23.000000",1.0,3.77,1.0,N,143.0,234.0,1.0,14.5,0.5,0.5,2.0,0.0,0.3,20.3,2.5
1.0,"2019-08-25 07:11:58.000000","2019-08-25 07:24:23.000000",1.0,3.4,1.0,N,143.0,234.0,1.0,13.0,2.5,0.5,3.25,0.0,0.3,19.55,2.5
2.0,"2019-08-25 08:28:17.000000","2019-08-25 08:41:27.000000",1.0,2.77,1.0,N,143.0,234.0,2.0,12.0,0.0,0.5,0.0,0.0,0.3,15.3,2.5
2.0,"2019-08-25 09:39:23.000000","2019-08-25 09:55:28.000000",1.0,3.37,1.0,N,143.0,234.0,1.0,14.0,0.0,0.5,2.6,0.0,0.3,19.9,2.5
1.0,"2019-08-25 09:38:46.000000","2019-08-25 09:51:34.000000",1.0,3.5,1.0,N,143.0,234.0,1.0,13.0,2.5,0.5,2.0,0.0,0.3,18.3,2.5
2.0,"2019-08-25 10:37:23.000000","2019-08-25 10:51:49.000000",6.0,2.81,1.0,N,143.0,234.0,1.0,12.5,0.0,0.5,2.37,0.0,0.3,18.17,2.5
2.0,"2019-08-25 11:49:50.000000","2019-08-25 12:05:55.000000",1.0,3.0,1.0,N,143.0,234.0,1.0,13.0,0.0,0.5,3.26,0.0,0.3,19.56,2.5
2.0,"2019-08-25 11:20:10.000000","2019-08-25 11:35:16.000000",1.0,3.3,1.0,N,143.0,234.0,1.0,13.0,0.0,0.5,1.5,0.0,0.3,17.8,2.5
2.0,"2019-08-25 12:52:29.000000","2019-08-25 13:09:48.000000",1.0,3.34,1.0,N,143.0,234.0,1.0,15.0,0.0,0.5,5.49,0.0,0.3,23.79,2.5
1.0,"2019-08-25 12:13:41.000000","2019-08-25 12:33:12.000000",1.0,3.8,1.0,N,143.0,234.0,2.0,16.0,2.5,0.5,0.0,0.0,0.3,19.3,2.5
2.0,"2019-08-25 12:59:09.000000","2019-08-25 13:13:25.000000",1.0,3.04,1.0,N,143.0,234.0,1.0,12.5,0.0,0.5,3.16,0.0,0.3,18.96,2.5
1.0,"2019-08-25 13:00:13.000000","2019-08-25 13:18:39.000000",1.0,3.3,1.0,N,143.0,234.0,1.0,14.5,2.5,0.5,3.55,0.0,0.3,21.35,2.5
2.0,"2019-08-25 15:02:14.000000","2019-08-25 15:20:48.000000",2.0,4.16,1.0,N,143.0,234.0,1.0,16.5,0.0,0.5,3.96,0.0,0.3,23.76,2.5
2.0,"2019-08-25 15:30:58.000000","2019-08-25 15:47:34.000000",1.0,3.14,1.0,N,143.0,234.0,1.0,13.5,0.0,0.5,2.0,0.0,0.3,18.8,2.5
1.0,"2019-08-25 18:25:25.000000","2019-08-25 18:48:30.000000",1.0,2.7,1.0,N,143.0,234.0,1.0,16.0,2.5,0.5,0.0,0.0,0.3,19.3,2.5
2.0,"2019-08-25 18:09:03.000000","2019-08-25 18:29:00.000000",6.0,3.39,1.0,N,143.0,234.0,1.0,15.5,0.0,0.5,4.7,0.0,0.3,23.5,2.5
1.0,"2019-08-25 22:16:41.000000","2019-08-25 22:34:23.000000",1.0,3.8,1.0,N,143.0,234.0,1.0,14.5,3.0,0.5,4.55,0.0,0.3,22.85,2.5
2.0,"2019-08-26 07:06:03.000000","2019-08-26 07:24:14.000000",1.0,3.5,1.0,N,143.0,234.0,1.0,14.5,0.0,0.5,3.56,0.0,0.3,21.36,2.5
1.0,"2019-08-26 08:08:53.000000","2019-08-26 08:26:59.000000",1.0,3.2,1.0,N,143.0,234.0,1.0,14.5,2.5,0.5,3.56,0.0,0.3,21.36,2.5
1.0,"2019-08-26 09:12:11.000000","2019-08-26 09:37:05.000000",1.0,3.6,1.0,N,143.0,234.0,2.0,17.0,2.5,0.5,0.0,0.0,0.3,20.3,2.5
2.0,"2019-08-26 09:19:38.000000","2019-08-26 09:42:46.000000",2.0,3.31,1.0,N,143.0,234.0,2.0,16.5,0.0,0.5,0.0,0.0,0.3,19.8,2.5
1.0,"2019-08-26 10:49:51.000000","2019-08-26 11:05:16.000000",1.0,3.4,1.0,N,143.0,234.0,1.0,13.5,2.5,0.5,1.0,0.0,0.3,17.8,2.5
2.0,"2019-08-26 10:36:28.000000","2019-08-26 10:48:59.000000",1.0,2.8,1.0,N,143.0,234.0,1.0,11.0,0.0,0.5,2.86,0.0,0.3,17.16,2.5
1.0,"2019-08-26 12:23:32.000000","2019-08-26 12:41:13.000000",1.0,3.2,1.0,N,143.0,234.0,1.0,14.0,2.5,0.5,4.0,0.0,0.3,21.3,2.5
1.0,"2019-08-26 12:47:35.000000","2019-08-26 13:05:32.000000",1.0,3.3,1.0,N,143.0,234.0,1.0,14.0,2.5,0.5,4.3,0.0,0.3,21.6,2.5
2.0,"2019-08-26 13:13:29.000000","2019-08-26 13:34:20.000000",5.0,3.74,1.0,N,143.0,234.0,1.0,16.0,0.0,0.5,2.9,0.0,0.3,22.2,2.5
2.0,"2019-08-26 14:27:27.000000","2019-08-26 14:40:53.000000",2.0,2.96,1.0,N,143.0,234.0,1.0,12.0,0.0,0.5,3.06,0.0,0.3,18.36,2.5
2.0,"2019-08-26 14:14:24.000000","2019-08-26 14:29:53.000000",1.0,3.36,1.0,N,143.0,234.0,1.0,13.5,0.0,0.5,1.0,0.0,0.3,17.8,2.5
1.0,"2019-08-26 15:32:17.000000","2019-08-26 15:55:02.000000",1.0,3.0,1.0,N,143.0,234.0,2.0,16.0,2.5,0.5,0.0,0.0,0.3,19.3,2.5
1.0,"2019-08-26 16:28:05.000000","2019-08-26 16:39:50.000000",1.0,2.6,1.0,N,143.0,234.0,1.0,11.0,3.5,0.5,3.05,0.0,0.3,18.35,2.5
2.0,"2019-08-26 16:07:33.000000","2019-08-26 16:25:27.000000",1.0,3.63,1.0,N,143.0,234.0,2.0,14.5,1.0,0.5,0.0,0.0,0.3,18.8,2.5
2.0,"2019-08-26 18:27:03.000000","2019-08-26 18:45:31.000000",6.0,3.04,1.0,N,143.0,234.0,1.0,14.5,1.0,0.5,4.7,0.0,0.3,23.5,2.5
2.0,"2019-08-26 20:10:16.000000","2019-08-26 20:25:39.000000",2.0,3.4,1.0,N,143.0,234.0,1.0,13.5,0.5,0.5,2.0,0.0,0.3,19.3,2.5
1.0,"2019-08-26 20:10:41.000000","2019-08-26 20:25:21.000000",1.0,3.2,1.0,N,143.0,234.0,1.0,13.0,3.0,0.5,1.68,0.0,0.3,18.48,2.5
1.0,"2019-08-26 23:19:49.000000","2019-08-26 23:36:27.000000",1.0,3.4,1.0,N,143.0,234.0,1.0,14.0,3.0,0.5,3.55,0.0,0.3,21.35,2.5
2.0,"2019-08-27 07:17:00.000000","2019-08-27 07:33:40.000000",3.0,3.35,1.0,N,143.0,234.0,1.0,14.0,0.0,0.5,3.46,0.0,0.3,20.76,2.5
2.0,"2019-08-27 07:06:34.000000","2019-08-27 07:22:41.000000",1.0,3.56,1.0,N,143.0,234.0,1.0,14.5,0.0,0.5,3.56,0.0,0.3,21.36,2.5
1.0,"2019-08-27 08:52:06.000000","2019-08-27 09:15:15.000000",1.0,3.3,1.0,N,143.0,234.0,1.0,17.0,2.5,0.5,2.0,0.0,0.3,22.3,2.5
1.0,"2019-08-27 08:01:26.000000","2019-08-27 08:20:14.000000",1.0,3.4,1.0,N,143.0,234.0,2.0,14.5,2.5,0.5,0.0,0.0,0.3,17.8,2.5
1.0,"2019-08-27 09:08:58.000000","2019-08-27 09:26:36.000000",1.0,2.8,1.0,N,143.0,234.0,1.0,14.0,2.5,0.5,2.6,0.0,0.3,19.9,2.5
2.0,"2019-08-27 09:27:54.000000","2019-08-27 09:47:32.000000",1.0,3.26,1.0,N,143.0,234.0,1.0,15.0,0.0,0.5,4.58,0.0,0.3,22.88,2.5
2.0,"2019-08-27 09:05:19.000000","2019-08-27 09:29:17.000000",1.0,3.75,1.0,N,143.0,234.0,1.0,17.5,0.0,0.5,5.2,0.0,0.3,26.0,2.5
1.0,"2019-08-27 10:05:11.000000","2019-08-27 10:22:52.000000",1.0,3.4,1.0,N,143.0,234.0,1.0,14.5,2.5,0.5,3.55,0.0,0.3,21.35,2.5
1.0,"2019-08-27 10:17:21.000000","2019-08-27 10:40:43.000000",1.0,3.7,1.0,Y,143.0,234.0,1.0,17.0,2.5,0.5,4.05,0.0,0.3,24.35,2.5
1.0,"2019-08-27 10:03:52.000000","2019-08-27 10:30:09.000000",0.0,4.2,1.0,N,143.0,234.0,2.0,19.0,2.5,0.5,0.0,0.0,0.3,22.3,2.5
2.0,"2019-08-27 12:13:36.000000","2019-08-27 12:32:27.000000",2.0,2.93,1.0,N,143.0,234.0,1.0,14.0,0.0,0.5,3.46,0.0,0.3,20.76,2.5
2.0,"2019-08-27 13:06:09.000000","2019-08-27 13:27:46.000000",1.0,2.85,1.0,N,143.0,234.0,1.0,16.0,0.0,0.5,3.86,0.0,0.3,23.16,2.5
2.0,"2019-08-27 14:40:05.000000","2019-08-27 15:01:01.000000",2.0,3.43,1.0,N,143.0,234.0,1.0,15.5,0.0,0.5,3.76,0.0,0.3,22.56,2.5
2.0,"2019-08-27 14:25:34.000000","2019-08-27 14:49:24.000000",2.0,2.86,1.0,N,143.0,234.0,1.0,16.0,0.0,0.5,3.86,0.0,0.3,23.16,2.5
1.0,"2019-08-27 16:17:19.000000","2019-08-27 16:31:39.000000",1.0,3.1,1.0,N,143.0,234.0,1.0,12.5,3.5,0.5,2.5,0.0,0.3,19.3,2.5
2.0,"2019-08-27 19:03:55.000000","2019-08-27 19:25:03.000000",3.0,3.64,1.0,N,143.0,234.0,1.0,16.0,1.0,0.5,6.09,0.0,0.3,26.39,2.5
2.0,"2019-08-27 20:28:18.000000","2019-08-27 20:40:31.000000",1.0,3.35,1.0,N,143.0,234.0,1.0,12.5,0.5,0.5,3.26,0.0,0.3,19.56,2.5
2.0,"2019-08-27 20:20:31.000000","2019-08-27 20:40:52.000000",1.0,3.16,1.0,N,143.0,234.0,1.0,15.0,0.5,0.5,4.7,0.0,0.3,23.5,2.5
2.0,"2019-08-27 21:11:18.000000","2019-08-27 21:23:29.000000",2.0,3.16,1.0,N,143.0,234.0,1.0,12.0,0.5,0.5,2.0,0.0,0.3,17.8,2.5
2.0,"2019-08-27 22:11:34.000000","2019-08-27 22:22:57.000000",2.0,2.97,1.0,N,143.0,234.0,1.0,11.5,0.5,0.5,3.82,0.0,0.3,19.12,2.5
2.0,"2019-08-27 22:58:36.000000","2019-08-27 23:20:07.000000",2.0,3.71,1.0,N,143.0,234.0,1.0,17.0,0.5,0.5,5.2,0.0,0.3,26.0,2.5
2.0,"2019-08-27 23:18:35.000000","2019-08-27 23:29:32.000000",2.0,2.98,1.0,N,143.0,234.0,2.0,11.5,0.5,0.5,0.0,0.0,0.3,15.3,2.5
2.0,"2019-08-28 00:03:41.000000","2019-08-28 00:22:01.000000",1.0,3.38,1.0,N,143.0,234.0,1.0,14.5,0.5,0.5,3.66,0.0,0.3,21.96,2.5
2.0,"2019-08-28 07:56:11.000000","2019-08-28 08:12:16.000000",1.0,3.12,1.0,N,143.0,234.0,1.0,13.5,0.0,0.5,1.0,0.0,0.3,17.8,2.5
2.0,"2019-08-28 07:10:54.000000","2019-08-28 07:25:21.000000",2.0,3.48,1.0,N,143.0,234.0,1.0,13.5,0.0,0.5,3.36,0.0,0.3,20.16,2.5
2.0,"2019-08-28 08:54:02.000000","2019-08-28 09:14:51.000000",1.0,3.77,1.0,N,143.0,234.0,1.0,16.5,0.0,0.5,4.95,0.0,0.3,24.75,2.5
2.0,"2019-08-28 08:26:45.000000","2019-08-28 08:45:24.000000",1.0,3.34,1.0,N,143.0,234.0,1.0,14.5,0.0,0.5,1.5,0.0,0.3,19.3,2.5
2.0,"2019-08-28 09:38:49.000000","2019-08-28 10:02:52.000000",5.0,2.89,1.0,N,143.0,234.0,1.0,16.0,0.0,0.5,2.9,0.0,0.3,22.2,2.5
2.0,"2019-08-28 09:40:51.000000","2019-08-28 10:04:29.000000",1.0,3.2,1.0,N,143.0,234.0,2.0,16.5,0.0,0.5,0.0,0.0,0.3,19.8,2.5
2.0,"2019-08-28 09:04:17.000000","2019-08-28 09:35:28.000000",2.0,3.39,1.0,N,143.0,234.0,2.0,18.5,0.0,0.5,0.0,0.0,0.3,21.8,2.5
1.0,"2019-08-28 10:47:06.000000","2019-08-28 11:11:56.000000",1.0,3.4,1.0,N,143.0,234.0,1.0,17.5,2.5,0.5,2.08,0.0,0.3,22.88,2.5
2.0,"2019-08-28 10:20:50.000000","2019-08-28 10:45:45.000000",2.0,3.96,1.0,N,143.0,234.0,1.0,19.0,0.0,0.5,4.46,0.0,0.3,26.76,2.5
1.0,"2019-08-28 11:39:27.000000","2019-08-28 11:50:44.000000",1.0,2.6,1.0,N,143.0,234.0,2.0,10.5,2.5,0.5,0.0,0.0,0.3,13.8,2.5
1.0,"2019-08-28 11:30:40.000000","2019-08-28 11:56:07.000000",1.0,3.2,1.0,N,143.0,234.0,1.0,17.0,2.5,0.5,3.0,0.0,0.3,23.3,2.5
1.0,"2019-08-28 11:28:03.000000","2019-08-28 11:46:59.000000",1.0,3.2,1.0,N,143.0,234.0,2.0,14.5,2.5,0.5,0.0,0.0,0.3,17.8,2.5
2.0,"2019-08-28 11:20:32.000000","2019-08-28 11:35:56.000000",1.0,3.22,1.0,N,143.0,234.0,1.0,13.5,0.0,0.5,1.5,0.0,0.3,18.3,2.5
2.0,"2019-08-28 12:26:03.000000","2019-08-28 12:54:05.000000",1.0,4.26,1.0,N,143.0,234.0,1.0,20.0,0.0,0.5,4.0,0.0,0.3,27.3,2.5
2.0,"2019-08-28 11:55:28.000000","2019-08-28 12:08:52.000000",1.0,2.45,1.0,N,143.0,234.0,1.0,11.5,0.0,0.5,2.22,0.0,0.3,17.02,2.5
1.0,"2019-08-28 13:25:10.000000","2019-08-28 13:55:44.000000",1.0,3.5,1.0,N,143.0,234.0,1.0,20.0,2.5,0.5,4.65,0.0,0.3,27.95,2.5
2.0,"2019-08-28 13:20:08.000000","2019-08-28 13:35:01.000000",1.0,3.13,1.0,N,143.0,234.0,1.0,12.5,0.0,0.5,3.95,0.0,0.3,19.75,2.5
2.0,"2019-08-28 17:33:58.000000","2019-08-28 18:08:17.000000",1.0,4.08,1.0,N,143.0,234.0,1.0,22.0,1.0,0.5,2.5,0.0,0.3,28.8,2.5
1.0,"2019-08-28 18:13:47.000000","2019-08-28 18:37:55.000000",1.0,3.2,1.0,N,143.0,234.0,1.0,16.5,3.5,0.5,4.15,0.0,0.3,24.95,2.5
1.0,"2019-08-28 18:36:51.000000","2019-08-28 19:02:10.000000",1.0,3.4,1.0,N,143.0,234.0,1.0,17.5,3.5,0.5,4.35,0.0,0.3,26.15,2.5
2.0,"2019-08-28 20:36:55.000000","2019-08-28 20:57:50.000000",1.0,4.01,1.0,N,143.0,234.0,1.0,16.5,0.5,0.5,0.0,0.0,0.3,20.3,2.5
2.0,"2019-08-28 20:38:09.000000","2019-08-28 21:00:26.000000",1.0,3.76,1.0,N,143.0,234.0,1.0,17.0,0.5,0.5,4.16,0.0,0.3,24.96,2.5
2.0,"2019-08-28 19:43:00.000000","2019-08-28 19:56:45.000000",1.0,2.9,1.0,N,143.0,234.0,2.0,11.5,0.5,0.5,0.0,0.0,0.3,15.3,2.5
2.0,"2019-08-29 06:45:23.000000","2019-08-29 06:57:43.000000",1.0,2.92,1.0,N,143.0,234.0,1.0,11.5,0.0,0.5,2.66,0.0,0.3,17.46,2.5
1.0,"2019-08-29 06:59:19.000000","2019-08-29 07:13:08.000000",1.0,3.2,1.0,N,143.0,234.0,2.0,13.0,2.5,0.5,0.0,0.0,0.3,16.3,2.5
1.0,"2019-08-29 07:09:04.000000","2019-08-29 07:26:48.000000",1.0,3.3,1.0,N,143.0,234.0,1.0,14.5,2.5,0.5,3.55,0.0,0.3,21.35,2.5
2.0,"2019-08-29 08:44:54.000000","2019-08-29 09:13:27.000000",1.0,3.83,1.0,N,143.0,234.0,1.0,19.5,0.0,0.5,5.7,0.0,0.3,28.5,2.5
1.0,"2019-08-29 08:40:13.000000","2019-08-29 08:56:47.000000",1.0,3.2,1.0,N,143.0,234.0,1.0,13.5,2.5,0.5,2.0,0.0,0.3,18.8,2.5
1.0,"2019-08-29 08:39:01.000000","2019-08-29 08:59:11.000000",1.0,2.9,1.0,N,143.0,234.0,1.0,14.5,2.5,0.5,4.45,0.0,0.3,22.25,2.5
1.0,"2019-08-29 08:39:29.000000","2019-08-29 09:00:24.000000",1.0,3.0,1.0,N,143.0,234.0,1.0,15.0,2.5,0.5,3.66,0.0,0.3,21.96,2.5
2.0,"2019-08-29 08:26:49.000000","2019-08-29 08:51:53.000000",1.0,3.53,1.0,N,143.0,234.0,1.0,17.5,0.0,0.5,4.16,0.0,0.3,24.96,2.5
2.0,"2019-08-29 09:26:43.000000","2019-08-29 09:42:43.000000",1.0,2.76,1.0,N,143.0,234.0,1.0,13.0,0.0,0.5,1.0,0.0,0.3,17.3,2.5
1.0,"2019-08-29 09:56:42.000000","2019-08-29 10:13:50.000000",1.0,3.4,1.0,N,143.0,234.0,1.0,14.5,2.5,0.5,2.5,0.0,0.3,20.3,2.5
2.0,"2019-08-29 09:26:03.000000","2019-08-29 09:51:31.000000",1.0,3.5,1.0,N,143.0,234.0,1.0,17.5,0.0,0.5,1.5,0.0,0.3,22.3,2.5
2.0,"2019-08-29 09:07:56.000000","2019-08-29 09:25:42.000000",1.0,3.14,1.0,N,143.0,234.0,1.0,14.0,0.0,0.5,2.0,0.0,0.3,19.3,2.5
2.0,"2019-08-29 10:41:49.000000","2019-08-29 10:57:38.000000",1.0,3.3,1.0,N,143.0,234.0,1.0,13.5,0.0,0.5,1.5,0.0,0.3,18.3,2.5
2.0,"2019-08-29 10:21:09.000000","2019-08-29 10:46:41.000000",1.0,3.73,1.0,N,143.0,234.0,1.0,18.5,0.0,0.5,4.36,0.0,0.3,26.16,2.5
1.0,"2019-08-29 11:35:58.000000","2019-08-29 12:03:00.000000",1.0,3.7,1.0,N,143.0,234.0,1.0,18.0,2.5,0.5,1.0,0.0,0.3,22.3,2.5
2.0,"2019-08-29 11:44:45.000000","2019-08-29 12:02:07.000000",1.0,3.3,1.0,N,143.0,234.0,1.0,14.5,0.0,0.5,3.56,0.0,0.3,21.36,2.5
2.0,"2019-08-29 12:49:10.000000","2019-08-29 13:02:49.000000",1.0,2.81,1.0,N,143.0,234.0,1.0,12.0,0.0,0.5,1.53,0.0,0.3,16.83,2.5
2.0,"2019-08-29 13:02:04.000000","2019-08-29 13:25:21.000000",1.0,3.44,1.0,N,143.0,234.0,2.0,16.0,0.0,0.5,0.0,0.0,0.3,19.3,2.5
1.0,"2019-08-29 14:50:45.000000","2019-08-29 15:05:46.000000",1.0,3.2,1.0,N,143.0,234.0,1.0,13.0,2.5,0.5,3.25,0.0,0.3,19.55,2.5
2.0,"2019-08-29 15:17:00.000000","2019-08-29 15:36:08.000000",1.0,3.24,1.0,N,143.0,234.0,1.0,14.5,0.0,0.5,1.5,0.0,0.3,19.3,2.5
2.0,"2019-08-29 15:24:18.000000","2019-08-29 15:44:04.000000",1.0,3.56,1.0,N,143.0,234.0,1.0,15.5,0.0,0.5,5.0,0.0,0.3,23.8,2.5
2.0,"2019-08-29 16:35:26.000000","2019-08-29 16:48:42.000000",1.0,2.61,1.0,N,143.0,234.0,1.0,11.5,1.0,0.5,3.16,0.0,0.3,18.96,2.5
1.0,"2019-08-29 17:35:56.000000","2019-08-29 18:16:01.000000",2.0,3.8,1.0,N,143.0,234.0,1.0,24.0,3.5,0.5,0.0,0.0,0.3,28.3,2.5
1.0,"2019-08-29 17:54:51.000000","2019-08-29 18:16:30.000000",2.0,3.8,1.0,N,143.0,234.0,1.0,17.0,3.5,0.5,2.0,0.0,0.3,23.3,2.5
2.0,"2019-08-29 18:03:49.000000","2019-08-29 18:28:03.000000",1.0,3.39,1.0,N,143.0,234.0,1.0,17.0,1.0,0.5,4.26,0.0,0.3,25.56,2.5
2.0,"2019-08-29 21:21:13.000000","2019-08-29 21:35:38.000000",2.0,3.39,1.0,N,143.0,234.0,1.0,13.5,0.5,0.5,1.7,0.0,0.3,19.0,2.5
2.0,"2019-08-29 21:19:22.000000","2019-08-29 21:33:34.000000",2.0,3.45,1.0,N,143.0,234.0,2.0,13.5,0.5,0.5,0.0,0.0,0.3,17.3,2.5
2.0,"2019-08-30 03:28:37.000000","2019-08-30 03:39:24.000000",1.0,3.51,1.0,N,143.0,234.0,1.0,12.5,0.5,0.5,3.26,0.0,0.3,19.56,2.5
2.0,"2019-08-30 07:00:29.000000","2019-08-30 07:19:52.000000",1.0,3.58,1.0,N,143.0,234.0,1.0,15.0,0.0,0.5,3.66,0.0,0.3,21.96,2.5
2.0,"2019-08-30 08:38:19.000000","2019-08-31 07:54:20.000000",1.0,2.77,1.0,N,143.0,234.0,1.0,11.5,0.0,0.5,1.0,0.0,0.3,15.8,2.5
1.0,"2019-08-30 08:09:59.000000","2019-08-30 08:27:07.000000",1.0,3.4,1.0,Y,143.0,234.0,1.0,14.5,2.5,0.5,3.55,0.0,0.3,21.35,2.5
1.0,"2019-08-30 08:59:26.000000","2019-08-30 09:23:35.000000",2.0,3.4,1.0,N,143.0,234.0,1.0,16.5,2.5,0.5,1.98,0.0,0.3,21.78,2.5
1.0,"2019-08-30 09:27:51.000000","2019-08-30 09:48:34.000000",1.0,3.3,1.0,N,143.0,234.0,2.0,15.5,2.5,0.5,0.0,0.0,0.3,18.8,2.5
1.0,"2019-08-30 09:52:13.000000","2019-08-30 10:17:46.000000",1.0,2.9,1.0,N,143.0,234.0,1.0,17.5,2.5,0.5,4.15,0.0,0.3,24.95,2.5
1.0,"2019-08-30 11:24:27.000000","2019-08-30 11:44:31.000000",1.0,3.6,1.0,N,143.0,234.0,1.0,15.5,2.5,0.5,3.75,0.0,0.3,22.55,2.5
2.0,"2019-08-30 11:17:43.000000","2019-08-30 11:36:02.000000",1.0,3.66,1.0,N,143.0,234.0,1.0,14.5,0.0,0.5,4.45,0.0,0.3,22.25,2.5
2.0,"2019-08-30 12:02:48.000000","2019-08-30 12:22:46.000000",1.0,3.12,1.0,N,143.0,234.0,1.0,14.5,0.0,0.5,4.45,0.0,0.3,22.25,2.5
1.0,"2019-08-30 12:44:46.000000","2019-08-30 13:05:15.000000",1.0,3.7,1.0,N,143.0,234.0,1.0,16.0,2.5,0.5,1.0,0.0,0.3,20.3,2.5
1.0,"2019-08-30 13:57:08.000000","2019-08-30 14:15:24.000000",2.0,3.3,1.0,N,143.0,234.0,1.0,14.5,2.5,0.5,1.0,0.0,0.3,18.8,2.5
2.0,"2019-08-30 17:46:52.000000","2019-08-30 18:05:27.000000",3.0,3.89,1.0,N,143.0,234.0,1.0,15.5,1.0,0.5,3.96,0.0,0.3,23.76,2.5
2.0,"2019-08-30 17:05:36.000000","2019-08-30 17:24:40.000000",1.0,3.18,1.0,N,143.0,234.0,1.0,14.0,1.0,0.5,2.0,0.0,0.3,20.3,2.5
2.0,"2019-08-30 18:17:00.000000","2019-08-30 18:33:36.000000",1.0,3.31,1.0,N,143.0,234.0,1.0,14.0,1.0,0.5,3.66,0.0,0.3,21.96,2.5
1.0,"2019-08-30 20:04:51.000000","2019-08-30 20:26:03.000000",2.0,3.4,1.0,N,143.0,234.0,1.0,15.5,3.0,0.5,3.85,0.0,0.3,23.15,2.5
1.0,"2019-08-30 20:20:33.000000","2019-08-30 20:32:06.000000",1.0,2.5,1.0,N,143.0,234.0,1.0,10.5,3.0,0.5,2.85,0.0,0.3,17.15,2.5
2.0,"2019-08-30 21:43:54.000000","2019-08-30 21:59:22.000000",1.0,3.38,1.0,N,143.0,234.0,1.0,13.5,0.5,0.5,0.7,0.0,0.3,18.0,2.5
1.0,"2019-08-31 03:08:28.000000","2019-08-31 03:17:20.000000",1.0,2.6,1.0,N,143.0,234.0,2.0,9.5,3.0,0.5,0.0,0.0,0.3,13.3,2.5
2.0,"2019-08-31 07:07:23.000000","2019-08-31 07:22:30.000000",1.0,3.94,1.0,N,143.0,234.0,2.0,14.5,0.0,0.5,0.0,0.0,0.3,17.8,2.5
2.0,"2019-08-31 07:48:32.000000","2019-08-31 08:01:02.000000",2.0,3.93,1.0,N,143.0,234.0,1.0,13.5,0.0,0.5,4.2,0.0,0.3,21.0,2.5
1.0,"2019-08-31 08:44:58.000000","2019-08-31 08:55:03.000000",2.0,3.0,1.0,N,143.0,234.0,1.0,11.0,2.5,0.5,2.15,0.0,0.3,16.45,2.5
1.0,"2019-08-31 09:49:19.000000","2019-08-31 10:04:26.000000",2.0,3.6,1.0,N,143.0,234.0,1.0,14.0,2.5,0.5,3.45,0.0,0.3,20.75,2.5
1.0,"2019-08-31 12:12:32.000000","2019-08-31 12:28:30.000000",2.0,3.8,1.0,N,143.0,234.0,1.0,14.0,2.5,0.5,3.45,0.0,0.3,20.75,2.5
2.0,"2019-08-31 15:39:20.000000","2019-08-31 15:54:05.000000",1.0,3.08,1.0,N,143.0,234.0,1.0,13.0,0.0,0.5,2.44,0.0,0.3,18.74,2.5
2.0,"2019-08-31 18:33:36.000000","2019-08-31 18:52:40.000000",1.0,2.94,1.0,N,143.0,234.0,2.0,14.0,0.0,0.5,0.0,0.0,0.3,17.3,2.5
2.0,"2019-08-31 18:03:03.000000","2019-08-31 18:20:31.000000",2.0,3.67,1.0,N,143.0,234.0,2.0,14.5,0.0,0.5,0.0,0.0,0.3,17.8,2.5
1.0,"2019-08-31 18:12:05.000000","2019-08-31 18:36:16.000000",1.0,3.4,1.0,N,143.0,234.0,1.0,17.0,2.5,0.5,0.0,0.0,0.3,20.3,2.5
2.0,"2019-08-31 19:56:39.000000","2019-08-31 20:09:23.000000",2.0,2.69,1.0,N,143.0,234.0,1.0,11.0,0.0,0.5,2.86,0.0,0.3,17.16,2.5
2.0,"2019-08-31 22:22:27.000000","2019-08-31 22:38:39.000000",1.0,2.87,1.0,N,143.0,234.0,1.0,13.0,0.5,0.5,4.2,0.0,0.3,21.0,2.5
,"2019-08-14 14:23:00.000000","2019-08-14 14:50:00.000000",,3.03,,,143.0,234.0,,15.59,5.5,0.5,0.0,0.0,0.3,21.89,0.0
,"2019-08-29 11:13:00.000000","2019-08-29 11:41:00.000000",,2.92,,,143.0,234.0,,21.95,2.75,0.5,0.0,0.0,0.3,25.5,0.0
,"2019-08-30 09:41:00.000000","2019-08-30 09:57:00.000000",,3.32,,,143.0,234.0,,18.34,2.75,0.5,0.0,0.0,0.3,21.89,0.0
