2.0,"2019-08-01 01:04:33.000000","2019-08-01 01:21:59.000000",1.0,5.71,1.0,N,151.0,234.0,2.0,18.5,0.5,0.5,0.0,0.0,0.3,22.3,2.5
1.0,"2019-08-01 05:48:22.000000","2019-08-01 06:04:20.000000",2.0,5.5,1.0,N,151.0,234.0,1.0,17.5,3.0,0.5,0.0,0.0,0.3,21.3,2.5
2.0,"2019-08-01 07:36:24.000000","2019-08-01 08:15:09.000000",1.0,5.55,1.0,N,151.0,234.0,1.0,27.0,0.0,0.5,3.0,0.0,0.3,33.3,2.5
2.0,"2019-08-01 07:32:15.000000","2019-08-01 07:52:42.000000",1.0,4.81,1.0,N,151.0,234.0,1.0,17.5,0.0,0.5,2.0,0.0,0.3,22.8,2.5
2.0,"2019-08-01 08:11:34.000000","2019-08-01 08:48:50.000000",1.0,6.18,1.0,N,151.0,234.0,1.0,25.5,0.0,0.5,5.76,0.0,0.3,34.56,2.5
1.0,"2019-08-01 08:25:00.000000","2019-08-01 09:06:21.000000",1.0,5.8,1.0,N,151.0,234.0,1.0,27.0,2.5,0.5,6.05,0.0,0.3,36.35,2.5
2.0,"2019-08-01 08:40:11.000000","2019-08-01 09:15:35.000000",1.0,5.05,1.0,N,151.0,234.0,1.0,24.0,0.0,0.5,5.46,0.0,0.3,32.76,2.5
2.0,"2019-08-01 09:33:00.000000","2019-08-01 10:10:52.000000",1.0,5.85,1.0,N,151.0,234.0,1.0,26.0,0.0,0.5,5.86,0.0,0.3,35.16,2.5
2.0,"2019-08-01 18:42:58.000000","2019-08-01 19:13:20.000000",1.0,6.37,1.0,N,151.0,234.0,2.0,25.0,1.0,0.5,0.0,0.0,0.3,29.3,2.5
2.0,"2019-08-01 18:59:43.000000","2019-08-01 19:29:51.000000",1.0,6.13,1.0,N,151.0,234.0,1.0,24.5,1.0,0.5,5.76,0.0,0.3,34.56,2.5
2.0,"2019-08-01 18:36:34.000000","2019-08-01 19:08:07.000000",1.0,6.27,1.0,N,151.0,234.0,1.0,26.0,1.0,0.5,9.09,0.0,0.3,39.39,2.5
2.0,"2019-08-02 08:52:43.000000","2019-08-02 09:20:55.000000",1.0,5.94,1.0,N,151.0,234.0,1.0,24.0,0.0,0.5,5.46,0.0,0.3,32.76,2.5
2.0,"2019-08-02 08:28:20.000000","2019-08-02 08:59:10.000000",2.0,4.37,1.0,N,151.0,234.0,2.0,21.5,0.0,0.5,0.0,0.0,0.3,24.8,2.5
1.0,"2019-08-02 09:31:41.000000","2019-08-02 09:50:00.000000",1.0,5.8,1.0,N,151.0,234.0,1.0,19.5,2.5,0.5,4.55,0.0,0.3,27.35,2.5
1.0,"2019-08-02 10:58:53.000000","2019-08-02 11:23:33.000000",1.0,5.8,1.0,N,151.0,234.0,1.0,22.0,2.5,0.5,1.0,0.0,0.3,26.3,2.5
2.0,"2019-08-02 12:40:14.000000","2019-08-02 13:01:46.000000",1.0,5.8,1.0,N,151.0,234.0,1.0,21.0,0.0,0.5,4.86,0.0,0.3,29.16,2.5
1.0,"2019-08-02 16:45:11.000000","2019-08-02 17:20:28.000000",1.0,5.5,1.0,N,151.0,234.0,1.0,26.0,3.5,0.5,7.55,0.0,0.3,37.85,2.5
2.0,"2019-08-02 18:35:25.000000","2019-08-02 18:54:55.000000",1.0,5.6,1.0,N,151.0,234.0,1.0,19.5,1.0,0.5,2.5,0.0,0.3,26.3,2.5
2.0,"2019-08-02 19:43:10.000000","2019-08-02 20:06:20.000000",1.0,6.01,1.0,N,151.0,234.0,1.0,22.0,1.0,0.5,4.0,0.0,0.3,30.3,2.5
2.0,"2019-08-02 22:27:00.000000","2019-08-02 22:59:56.000000",1.0,5.04,1.0,N,151.0,234.0,1.0,22.5,0.5,0.5,6.58,0.0,0.3,32.88,2.5
1.0,"2019-08-03 07:46:14.000000","2019-08-03 08:04:16.000000",1.0,5.9,1.0,N,151.0,234.0,1.0,19.5,2.5,0.5,6.8,0.0,0.3,29.6,2.5
2.0,"2019-08-03 09:43:27.000000","2019-08-03 10:09:18.000000",2.0,6.32,1.0,N,151.0,234.0,2.0,24.0,0.0,0.5,0.0,0.0,0.3,27.3,2.5
1.0,"2019-08-03 12:20:10.000000","2019-08-03 12:42:38.000000",1.0,5.1,1.0,N,151.0,234.0,1.0,20.5,2.5,0.5,2.0,0.0,0.3,25.8,2.5
2.0,"2019-08-03 14:42:34.000000","2019-08-03 15:03:56.000000",4.0,4.74,1.0,N,151.0,234.0,2.0,18.0,0.0,0.5,0.0,0.0,0.3,21.3,2.5
2.0,"2019-08-04 08:31:32.000000","2019-08-04 08:49:31.000000",1.0,5.07,1.0,N,151.0,234.0,1.0,17.5,0.0,0.5,4.2,0.0,0.3,25.0,2.5
1.0,"2019-08-04 09:50:47.000000","2019-08-04 10:07:44.000000",1.0,5.2,1.0,N,151.0,234.0,1.0,18.0,2.5,0.5,1.5,0.0,0.3,22.8,2.5
2.0,"2019-08-04 14:34:03.000000","2019-08-04 15:02:42.000000",1.0,4.53,1.0,N,151.0,234.0,2.0,20.0,0.0,0.5,0.0,0.0,0.3,23.3,2.5
2.0,"2019-08-04 15:38:18.000000","2019-08-04 16:04:12.000000",5.0,4.43,1.0,N,151.0,234.0,1.0,18.5,0.0,0.5,4.36,0.0,0.3,26.16,2.5
1.0,"2019-08-04 17:28:54.000000","2019-08-04 17:54:13.000000",1.0,4.8,1.0,N,151.0,234.0,2.0,19.5,2.5,0.5,0.0,0.0,0.3,22.8,2.5
2.0,"2019-08-04 17:40:22.000000","2019-08-04 18:03:15.000000",2.0,4.52,1.0,N,151.0,234.0,2.0,18.0,0.0,0.5,0.0,0.0,0.3,21.3,2.5
1.0,"2019-08-05 05:42:02.000000","2019-08-05 05:57:11.000000",0.0,5.6,1.0,N,151.0,234.0,1.0,17.5,3.0,0.5,0.0,0.0,0.3,21.3,2.5
1.0,"2019-08-05 06:51:11.000000","2019-08-05 07:11:08.000000",1.0,4.6,1.0,N,151.0,234.0,2.0,17.5,2.5,0.5,0.0,0.0,0.3,20.8,2.5
1.0,"2019-08-05 08:49:49.000000","2019-08-05 09:24:03.000000",1.0,5.1,1.0,N,151.0,234.0,1.0,23.5,2.5,0.5,5.35,0.0,0.3,32.15,2.5
1.0,"2019-08-05 08:23:55.000000","2019-08-05 08:58:14.000000",1.0,5.8,1.0,N,151.0,234.0,1.0,25.5,2.5,0.5,5.75,0.0,0.3,34.55,2.5
2.0,"2019-08-05 08:19:47.000000","2019-08-05 08:47:41.000000",5.0,5.97,1.0,N,151.0,234.0,1.0,22.0,0.0,0.5,5.06,0.0,0.3,30.36,2.5
2.0,"2019-08-05 09:08:32.000000","2019-08-05 09:42:41.000000",2.0,4.39,1.0,N,151.0,234.0,1.0,22.5,0.0,0.5,5.16,0.0,0.3,30.96,2.5
2.0,"2019-08-05 14:03:02.000000","2019-08-05 14:23:23.000000",1.0,5.53,1.0,N,151.0,234.0,1.0,20.5,0.0,0.5,4.76,0.0,0.3,28.56,2.5
2.0,"2019-08-05 19:55:57.000000","2019-08-05 20:21:09.000000",1.0,5.23,1.0,N,151.0,234.0,2.0,20.5,1.0,0.5,0.0,0.0,0.3,24.8,2.5
1.0,"2019-08-05 21:08:14.000000","2019-08-05 21:29:28.000000",1.0,5.5,1.0,N,151.0,234.0,2.0,20.0,3.0,0.5,0.0,0.0,0.3,23.8,2.5
2.0,"2019-08-06 08:39:21.000000","2019-08-06 09:12:29.000000",5.0,5.8,1.0,N,151.0,234.0,1.0,24.5,0.0,0.5,5.56,0.0,0.3,33.36,2.5
2.0,"2019-08-06 08:31:16.000000","2019-08-06 09:02:06.000000",1.0,6.02,1.0,N,151.0,234.0,1.0,24.0,0.0,0.5,5.46,0.0,0.3,32.76,2.5
1.0,"2019-08-06 10:01:10.000000","2019-08-06 10:33:04.000000",1.0,5.5,1.0,N,151.0,234.0,2.0,24.5,2.5,0.5,0.0,0.0,0.3,27.8,2.5
2.0,"2019-08-06 12:49:18.000000","2019-08-06 13:16:04.000000",5.0,5.72,1.0,N,151.0,234.0,2.0,22.0,0.0,0.5,0.0,0.0,0.3,25.3,2.5
2.0,"2019-08-06 13:58:56.000000","2019-08-06 14:28:32.000000",1.0,5.85,1.0,N,151.0,234.0,1.0,24.0,0.0,0.5,4.1,0.0,0.3,31.4,2.5
1.0,"2019-08-06 13:20:20.000000","2019-08-06 13:45:46.000000",1.0,5.7,1.0,N,151.0,234.0,1.0,22.0,2.5,0.5,5.06,0.0,0.3,30.36,2.5
1.0,"2019-08-06 19:43:58.000000","2019-08-06 20:10:34.000000",1.0,4.4,1.0,N,151.0,234.0,2.0,19.5,3.5,0.5,0.0,0.0,0.3,23.8,2.5
2.0,"2019-08-07 07:12:26.000000","2019-08-07 07:29:21.000000",1.0,4.96,1.0,N,151.0,234.0,1.0,16.5,0.0,0.5,2.8,0.0,0.3,22.6,2.5
2.0,"2019-08-07 08:14:52.000000","2019-08-07 08:44:57.000000",1.0,6.06,1.0,N,151.0,234.0,1.0,24.0,0.0,0.5,5.46,0.0,0.3,32.76,2.5
1.0,"2019-08-07 09:04:52.000000","2019-08-07 09:37:55.000000",1.0,5.8,1.0,N,151.0,234.0,1.0,24.5,2.5,0.5,5.56,0.0,0.3,33.36,2.5
2.0,"2019-08-07 12:40:20.000000","2019-08-07 13:07:49.000000",1.0,6.15,1.0,N,151.0,234.0,1.0,24.0,0.0,0.5,1.0,0.0,0.3,28.3,2.5
1.0,"2019-08-07 13:29:30.000000","2019-08-07 13:57:34.000000",1.0,6.0,1.0,N,151.0,234.0,1.0,23.5,2.5,0.5,5.35,0.0,0.3,32.15,2.5
1.0,"2019-08-07 13:47:31.000000","2019-08-07 14:27:11.000000",2.0,4.6,1.0,N,151.0,234.0,1.0,25.5,2.5,0.5,5.76,0.0,0.3,34.56,2.5
2.0,"2019-08-07 16:17:11.000000","2019-08-07 16:54:48.000000",5.0,6.06,1.0,N,151.0,234.0,1.0,27.5,1.0,0.5,6.36,0.0,0.3,38.16,2.5
1.0,"2019-08-08 07:05:08.000000","2019-08-08 07:24:39.000000",1.0,4.7,1.0,N,151.0,234.0,1.0,17.5,2.5,0.5,1.04,0.0,0.3,21.84,2.5
2.0,"2019-08-08 07:53:48.000000","2019-08-08 08:17:31.000000",1.0,6.01,1.0,N,151.0,234.0,1.0,21.5,0.0,0.5,1.8,0.0,0.3,26.6,2.5
2.0,"2019-08-08 08:34:41.000000","2019-08-08 09:05:40.000000",1.0,6.1,1.0,N,151.0,234.0,1.0,23.5,0.0,0.5,5.36,0.0,0.3,32.16,2.5
2.0,"2019-08-08 09:03:45.000000","2019-08-08 09:37:57.000000",1.0,5.14,1.0,N,151.0,234.0,1.0,23.5,0.0,0.5,1.0,0.0,0.3,27.8,2.5
2.0,"2019-08-08 10:08:56.000000","2019-08-08 10:36:37.000000",3.0,5.13,1.0,N,151.0,234.0,1.0,20.5,0.0,0.5,4.76,0.0,0.3,28.56,2.5
1.0,"2019-08-08 12:23:08.000000","2019-08-08 13:04:38.000000",1.0,5.4,1.0,N,151.0,234.0,1.0,27.5,2.5,0.5,6.15,0.0,0.3,36.95,2.5
2.0,"2019-08-08 13:55:27.000000","2019-08-08 14:29:40.000000",1.0,4.33,1.0,N,151.0,234.0,1.0,23.0,0.0,0.5,0.0,0.0,0.3,26.3,2.5
1.0,"2019-08-08 13:56:28.000000","2019-08-08 14:34:31.000000",1.0,6.3,1.0,N,151.0,234.0,1.0,28.5,2.5,0.5,6.35,0.0,0.3,38.15,2.5
2.0,"2019-08-08 17:47:55.000000","2019-08-08 18:21:51.000000",1.0,5.69,1.0,N,151.0,234.0,2.0,25.0,1.0,0.5,0.0,0.0,0.3,29.3,2.5
2.0,"2019-08-09 06:36:49.000000","2019-08-09 06:54:13.000000",4.0,4.68,1.0,N,151.0,234.0,1.0,16.5,0.0,0.5,1.98,0.0,0.3,21.78,2.5
2.0,"2019-08-09 07:06:07.000000","2019-08-09 07:22:55.000000",1.0,4.69,1.0,N,151.0,234.0,1.0,16.0,0.0,0.5,3.86,0.0,0.3,23.16,2.5
1.0,"2019-08-09 08:43:54.000000","2019-08-09 09:05:33.000000",1.0,5.6,1.0,N,151.0,234.0,1.0,19.5,2.5,0.5,4.55,0.0,0.3,27.35,2.5
2.0,"2019-08-09 09:45:17.000000","2019-08-09 10:06:27.000000",6.0,5.69,1.0,N,151.0,234.0,1.0,21.0,0.0,0.5,4.86,0.0,0.3,29.16,2.5
2.0,"2019-08-09 09:45:14.000000","2019-08-09 10:09:25.000000",1.0,5.41,1.0,N,151.0,234.0,1.0,21.5,0.0,0.5,1.0,0.0,0.3,25.8,2.5
2.0,"2019-08-09 09:31:01.000000","2019-08-09 09:54:00.000000",1.0,5.86,1.0,N,151.0,234.0,1.0,21.0,0.0,0.5,4.86,0.0,0.3,29.16,2.5
1.0,"2019-08-09 10:30:26.000000","2019-08-09 10:54:29.000000",1.0,6.0,1.0,N,151.0,234.0,1.0,22.5,2.5,0.5,2.0,0.0,0.3,27.8,2.5
2.0,"2019-08-09 13:14:11.000000","2019-08-09 13:54:54.000000",1.0,4.99,1.0,N,151.0,234.0,1.0,25.5,0.0,0.5,2.0,0.0,0.3,30.8,2.5
2.0,"2019-08-09 20:12:21.000000","2019-08-09 20:38:50.000000",1.0,4.86,1.0,N,151.0,234.0,2.0,20.0,0.5,0.5,0.0,0.0,0.3,23.8,2.5
2.0,"2019-08-10 08:11:33.000000","2019-08-10 08:29:57.000000",1.0,5.59,1.0,N,151.0,234.0,2.0,20.0,0.0,0.5,0.0,0.0,0.3,23.3,2.5
1.0,"2019-08-10 12:57:45.000000","2019-08-10 13:30:31.000000",1.0,6.0,1.0,N,151.0,234.0,2.0,26.0,2.5,0.5,0.0,0.0,0.3,29.3,2.5
1.0,"2019-08-10 12:58:00.000000","2019-08-10 13:20:33.000000",1.0,5.4,1.0,N,151.0,234.0,1.0,20.5,2.5,0.5,1.2,0.0,0.3,25.0,2.5
1.0,"2019-08-10 12:12:38.000000","2019-08-10 12:36:10.000000",1.0,4.4,1.0,N,151.0,234.0,1.0,18.5,2.5,0.5,4.35,0.0,0.3,26.15,2.5
2.0,"2019-08-10 14:07:29.000000","2019-08-10 14:29:21.000000",1.0,4.87,1.0,N,151.0,234.0,1.0,18.5,0.0,0.5,2.0,0.0,0.3,23.8,2.5
2.0,"2019-08-10 17:28:32.000000","2019-08-10 17:53:34.000000",2.0,4.8,1.0,N,151.0,234.0,1.0,19.5,0.0,0.5,2.0,0.0,0.3,24.8,2.5
2.0,"2019-08-10 20:11:14.000000","2019-08-10 20:29:31.000000",1.0,6.07,1.0,N,151.0,234.0,1.0,20.5,0.5,0.5,6.08,0.0,0.3,30.38,2.5
2.0,"2019-08-10 20:05:18.000000","2019-08-10 20:23:33.000000",2.0,5.55,1.0,N,151.0,234.0,1.0,18.5,0.5,0.5,4.46,0.0,0.3,26.76,2.5
2.0,"2019-08-10 22:13:43.000000","2019-08-10 22:37:38.000000",3.0,5.11,1.0,N,151.0,234.0,2.0,20.0,0.5,0.5,0.0,0.0,0.3,23.8,2.5
1.0,"2019-08-11 09:36:51.000000","2019-08-11 09:57:01.000000",1.0,4.5,1.0,N,151.0,234.0,1.0,17.5,2.5,0.5,1.0,0.0,0.3,21.8,2.5
2.0,"2019-08-11 19:39:50.000000","2019-08-11 20:00:27.000000",2.0,6.1,1.0,N,151.0,234.0,1.0,20.5,0.0,0.5,1.0,0.0,0.3,24.8,2.5
1.0,"2019-08-12 05:55:58.000000","2019-08-12 06:08:22.000000",1.0,4.8,1.0,N,151.0,234.0,1.0,15.5,2.5,0.5,1.88,0.0,0.3,20.68,2.5
2.0,"2019-08-12 05:48:09.000000","2019-08-12 06:04:19.000000",1.0,5.62,1.0,N,151.0,234.0,2.0,18.0,0.5,0.5,0.0,0.0,0.3,21.8,2.5
1.0,"2019-08-12 07:56:58.000000","2019-08-12 08:17:55.000000",1.0,4.4,1.0,N,151.0,234.0,1.0,17.5,2.5,0.5,4.15,0.0,0.3,24.95,2.5
1.0,"2019-08-12 15:15:42.000000","2019-08-12 15:45:07.000000",1.0,5.2,1.0,N,151.0,234.0,1.0,22.5,2.5,0.5,5.15,0.0,0.3,30.95,2.5
2.0,"2019-08-12 15:54:23.000000","2019-08-12 16:19:26.000000",1.0,6.27,1.0,N,151.0,234.0,1.0,23.5,0.0,0.5,5.36,0.0,0.3,32.16,2.5
1.0,"2019-08-12 16:10:35.000000","2019-08-12 16:34:59.000000",1.0,6.1,1.0,N,151.0,234.0,1.0,22.5,3.5,0.5,8.0,0.0,0.3,34.8,2.5
2.0,"2019-08-12 20:08:42.000000","2019-08-12 20:35:27.000000",1.0,5.29,1.0,N,151.0,234.0,1.0,20.5,0.5,0.5,5.35,0.0,0.3,29.65,2.5
2.0,"2019-08-13 05:34:15.000000","2019-08-13 05:45:55.000000",1.0,4.99,1.0,N,151.0,234.0,1.0,15.5,0.5,0.5,1.0,0.0,0.3,20.3,2.5
2.0,"2019-08-13 05:09:27.000000","2019-08-13 05:22:57.000000",1.0,4.51,1.0,N,151.0,234.0,1.0,14.5,0.5,0.5,3.66,0.0,0.3,21.96,2.5
2.0,"2019-08-13 06:17:58.000000","2019-08-13 06:34:08.000000",2.0,4.94,1.0,N,151.0,234.0,1.0,17.0,0.0,0.5,3.5,0.0,0.3,23.8,2.5
2.0,"2019-08-13 06:00:06.000000","2019-08-13 06:16:11.000000",5.0,5.14,1.0,N,151.0,234.0,1.0,17.5,0.0,0.5,1.0,0.0,0.3,21.8,2.5
1.0,"2019-08-13 08:36:19.000000","2019-08-13 09:13:38.000000",1.0,5.0,1.0,N,151.0,234.0,1.0,25.0,2.5,0.5,5.65,0.0,0.3,33.95,2.5
1.0,"2019-08-13 08:34:24.000000","2019-08-13 09:01:26.000000",1.0,6.0,1.0,N,151.0,234.0,1.0,22.5,2.5,0.5,6.45,0.0,0.3,32.25,2.5
2.0,"2019-08-13 08:29:56.000000","2019-08-13 08:56:15.000000",6.0,4.57,1.0,N,151.0,234.0,1.0,19.0,0.0,0.5,2.23,0.0,0.3,26.48,2.5
2.0,"2019-08-13 09:17:54.000000","2019-08-13 09:46:49.000000",5.0,5.88,1.0,N,151.0,234.0,1.0,23.0,0.0,0.5,2.63,0.0,0.3,28.93,2.5
1.0,"2019-08-13 09:56:04.000000","2019-08-13 10:19:53.000000",1.0,5.4,1.0,N,151.0,234.0,1.0,21.5,2.5,0.5,3.72,0.0,0.3,28.52,2.5
2.0,"2019-08-13 12:24:26.000000","2019-08-13 12:53:41.000000",2.0,6.41,1.0,N,151.0,234.0,2.0,25.0,0.0,0.5,0.0,0.0,0.3,28.3,2.5
2.0,"2019-08-13 12:09:20.000000","2019-08-13 12:49:36.000000",1.0,5.6,1.0,N,151.0,234.0,1.0,27.0,0.0,0.5,7.58,0.0,0.3,37.88,2.5
2.0,"2019-08-13 16:54:30.000000","2019-08-14 16:38:22.000000",1.0,6.71,1.0,N,151.0,234.0,2.0,25.5,1.0,0.5,0.0,0.0,0.3,29.8,2.5
1.0,"2019-08-14 08:48:07.000000","2019-08-14 09:12:55.000000",0.0,5.9,1.0,N,151.0,234.0,1.0,22.0,2.5,0.5,5.05,0.0,0.3,30.35,2.5
2.0,"2019-08-14 08:39:41.000000","2019-08-14 09:03:26.000000",1.0,5.31,1.0,N,151.0,234.0,1.0,20.5,0.0,0.5,3.57,0.0,0.3,27.37,2.5
2.0,"2019-08-14 09:30:02.000000","2019-08-14 09:55:54.000000",2.0,5.75,1.0,N,151.0,234.0,1.0,22.5,0.0,0.5,5.16,0.0,0.3,30.96,2.5
1.0,"2019-08-14 11:27:14.000000","2019-08-14 11:53:01.000000",1.0,5.9,1.0,N,151.0,234.0,1.0,23.0,2.5,0.5,3.95,0.0,0.3,30.25,2.5
2.0,"2019-08-14 12:19:54.000000","2019-08-14 13:08:02.000000",1.0,5.21,1.0,N,151.0,234.0,1.0,29.5,0.0,0.5,6.0,0.0,0.3,38.8,2.5
1.0,"2019-08-14 12:38:34.000000","2019-08-14 13:06:31.000000",1.0,0.0,1.0,N,151.0,234.0,1.0,22.2,0.0,0.5,0.0,0.0,0.3,23.0,0.0
2.0,"2019-08-14 15:02:26.000000","2019-08-14 15:27:22.000000",1.0,6.06,1.0,N,151.0,234.0,1.0,22.5,0.0,0.5,5.16,0.0,0.3,30.96,2.5
2.0,"2019-08-14 19:09:04.000000","2019-08-14 19:33:12.000000",1.0,5.98,1.0,N,151.0,234.0,1.0,22.0,1.0,0.5,6.58,0.0,0.3,32.88,2.5
1.0,"2019-08-14 20:18:35.000000","2019-08-14 20:37:52.000000",1.0,4.3,1.0,N,151.0,234.0,1.0,16.5,3.0,0.5,3.05,0.0,0.3,23.35,2.5
2.0,"2019-08-15 07:40:52.000000","2019-08-15 08:05:03.000000",4.0,4.87,1.0,N,151.0,234.0,1.0,19.0,0.0,0.5,2.0,0.0,0.3,24.3,2.5
2.0,"2019-08-15 08:47:37.000000","2019-08-15 09:13:24.000000",1.0,5.96,1.0,N,151.0,234.0,1.0,22.5,0.0,0.5,5.16,0.0,0.3,30.96,2.5
2.0,"2019-08-15 11:33:10.000000","2019-08-15 12:05:55.000000",2.0,5.55,1.0,N,151.0,234.0,1.0,25.0,0.0,0.5,5.66,0.0,0.3,33.96,2.5
2.0,"2019-08-15 12:07:46.000000","2019-08-15 12:39:05.000000",1.0,6.51,1.0,N,151.0,234.0,1.0,25.5,0.0,0.5,5.76,0.0,0.3,34.56,2.5
2.0,"2019-08-15 13:28:28.000000","2019-08-15 13:57:14.000000",2.0,6.08,1.0,N,151.0,234.0,1.0,24.0,0.0,0.5,5.46,0.0,0.3,32.76,2.5
1.0,"2019-08-15 14:24:50.000000","2019-08-15 14:58:46.000000",1.0,5.3,1.0,N,151.0,234.0,1.0,23.5,2.5,0.5,3.0,0.0,0.3,29.8,2.5
2.0,"2019-08-15 15:05:13.000000","2019-08-15 15:34:45.000000",2.0,4.58,1.0,N,151.0,234.0,1.0,21.0,0.0,0.5,4.86,0.0,0.3,29.16,2.5
1.0,"2019-08-15 16:14:09.000000","2019-08-15 16:38:16.000000",1.0,6.0,1.0,N,151.0,234.0,1.0,22.5,3.5,0.5,5.35,0.0,0.3,32.15,2.5
2.0,"2019-08-15 20:39:24.000000","2019-08-15 21:06:30.000000",1.0,5.73,1.0,N,151.0,234.0,2.0,21.0,0.5,0.5,0.0,0.0,0.3,24.8,2.5
1.0,"2019-08-15 22:10:18.000000","2019-08-15 22:35:14.000000",1.0,5.1,1.0,N,151.0,234.0,1.0,20.0,3.0,0.5,3.57,0.0,0.3,27.37,2.5
2.0,"2019-08-16 07:36:44.000000","2019-08-16 07:56:46.000000",1.0,4.27,1.0,N,151.0,234.0,1.0,16.5,0.0,0.5,3.96,0.0,0.3,23.76,2.5
2.0,"2019-08-16 08:00:24.000000","2019-08-16 08:30:18.000000",1.0,4.78,1.0,N,151.0,234.0,1.0,21.5,0.0,0.5,2.0,0.0,0.3,26.8,2.5
2.0,"2019-08-16 08:39:20.000000","2019-08-16 09:13:40.000000",1.0,5.64,1.0,N,151.0,234.0,1.0,25.0,0.0,0.5,5.66,0.0,0.3,33.96,2.5
1.0,"2019-08-16 09:36:26.000000","2019-08-16 10:04:52.000000",1.0,5.6,1.0,N,151.0,234.0,1.0,23.5,2.5,0.5,5.36,0.0,0.3,32.16,2.5
2.0,"2019-08-16 09:29:11.000000","2019-08-16 09:55:15.000000",1.0,5.32,1.0,N,151.0,234.0,2.0,21.5,0.0,0.5,0.0,0.0,0.3,24.8,2.5
2.0,"2019-08-16 18:36:32.000000","2019-08-16 19:10:44.000000",2.0,4.66,1.0,N,151.0,234.0,1.0,24.0,1.0,0.5,7.08,0.0,0.3,35.38,2.5
1.0,"2019-08-16 19:01:52.000000","2019-08-16 19:25:31.000000",1.0,4.2,1.0,N,151.0,234.0,2.0,18.5,3.5,0.5,0.0,0.0,0.3,22.8,2.5
2.0,"2019-08-16 21:00:20.000000","2019-08-16 21:24:38.000000",1.0,4.86,1.0,N,151.0,234.0,1.0,19.0,0.5,0.5,1.5,0.0,0.3,24.3,2.5
2.0,"2019-08-16 22:25:54.000000","2019-08-16 22:47:38.000000",1.0,6.02,1.0,N,151.0,234.0,1.0,21.5,0.5,0.5,3.0,0.0,0.3,28.3,2.5
1.0,"2019-08-17 00:50:56.000000","2019-08-17 01:09:23.000000",1.0,4.9,1.0,N,151.0,234.0,2.0,17.5,3.0,0.5,0.0,0.0,0.3,21.3,2.5
2.0,"2019-08-17 01:19:43.000000","2019-08-17 01:36:14.000000",2.0,5.99,1.0,N,151.0,234.0,2.0,19.5,0.5,0.5,0.0,0.0,0.3,23.3,2.5
1.0,"2019-08-17 10:33:48.000000","2019-08-17 11:02:00.000000",1.0,4.9,1.0,N,151.0,234.0,1.0,21.0,2.5,0.5,4.85,0.0,0.3,29.15,2.5
2.0,"2019-08-17 14:46:47.000000","2019-08-17 15:11:47.000000",1.0,4.79,1.0,N,151.0,234.0,1.0,19.5,0.0,0.5,4.56,0.0,0.3,27.36,2.5
2.0,"2019-08-17 14:33:37.000000","2019-08-17 14:56:27.000000",5.0,4.86,1.0,N,151.0,234.0,1.0,18.5,0.0,0.5,4.36,0.0,0.3,26.16,2.5
2.0,"2019-08-17 17:22:48.000000","2019-08-17 17:46:15.000000",1.0,4.81,1.0,N,151.0,234.0,1.0,19.0,0.0,0.5,4.46,0.0,0.3,26.76,2.5
2.0,"2019-08-17 17:33:09.000000","2019-08-17 17:55:38.000000",1.0,5.82,1.0,N,151.0,234.0,1.0,20.5,0.0,0.5,1.0,0.0,0.3,24.8,2.5
1.0,"2019-08-17 19:42:05.000000","2019-08-17 20:05:49.000000",1.0,6.3,1.0,N,151.0,234.0,1.0,23.0,2.5,0.5,5.0,0.0,0.3,31.3,2.5
2.0,"2019-08-17 19:41:43.000000","2019-08-17 20:05:57.000000",1.0,6.29,1.0,N,151.0,234.0,1.0,23.0,0.0,0.5,1.0,0.0,0.3,27.3,2.5
2.0,"2019-08-17 19:42:27.000000","2019-08-17 20:07:58.000000",2.0,5.42,1.0,N,151.0,234.0,1.0,22.0,0.0,0.5,5.06,0.0,0.3,30.36,2.5
1.0,"2019-08-18 07:42:46.000000","2019-08-18 08:00:53.000000",1.0,4.7,1.0,N,151.0,234.0,1.0,17.5,2.5,0.5,5.2,0.0,0.3,26.0,2.5
2.0,"2019-08-18 09:13:34.000000","2019-08-18 09:28:57.000000",1.0,4.7,1.0,N,151.0,234.0,1.0,16.0,0.0,0.5,5.79,0.0,0.3,25.09,2.5
2.0,"2019-08-18 09:32:03.000000","2019-08-18 09:53:29.000000",1.0,6.21,1.0,N,151.0,234.0,1.0,21.5,0.0,0.5,4.96,0.0,0.3,29.76,2.5
1.0,"2019-08-18 10:40:02.000000","2019-08-18 11:06:42.000000",1.0,5.6,1.0,N,151.0,234.0,1.0,22.5,2.5,0.5,7.7,0.0,0.3,33.5,2.5
2.0,"2019-08-18 12:53:07.000000","2019-08-18 13:14:53.000000",2.0,4.49,1.0,N,151.0,234.0,1.0,18.5,0.0,0.5,4.36,0.0,0.3,26.16,2.5
2.0,"2019-08-18 14:50:16.000000","2019-08-18 15:16:24.000000",2.0,4.82,1.0,N,151.0,234.0,1.0,20.0,0.0,0.5,2.33,0.0,0.3,25.63,2.5
2.0,"2019-08-18 18:14:37.000000","2019-08-18 18:36:11.000000",2.0,5.7,1.0,N,151.0,234.0,1.0,19.5,0.0,0.5,4.0,0.0,0.3,26.8,2.5
2.0,"2019-08-18 20:55:27.000000","2019-08-18 21:15:32.000000",1.0,6.16,1.0,N,151.0,234.0,1.0,21.0,0.5,0.5,4.96,0.0,0.3,29.76,2.5
2.0,"2019-08-19 06:06:10.000000","2019-08-19 06:18:25.000000",1.0,4.72,1.0,N,151.0,234.0,1.0,15.0,0.0,0.5,3.66,0.0,0.3,21.96,2.5
2.0,"2019-08-19 06:31:32.000000","2019-08-19 06:48:56.000000",1.0,5.6,1.0,N,151.0,234.0,1.0,19.0,0.0,0.5,4.46,0.0,0.3,26.76,2.5
2.0,"2019-08-19 07:16:22.000000","2019-08-19 07:37:53.000000",1.0,6.17,1.0,N,151.0,234.0,1.0,21.5,0.0,0.5,4.96,0.0,0.3,29.76,2.5
1.0,"2019-08-19 08:27:04.000000","2019-08-19 08:50:55.000000",1.0,5.9,1.0,N,151.0,234.0,1.0,21.5,2.5,0.5,6.2,0.0,0.3,31.0,2.5
2.0,"2019-08-19 08:27:59.000000","2019-08-19 08:54:11.000000",4.0,4.83,1.0,N,151.0,234.0,2.0,19.5,0.0,0.5,0.0,0.0,0.3,22.8,2.5
1.0,"2019-08-19 08:21:29.000000","2019-08-19 08:46:21.000000",1.0,5.7,1.0,N,151.0,234.0,1.0,21.0,2.5,0.5,2.5,0.0,0.3,26.8,2.5
2.0,"2019-08-19 08:59:38.000000","2019-08-19 09:26:07.000000",1.0,5.96,1.0,N,151.0,234.0,2.0,22.5,0.0,0.5,0.0,0.0,0.3,25.8,2.5
1.0,"2019-08-19 13:49:31.000000","2019-08-19 14:14:35.000000",2.0,5.9,1.0,N,151.0,234.0,1.0,22.0,0.0,0.5,0.0,0.0,0.3,22.8,0.0
2.0,"2019-08-19 20:14:18.000000","2019-08-19 20:34:39.000000",1.0,4.73,1.0,N,151.0,234.0,1.0,17.5,0.5,0.5,4.26,0.0,0.3,25.56,2.5
2.0,"2019-08-20 04:33:15.000000","2019-08-20 04:48:34.000000",2.0,5.4,1.0,N,151.0,234.0,1.0,17.5,0.5,0.5,3.0,0.0,0.3,24.3,2.5
1.0,"2019-08-20 08:31:42.000000","2019-08-20 08:57:45.000000",1.0,5.5,1.0,N,151.0,234.0,1.0,21.5,2.5,0.5,2.0,0.0,0.3,26.8,2.5
2.0,"2019-08-20 08:34:02.000000","2019-08-20 09:14:23.000000",1.0,6.31,1.0,N,151.0,234.0,1.0,28.0,0.0,0.5,6.26,0.0,0.3,37.56,2.5
2.0,"2019-08-20 09:51:58.000000","2019-08-20 10:19:54.000000",2.0,5.89,1.0,N,151.0,234.0,1.0,23.5,0.0,0.5,5.36,0.0,0.3,32.16,2.5
1.0,"2019-08-20 09:44:42.000000","2019-08-20 10:17:39.000000",0.0,6.1,1.0,N,151.0,234.0,1.0,25.5,2.5,0.5,5.75,0.0,0.3,34.55,2.5
1.0,"2019-08-20 11:16:55.000000","2019-08-20 11:43:12.000000",1.0,5.8,1.0,N,151.0,234.0,2.0,21.5,2.5,0.5,0.0,0.0,0.3,24.8,2.5
2.0,"2019-08-20 12:34:13.000000","2019-08-20 12:55:42.000000",3.0,5.16,1.0,N,151.0,234.0,1.0,20.0,0.0,0.5,4.66,0.0,0.3,27.96,2.5
1.0,"2019-08-20 16:37:45.000000","2019-08-20 17:02:07.000000",0.0,5.7,1.0,N,151.0,234.0,1.0,21.5,3.5,0.5,5.15,0.0,0.3,30.95,2.5
2.0,"2019-08-21 08:44:23.000000","2019-08-21 09:13:18.000000",1.0,6.09,1.0,N,151.0,234.0,1.0,24.5,0.0,0.5,5.56,0.0,0.3,33.36,2.5
2.0,"2019-08-21 11:25:08.000000","2019-08-21 11:59:21.000000",1.0,4.28,1.0,N,151.0,234.0,1.0,22.0,0.0,0.5,5.06,0.0,0.3,30.36,2.5
2.0,"2019-08-21 15:00:56.000000","2019-08-21 15:32:46.000000",1.0,6.45,1.0,N,151.0,234.0,1.0,25.5,0.0,0.5,5.76,0.0,0.3,34.56,2.5
1.0,"2019-08-21 18:41:25.000000","2019-08-21 19:12:39.000000",1.0,4.5,1.0,N,151.0,234.0,1.0,21.5,3.5,0.5,5.0,0.0,0.3,30.8,2.5
2.0,"2019-08-21 18:58:50.000000","2019-08-21 19:18:57.000000",1.0,5.89,1.0,N,151.0,234.0,2.0,20.5,1.0,0.5,0.0,0.0,0.3,24.8,2.5
2.0,"2019-08-21 19:40:25.000000","2019-08-21 20:02:37.000000",1.0,5.63,1.0,N,151.0,234.0,1.0,21.5,1.0,0.5,6.45,0.0,0.3,32.25,2.5
2.0,"2019-08-22 07:14:11.000000","2019-08-22 07:34:24.000000",1.0,4.73,1.0,N,151.0,234.0,1.0,17.5,0.0,0.5,0.0,0.0,0.3,20.8,2.5
1.0,"2019-08-22 08:46:13.000000","2019-08-22 09:18:53.000000",1.0,5.9,1.0,N,151.0,234.0,1.0,25.5,2.5,0.5,5.75,0.0,0.3,34.55,2.5
1.0,"2019-08-22 08:17:06.000000","2019-08-22 08:43:54.000000",1.0,6.1,1.0,N,151.0,234.0,1.0,23.0,2.5,0.5,5.25,0.0,0.3,31.55,2.5
1.0,"2019-08-22 12:45:31.000000","2019-08-22 13:13:54.000000",3.0,5.2,1.0,N,151.0,234.0,1.0,21.5,2.5,0.5,4.95,0.0,0.3,29.75,2.5
2.0,"2019-08-22 22:15:26.000000","2019-08-22 22:43:15.000000",6.0,6.56,1.0,N,151.0,234.0,1.0,24.0,0.5,0.5,2.5,0.0,0.3,30.3,2.5
1.0,"2019-08-22 23:42:01.000000","2019-08-23 00:14:31.000000",2.0,6.5,1.0,N,151.0,234.0,1.0,25.5,3.0,0.5,2.0,0.0,0.3,31.3,2.5
2.0,"2019-08-23 06:50:21.000000","2019-08-23 07:05:51.000000",1.0,5.89,1.0,N,151.0,234.0,1.0,18.0,0.0,0.5,4.26,0.0,0.3,25.56,2.5
1.0,"2019-08-23 08:42:52.000000","2019-08-23 09:08:16.000000",1.0,4.7,1.0,N,151.0,234.0,1.0,19.0,2.5,0.5,4.45,0.0,0.3,26.75,2.5
2.0,"2019-08-23 08:47:39.000000","2019-08-23 09:10:19.000000",1.0,6.02,1.0,N,151.0,234.0,1.0,21.5,0.0,0.5,4.96,0.0,0.3,29.76,2.5
1.0,"2019-08-23 11:03:24.000000","2019-08-23 11:35:20.000000",0.0,5.0,1.0,N,151.0,234.0,2.0,22.5,2.5,0.5,0.0,0.0,0.3,25.8,2.5
2.0,"2019-08-23 21:57:47.000000","2019-08-23 22:23:08.000000",1.0,4.24,1.0,N,151.0,234.0,1.0,18.5,0.5,0.5,4.46,0.0,0.3,26.76,2.5
2.0,"2019-08-23 22:00:22.000000","2019-08-23 22:19:33.000000",2.0,4.41,1.0,N,151.0,234.0,1.0,16.5,0.5,0.5,2.88,0.0,0.3,23.18,2.5
2.0,"2019-08-24 06:31:04.000000","2019-08-24 06:44:55.000000",1.0,5.0,1.0,N,151.0,234.0,1.0,16.0,0.0,0.5,3.86,0.0,0.3,23.16,2.5
1.0,"2019-08-24 07:10:45.000000","2019-08-24 07:30:58.000000",1.0,5.6,1.0,N,151.0,234.0,1.0,20.0,2.5,0.5,4.65,0.0,0.3,27.95,2.5
1.0,"2019-08-24 08:22:32.000000","2019-08-24 08:42:00.000000",1.0,5.6,1.0,N,151.0,234.0,1.0,20.0,2.5,0.5,4.65,0.0,0.3,27.95,2.5
2.0,"2019-08-24 11:53:32.000000","2019-08-24 12:23:40.000000",1.0,5.6,1.0,N,151.0,234.0,1.0,22.5,0.0,0.5,5.16,0.0,0.3,30.96,2.5
2.0,"2019-08-24 11:40:45.000000","2019-08-24 12:04:19.000000",1.0,6.14,1.0,N,151.0,234.0,1.0,22.5,0.0,0.5,3.87,0.0,0.3,29.67,2.5
2.0,"2019-08-24 13:01:17.000000","2019-08-24 13:27:18.000000",1.0,5.8,1.0,N,151.0,234.0,1.0,23.0,0.0,0.5,5.26,0.0,0.3,31.56,2.5
2.0,"2019-08-24 13:20:48.000000","2019-08-24 13:48:06.000000",1.0,5.79,1.0,N,151.0,234.0,2.0,24.0,0.0,0.5,0.0,0.0,0.3,27.3,2.5
2.0,"2019-08-24 21:41:05.000000","2019-08-24 22:00:46.000000",5.0,4.49,1.0,N,151.0,234.0,1.0,16.5,0.5,0.5,5.08,0.0,0.3,25.38,2.5
2.0,"2019-08-25 01:39:28.000000","2019-08-25 01:55:27.000000",1.0,3.35,1.0,N,151.0,234.0,1.0,13.5,0.5,0.5,3.46,0.0,0.3,20.76,2.5
1.0,"2019-08-25 08:25:59.000000","2019-08-25 08:45:22.000000",1.0,4.3,1.0,N,151.0,234.0,1.0,17.0,2.5,0.5,4.05,0.0,0.3,24.35,2.5
2.0,"2019-08-25 09:36:49.000000","2019-08-25 09:52:48.000000",1.0,5.84,1.0,N,151.0,234.0,2.0,18.5,0.0,0.5,0.0,0.0,0.3,21.8,2.5
1.0,"2019-08-25 14:41:05.000000","2019-08-25 15:03:22.000000",1.0,5.0,1.0,N,151.0,234.0,1.0,18.5,2.5,0.5,3.27,0.0,0.3,25.07,2.5
2.0,"2019-08-25 17:35:22.000000","2019-08-25 17:58:56.000000",1.0,6.07,1.0,N,151.0,234.0,1.0,22.0,0.0,0.5,6.0,0.0,0.3,31.3,2.5
1.0,"2019-08-25 20:34:42.000000","2019-08-25 20:53:43.000000",0.0,5.4,1.0,N,151.0,234.0,1.0,19.0,3.0,0.5,0.0,0.0,0.3,22.8,2.5
2.0,"2019-08-26 05:51:10.000000","2019-08-26 06:06:25.000000",5.0,5.38,1.0,N,151.0,234.0,1.0,17.5,0.5,0.5,5.32,0.0,0.3,26.62,2.5
2.0,"2019-08-26 07:24:33.000000","2019-08-26 07:43:56.000000",1.0,4.91,1.0,N,151.0,234.0,1.0,17.5,0.0,0.5,5.0,0.0,0.3,25.8,2.5
2.0,"2019-08-26 08:38:46.000000","2019-08-26 09:05:27.000000",1.0,5.99,1.0,N,151.0,234.0,1.0,23.0,0.0,0.5,5.26,0.0,0.3,31.56,2.5
1.0,"2019-08-26 09:27:44.000000","2019-08-26 09:52:48.000000",1.0,5.6,1.0,N,151.0,234.0,1.0,21.5,2.5,0.5,4.96,0.0,0.3,29.76,2.5
2.0,"2019-08-26 11:40:38.000000","2019-08-26 12:07:03.000000",1.0,6.04,1.0,N,151.0,234.0,1.0,24.0,0.0,0.5,5.46,0.0,0.3,32.76,2.5
1.0,"2019-08-26 13:28:07.000000","2019-08-26 13:45:31.000000",1.0,5.8,1.0,N,151.0,234.0,1.0,19.5,2.5,0.5,4.55,0.0,0.3,27.35,2.5
1.0,"2019-08-26 16:13:55.000000","2019-08-26 16:36:30.000000",1.0,5.9,1.0,N,151.0,234.0,1.0,21.5,3.5,0.5,6.45,0.0,0.3,32.25,2.5
1.0,"2019-08-26 19:01:11.000000","2019-08-26 19:28:56.000000",1.0,4.6,1.0,N,151.0,234.0,1.0,20.0,3.5,0.5,4.85,0.0,0.3,29.15,2.5
1.0,"2019-08-26 21:12:15.000000","2019-08-26 21:37:17.000000",1.0,5.6,1.0,N,151.0,234.0,1.0,21.5,3.0,0.5,2.0,0.0,0.3,27.3,2.5
2.0,"2019-08-27 00:27:39.000000","2019-08-27 00:47:13.000000",1.0,4.73,1.0,N,151.0,234.0,1.0,17.5,0.5,0.5,4.0,0.0,0.3,25.3,2.5
2.0,"2019-08-27 02:16:54.000000","2019-08-27 02:33:06.000000",1.0,4.78,1.0,N,151.0,234.0,2.0,16.5,0.5,0.5,0.0,0.0,0.3,20.3,2.5
2.0,"2019-08-27 09:24:40.000000","2019-08-27 10:00:00.000000",2.0,4.04,1.0,N,151.0,234.0,1.0,22.5,0.0,0.5,2.2,0.0,0.3,28.0,2.5
1.0,"2019-08-27 11:29:03.000000","2019-08-27 11:52:40.000000",1.0,5.7,1.0,N,151.0,234.0,1.0,21.5,2.5,0.5,4.96,0.0,0.3,29.76,2.5
2.0,"2019-08-27 12:02:11.000000","2019-08-27 12:23:44.000000",1.0,5.45,1.0,N,151.0,234.0,2.0,20.0,0.0,0.5,0.0,0.0,0.3,23.3,2.5
2.0,"2019-08-27 15:19:50.000000","2019-08-27 15:48:29.000000",1.0,4.93,1.0,N,151.0,234.0,1.0,21.5,0.0,0.5,4.0,0.0,0.3,28.8,2.5
2.0,"2019-08-27 18:20:18.000000","2019-08-27 18:46:15.000000",2.0,6.24,1.0,N,151.0,234.0,1.0,23.5,1.0,0.5,5.56,0.0,0.3,33.36,2.5
1.0,"2019-08-27 19:22:57.000000","2019-08-27 19:42:58.000000",1.0,5.7,1.0,N,151.0,234.0,1.0,20.5,3.5,0.5,3.5,0.0,0.3,28.3,2.5
2.0,"2019-08-28 05:51:56.000000","2019-08-28 06:10:33.000000",1.0,5.58,1.0,N,151.0,234.0,2.0,18.5,0.5,0.5,0.0,0.0,0.3,22.3,2.5
2.0,"2019-08-28 06:39:17.000000","2019-08-28 07:00:12.000000",2.0,6.18,1.0,N,151.0,234.0,1.0,22.0,0.0,0.5,6.32,0.0,0.3,31.62,2.5
1.0,"2019-08-28 08:04:36.000000","2019-08-28 08:29:47.000000",1.0,6.0,1.0,N,151.0,234.0,1.0,22.0,2.5,0.5,5.05,0.0,0.3,30.35,2.5
2.0,"2019-08-28 08:32:37.000000","2019-08-28 09:01:27.000000",1.0,6.14,1.0,N,151.0,234.0,1.0,24.0,0.0,0.5,5.46,0.0,0.3,32.76,2.5
1.0,"2019-08-28 08:22:47.000000","2019-08-28 08:48:13.000000",1.0,5.9,1.0,N,151.0,234.0,1.0,22.0,2.5,0.5,5.05,0.0,0.3,30.35,2.5
1.0,"2019-08-28 08:23:54.000000","2019-08-28 08:50:20.000000",1.0,5.7,1.0,N,151.0,234.0,1.0,21.5,2.5,0.5,4.95,0.0,0.3,29.75,2.5
2.0,"2019-08-28 09:46:39.000000","2019-08-28 10:12:52.000000",1.0,6.36,1.0,N,151.0,234.0,1.0,23.0,0.0,0.5,5.26,0.0,0.3,31.56,2.5
2.0,"2019-08-28 10:43:20.000000","2019-08-28 11:15:01.000000",5.0,4.86,1.0,N,151.0,234.0,1.0,22.5,0.0,0.5,1.5,0.0,0.3,27.3,2.5
2.0,"2019-08-28 15:39:33.000000","2019-08-28 16:03:54.000000",1.0,5.42,1.0,N,151.0,234.0,1.0,21.0,0.0,0.5,1.11,0.0,0.3,25.41,2.5
1.0,"2019-08-28 17:04:18.000000","2019-08-28 17:45:04.000000",2.0,5.4,1.0,N,151.0,234.0,1.0,26.5,3.5,0.5,6.15,0.0,0.3,36.95,2.5
1.0,"2019-08-28 18:27:37.000000","2019-08-28 19:05:39.000000",1.0,5.1,1.0,N,151.0,234.0,1.0,25.0,3.5,0.5,3.1,0.0,0.3,32.4,2.5
1.0,"2019-08-28 18:32:47.000000","2019-08-28 18:53:24.000000",1.0,5.8,1.0,Y,151.0,234.0,2.0,20.5,3.5,0.5,0.0,0.0,0.3,24.8,2.5
2.0,"2019-08-28 23:58:49.000000","2019-08-29 00:17:04.000000",1.0,5.92,1.0,N,151.0,234.0,1.0,19.5,0.5,0.5,4.66,0.0,0.3,27.96,2.5
2.0,"2019-08-29 06:36:54.000000","2019-08-29 06:53:37.000000",1.0,4.97,1.0,N,151.0,234.0,1.0,17.0,0.0,0.5,4.06,0.0,0.3,24.36,2.5
1.0,"2019-08-29 08:40:30.000000","2019-08-29 09:14:38.000000",1.0,5.9,1.0,N,151.0,234.0,1.0,26.0,2.5,0.5,5.85,0.0,0.3,35.15,2.5
2.0,"2019-08-29 08:28:32.000000","2019-08-29 08:57:41.000000",1.0,5.79,1.0,N,151.0,234.0,1.0,23.0,0.0,0.5,5.26,0.0,0.3,31.56,2.5
1.0,"2019-08-29 10:49:52.000000","2019-08-29 11:10:26.000000",1.0,6.1,1.0,N,151.0,234.0,1.0,20.5,2.5,0.5,4.75,0.0,0.3,28.55,2.5
2.0,"2019-08-30 05:25:22.000000","2019-08-30 05:43:57.000000",1.0,5.88,1.0,N,151.0,234.0,1.0,20.0,0.5,0.5,4.76,0.0,0.3,28.56,2.5
1.0,"2019-08-30 06:27:47.000000","2019-08-30 06:48:16.000000",1.0,5.9,1.0,N,151.0,234.0,1.0,21.5,2.5,0.5,4.95,0.0,0.3,29.75,2.5
2.0,"2019-08-30 08:31:06.000000","2019-08-30 08:53:22.000000",3.0,6.1,1.0,N,151.0,234.0,1.0,21.5,0.0,0.5,4.96,0.0,0.3,29.76,2.5
2.0,"2019-08-30 09:54:01.000000","2019-08-31 00:00:00.000000",1.0,4.57,1.0,N,151.0,234.0,2.0,21.5,0.0,0.5,0.0,0.0,0.3,24.8,2.5
1.0,"2019-08-30 13:15:30.000000","2019-08-30 13:42:06.000000",1.0,0.0,1.0,Y,151.0,234.0,1.0,22.2,0.0,0.5,0.0,0.0,0.3,23.0,0.0
2.0,"2019-08-30 13:21:41.000000","2019-08-30 13:44:33.000000",1.0,3.29,1.0,N,151.0,234.0,2.0,16.5,0.0,0.5,0.0,0.0,0.3,19.8,2.5
2.0,"2019-08-30 18:36:03.000000","2019-08-30 18:58:58.000000",1.0,5.76,1.0,N,151.0,234.0,1.0,21.5,1.0,0.5,5.16,0.0,0.3,30.96,2.5
2.0,"2019-08-30 18:00:33.000000","2019-08-30 18:23:45.000000",1.0,6.11,1.0,N,151.0,234.0,1.0,22.0,1.0,0.5,4.47,0.0,0.3,30.77,2.5
2.0,"2019-08-31 08:01:10.000000","2019-08-31 08:20:12.000000",1.0,6.05,1.0,N,151.0,234.0,2.0,21.0,0.0,0.5,0.0,0.0,0.3,24.3,2.5
2.0,"2019-08-31 08:00:40.000000","2019-08-31 08:27:59.000000",1.0,6.27,1.0,N,151.0,234.0,2.0,24.5,0.0,0.5,0.0,0.0,0.3,27.8,2.5
2.0,"2019-08-31 09:41:37.000000","2019-08-31 09:59:41.000000",2.0,4.51,1.0,N,151.0,234.0,1.0,16.5,0.0,0.5,3.96,0.0,0.3,23.76,2.5
2.0,"2019-08-31 11:29:59.000000","2019-08-31 11:52:44.000000",1.0,5.12,1.0,N,151.0,234.0,1.0,19.0,0.0,0.5,4.46,0.0,0.3,26.76,2.5
1.0,"2019-08-31 11:37:26.000000","2019-08-31 11:57:21.000000",1.0,4.4,1.0,N,151.0,234.0,2.0,17.0,2.5,0.5,0.0,0.0,0.3,20.3,2.5
1.0,"2019-08-31 17:21:44.000000","2019-08-31 17:45:54.000000",2.0,5.0,1.0,N,151.0,234.0,1.0,19.5,2.5,0.5,4.55,0.0,0.3,27.35,2.5
,"2019-08-23 13:00:32.000000","2019-08-23 13:33:19.000000",,6.08,,,151.0,234.0,,21.33,5.5,0.0,0.0,0.0,0.3,27.13,0.0
