1.0,"2019-08-01 06:41:51.000000","2019-08-01 06:57:50.000000",1.0,4.5,1.0,N,189.0,234.0,1.0,16.5,2.5,0.5,4.95,0.0,0.3,24.75,2.5
1.0,"2019-08-03 01:13:04.000000","2019-08-03 01:35:40.000000",2.0,5.1,1.0,N,189.0,234.0,1.0,19.0,3.0,0.5,0.0,0.0,0.3,22.8,2.5
2.0,"2019-08-03 18:58:18.000000","2019-08-03 19:32:12.000000",1.0,6.01,1.0,N,189.0,234.0,2.0,25.0,0.0,0.5,0.0,0.0,0.3,28.3,2.5
2.0,"2019-08-05 09:16:14.000000","2019-08-05 10:02:43.000000",3.0,7.74,1.0,N,189.0,234.0,1.0,34.0,0.0,0.5,0.0,0.0,0.3,34.8,0.0
1.0,"2019-08-10 16:57:28.000000","2019-08-10 17:35:41.000000",2.0,5.3,1.0,N,189.0,234.0,1.0,27.0,2.5,0.5,6.05,0.0,0.3,36.35,2.5
1.0,"2019-08-10 16:55:12.000000","2019-08-10 17:20:40.000000",1.0,5.2,1.0,N,189.0,234.0,1.0,20.5,2.5,0.5,5.0,0.0,0.3,28.8,2.5
2.0,"2019-08-17 22:07:25.000000","2019-08-17 22:33:11.000000",1.0,5.27,1.0,N,189.0,234.0,1.0,21.0,0.5,0.5,4.96,0.0,0.3,29.76,2.5
1.0,"2019-08-20 19:20:05.000000","2019-08-20 19:49:05.000000",2.0,7.5,1.0,N,189.0,234.0,1.0,27.0,3.5,0.5,5.0,0.0,0.3,36.3,2.5
2.0,"2019-08-20 22:17:38.000000","2019-08-20 22:39:03.000000",1.0,4.7,1.0,N,189.0,234.0,1.0,18.5,0.5,0.5,4.46,0.0,0.3,26.76,2.5
,"2019-08-02 10:08:39.000000","2019-08-02 10:36:55.000000",,4.23,,,189.0,234.0,,28.26,2.75,0.0,0.0,0.0,0.3,31.31,0.0
,"2019-08-09 09:18:00.000000","2019-08-09 09:52:00.000000",,4.88,,,189.0,234.0,,29.89,2.75,0.5,0.0,0.0,0.3,33.44,0.0
