2.0,"2019-08-01 10:48:08.000000","2019-08-01 11:11:36.000000",1.0,2.67,1.0,N,209.0,234.0,1.0,15.5,0.0,0.5,3.76,0.0,0.3,22.56,2.5
2.0,"2019-08-01 11:05:03.000000","2019-08-01 11:26:55.000000",2.0,4.18,1.0,N,209.0,234.0,1.0,17.0,0.0,0.5,4.06,0.0,0.3,24.36,2.5
2.0,"2019-08-01 15:55:10.000000","2019-08-01 16:13:21.000000",1.0,4.6,1.0,N,209.0,234.0,1.0,16.5,0.0,0.5,3.96,0.0,0.3,23.76,2.5
2.0,"2019-08-01 17:09:55.000000","2019-08-01 17:28:03.000000",2.0,4.49,1.0,N,209.0,234.0,1.0,17.0,1.0,0.5,3.2,0.0,0.3,24.5,2.5
1.0,"2019-08-01 21:08:16.000000","2019-08-01 21:22:27.000000",1.0,2.5,1.0,N,209.0,234.0,1.0,11.5,3.0,0.5,1.0,0.0,0.3,16.3,2.5
2.0,"2019-08-01 22:42:47.000000","2019-08-01 22:57:25.000000",1.0,2.8,1.0,N,209.0,234.0,1.0,12.5,0.5,0.5,3.26,0.0,0.3,19.56,2.5
1.0,"2019-08-01 23:59:01.000000","2019-08-02 00:10:15.000000",1.0,4.0,1.0,N,209.0,234.0,1.0,14.0,3.0,0.5,1.0,0.0,0.3,18.8,2.5
2.0,"2019-08-02 09:59:28.000000","2019-08-02 10:39:54.000000",2.0,5.09,1.0,N,209.0,234.0,1.0,28.0,0.0,0.5,0.0,0.0,0.3,31.3,2.5
2.0,"2019-08-02 13:49:29.000000","2019-08-02 14:11:32.000000",1.0,4.25,1.0,N,209.0,234.0,1.0,17.5,0.0,0.5,2.0,0.0,0.3,22.8,2.5
2.0,"2019-08-02 14:01:10.000000","2019-08-02 14:20:59.000000",1.0,4.35,1.0,N,209.0,234.0,2.0,16.5,0.0,0.5,0.0,0.0,0.3,19.8,2.5
1.0,"2019-08-02 17:24:30.000000","2019-08-02 17:53:09.000000",3.0,4.5,1.0,N,209.0,234.0,2.0,21.0,3.5,0.5,0.0,0.0,0.3,25.3,2.5
1.0,"2019-08-02 18:32:06.000000","2019-08-02 18:50:09.000000",1.0,2.4,1.0,N,209.0,234.0,1.0,13.0,3.5,0.5,3.45,0.0,0.3,20.75,2.5
2.0,"2019-08-02 21:52:39.000000","2019-08-02 22:16:36.000000",6.0,2.93,1.0,N,209.0,234.0,1.0,16.0,0.5,0.5,1.0,0.0,0.3,20.8,2.5
1.0,"2019-08-02 22:00:22.000000","2019-08-02 22:20:07.000000",3.0,2.6,1.0,N,209.0,234.0,1.0,13.5,3.0,0.5,3.45,0.0,0.3,20.75,2.5
1.0,"2019-08-02 22:03:33.000000","2019-08-02 22:20:22.000000",2.0,4.2,1.0,N,209.0,234.0,1.0,16.0,3.0,0.5,3.95,0.0,0.3,23.75,2.5
2.0,"2019-08-02 22:46:08.000000","2019-08-02 22:57:57.000000",1.0,2.15,1.0,N,209.0,234.0,1.0,10.0,0.5,0.5,2.76,0.0,0.3,16.56,2.5
2.0,"2019-08-03 15:48:08.000000","2019-08-03 16:03:31.000000",3.0,4.21,1.0,N,209.0,234.0,1.0,15.5,0.0,0.5,3.76,0.0,0.3,22.56,2.5
2.0,"2019-08-03 15:06:54.000000","2019-08-03 15:20:57.000000",2.0,4.3,1.0,N,209.0,234.0,1.0,15.0,0.0,0.5,3.66,0.0,0.3,21.96,2.5
2.0,"2019-08-03 16:20:54.000000","2019-08-03 16:37:23.000000",1.0,4.39,1.0,N,209.0,234.0,1.0,15.5,0.0,0.5,3.76,0.0,0.3,22.56,2.5
1.0,"2019-08-03 18:56:27.000000","2019-08-03 19:19:51.000000",1.0,2.4,1.0,N,209.0,234.0,1.0,16.0,2.5,0.5,3.0,0.0,0.3,22.3,2.5
2.0,"2019-08-03 21:55:28.000000","2019-08-03 22:17:10.000000",1.0,2.93,1.0,N,209.0,234.0,1.0,15.0,0.5,0.5,4.7,0.0,0.3,23.5,2.5
2.0,"2019-08-03 23:31:56.000000","2019-08-03 23:52:57.000000",1.0,3.16,1.0,N,209.0,234.0,1.0,15.0,0.5,0.5,3.76,0.0,0.3,22.56,2.5
1.0,"2019-08-04 01:59:01.000000","2019-08-04 02:07:54.000000",2.0,2.2,1.0,N,209.0,234.0,1.0,9.0,3.0,0.5,2.55,0.0,0.3,15.35,2.5
2.0,"2019-08-04 10:34:45.000000","2019-08-04 10:49:38.000000",1.0,2.73,1.0,N,209.0,234.0,1.0,12.0,0.0,0.5,3.82,0.0,0.3,19.12,2.5
1.0,"2019-08-04 13:05:12.000000","2019-08-04 13:19:39.000000",0.0,2.7,1.0,N,209.0,234.0,1.0,12.0,2.5,0.5,2.0,0.0,0.3,17.3,2.5
2.0,"2019-08-04 14:26:08.000000","2019-08-04 14:44:18.000000",3.0,5.35,1.0,N,209.0,234.0,1.0,18.5,0.0,0.5,5.45,0.0,0.3,27.25,2.5
2.0,"2019-08-04 19:02:11.000000","2019-08-04 19:19:09.000000",1.0,3.08,1.0,N,209.0,234.0,1.0,13.5,0.0,0.5,3.36,0.0,0.3,20.16,2.5
2.0,"2019-08-04 21:40:26.000000","2019-08-04 21:51:25.000000",2.0,2.96,1.0,N,209.0,234.0,1.0,11.0,0.5,0.5,0.0,0.0,0.3,14.8,2.5
1.0,"2019-08-05 06:27:58.000000","2019-08-05 06:37:20.000000",0.0,2.1,1.0,N,209.0,234.0,1.0,9.0,2.5,0.5,1.0,0.0,0.3,13.3,2.5
2.0,"2019-08-05 09:44:04.000000","2019-08-05 10:05:37.000000",1.0,2.77,1.0,N,209.0,234.0,1.0,15.5,0.0,0.5,3.76,0.0,0.3,22.56,2.5
2.0,"2019-08-05 11:48:22.000000","2019-08-05 12:08:31.000000",1.0,2.34,1.0,N,209.0,234.0,1.0,14.0,0.0,0.5,2.0,0.0,0.3,19.3,2.5
2.0,"2019-08-05 11:23:54.000000","2019-08-05 11:38:57.000000",6.0,2.28,1.0,N,209.0,234.0,1.0,11.5,0.0,0.5,2.96,0.0,0.3,17.76,2.5
2.0,"2019-08-05 12:16:38.000000","2019-08-05 12:34:07.000000",3.0,2.83,1.0,N,209.0,234.0,1.0,13.0,0.0,0.5,3.26,0.0,0.3,19.56,2.5
1.0,"2019-08-05 20:32:40.000000","2019-08-05 20:49:12.000000",1.0,4.6,1.0,N,209.0,234.0,1.0,17.0,3.0,0.5,4.15,0.0,0.3,24.95,2.5
2.0,"2019-08-05 20:08:32.000000","2019-08-05 20:22:36.000000",1.0,4.0,1.0,N,209.0,234.0,1.0,14.5,0.5,0.5,1.0,0.0,0.3,19.3,2.5
2.0,"2019-08-05 20:36:28.000000","2019-08-05 20:54:25.000000",1.0,2.84,1.0,N,209.0,234.0,1.0,13.5,0.5,0.5,3.46,0.0,0.3,20.76,2.5
2.0,"2019-08-05 22:20:14.000000","2019-08-05 22:35:41.000000",1.0,2.97,1.0,N,209.0,234.0,1.0,12.5,0.5,0.5,3.26,0.0,0.3,19.56,2.5
1.0,"2019-08-06 09:27:13.000000","2019-08-06 09:41:15.000000",1.0,4.0,1.0,N,209.0,234.0,1.0,15.0,2.5,0.5,3.65,0.0,0.3,21.95,2.5
2.0,"2019-08-06 10:58:04.000000","2019-08-06 11:19:32.000000",1.0,2.54,1.0,N,209.0,234.0,1.0,14.5,0.0,0.5,3.56,0.0,0.3,21.36,2.5
2.0,"2019-08-06 21:23:31.000000","2019-08-06 21:37:03.000000",1.0,2.9,1.0,N,209.0,234.0,2.0,12.0,0.5,0.5,0.0,0.0,0.3,15.8,2.5
2.0,"2019-08-06 22:54:47.000000","2019-08-06 23:09:46.000000",5.0,4.4,1.0,N,209.0,234.0,1.0,16.0,0.5,0.5,3.96,0.0,0.3,23.76,2.5
2.0,"2019-08-06 22:26:55.000000","2019-08-06 22:42:02.000000",5.0,4.33,1.0,N,209.0,234.0,2.0,16.0,0.5,0.5,0.0,0.0,0.3,19.8,2.5
2.0,"2019-08-06 23:13:23.000000","2019-08-06 23:23:07.000000",1.0,2.8,1.0,N,209.0,234.0,2.0,10.5,0.5,0.5,0.0,0.0,0.3,14.3,2.5
2.0,"2019-08-07 09:27:36.000000","2019-08-07 09:51:56.000000",1.0,2.92,1.0,N,209.0,234.0,1.0,16.5,0.0,0.5,1.5,0.0,0.3,21.3,2.5
2.0,"2019-08-07 08:52:27.000000","2019-08-07 09:18:28.000000",1.0,4.53,1.0,N,209.0,234.0,1.0,20.0,0.0,0.5,5.82,0.0,0.3,29.12,2.5
1.0,"2019-08-07 09:33:32.000000","2019-08-07 09:53:43.000000",4.0,4.3,1.0,N,209.0,234.0,1.0,17.5,2.5,0.5,4.0,0.0,0.3,24.8,2.5
2.0,"2019-08-07 10:45:02.000000","2019-08-07 11:09:26.000000",1.0,4.53,1.0,N,209.0,234.0,2.0,19.5,0.0,0.5,0.0,0.0,0.3,22.8,2.5
1.0,"2019-08-07 16:59:08.000000","2019-08-07 17:19:44.000000",1.0,4.2,1.0,N,209.0,234.0,1.0,18.0,3.5,0.5,4.45,0.0,0.3,26.75,2.5
2.0,"2019-08-07 19:08:20.000000","2019-08-07 19:28:00.000000",1.0,4.44,1.0,N,209.0,234.0,1.0,17.5,1.0,0.5,1.0,0.0,0.3,22.8,2.5
2.0,"2019-08-07 19:14:30.000000","2019-08-07 19:30:31.000000",1.0,2.24,1.0,N,209.0,234.0,1.0,12.0,1.0,0.5,3.26,0.0,0.3,19.56,2.5
2.0,"2019-08-08 09:19:21.000000","2019-08-08 09:44:32.000000",1.0,4.2,1.0,N,209.0,234.0,1.0,20.0,0.0,0.5,4.66,0.0,0.3,27.96,2.5
1.0,"2019-08-08 09:09:51.000000","2019-08-08 09:29:46.000000",1.0,4.1,1.0,N,209.0,234.0,1.0,17.5,2.5,0.5,4.15,0.0,0.3,24.95,2.5
2.0,"2019-08-08 11:25:07.000000","2019-08-08 11:46:37.000000",2.0,4.33,1.0,N,209.0,234.0,1.0,16.5,0.0,0.5,3.96,0.0,0.3,23.76,2.5
2.0,"2019-08-08 11:51:15.000000","2019-08-08 12:09:14.000000",5.0,2.58,1.0,N,209.0,234.0,1.0,13.0,0.0,0.5,3.26,0.0,0.3,19.56,2.5
1.0,"2019-08-08 16:57:34.000000","2019-08-08 17:33:44.000000",1.0,2.8,1.0,N,209.0,234.0,1.0,22.5,3.5,0.5,8.0,0.0,0.3,34.8,2.5
2.0,"2019-08-08 17:35:55.000000","2019-08-08 17:58:55.000000",1.0,3.47,1.0,N,209.0,234.0,1.0,17.0,1.0,0.5,4.26,0.0,0.3,25.56,2.5
2.0,"2019-08-08 17:41:48.000000","2019-08-08 18:18:24.000000",1.0,2.49,1.0,N,209.0,234.0,1.0,22.0,1.0,0.5,5.26,0.0,0.3,31.56,2.5
2.0,"2019-08-08 18:06:52.000000","2019-08-08 18:48:30.000000",1.0,3.16,1.0,N,209.0,234.0,2.0,24.5,1.0,0.5,0.0,0.0,0.3,28.8,2.5
2.0,"2019-08-08 20:26:45.000000","2019-08-08 20:53:54.000000",2.0,2.72,1.0,N,209.0,234.0,1.0,17.0,0.5,0.5,3.12,0.0,0.3,23.92,2.5
2.0,"2019-08-08 22:34:28.000000","2019-08-08 22:52:54.000000",2.0,3.46,1.0,N,209.0,234.0,1.0,14.5,0.5,0.5,3.66,0.0,0.3,21.96,2.5
2.0,"2019-08-08 22:22:17.000000","2019-08-08 22:39:08.000000",2.0,4.4,1.0,N,209.0,234.0,1.0,17.0,0.5,0.5,4.16,0.0,0.3,24.96,2.5
1.0,"2019-08-08 22:31:17.000000","2019-08-08 22:45:18.000000",1.0,2.5,1.0,N,209.0,234.0,2.0,11.5,3.0,0.5,0.0,0.0,0.3,15.3,2.5
1.0,"2019-08-08 22:19:09.000000","2019-08-08 22:37:45.000000",1.0,4.5,1.0,Y,209.0,234.0,3.0,17.5,3.0,0.5,0.0,0.0,0.3,21.3,2.5
2.0,"2019-08-08 23:53:25.000000","2019-08-09 00:04:43.000000",1.0,2.89,1.0,N,209.0,234.0,1.0,11.5,0.5,0.5,3.06,0.0,0.3,18.36,2.5
1.0,"2019-08-09 02:51:50.000000","2019-08-09 03:06:09.000000",1.0,2.9,1.0,N,209.0,234.0,1.0,12.5,3.0,0.5,1.63,0.0,0.3,17.93,2.5
1.0,"2019-08-09 03:37:53.000000","2019-08-09 03:48:41.000000",1.0,2.4,1.0,N,209.0,234.0,1.0,10.5,3.0,0.5,2.0,0.0,0.3,16.3,2.5
2.0,"2019-08-09 04:13:54.000000","2019-08-09 04:21:37.000000",4.0,2.33,1.0,N,209.0,234.0,1.0,9.0,0.5,0.5,2.56,0.0,0.3,15.36,2.5
2.0,"2019-08-09 10:51:45.000000","2019-08-09 11:12:47.000000",3.0,2.81,1.0,N,209.0,234.0,1.0,15.0,0.0,0.5,3.0,0.0,0.3,21.3,2.5
1.0,"2019-08-09 11:59:44.000000","2019-08-09 12:25:30.000000",1.0,2.7,1.0,N,209.0,234.0,1.0,16.5,2.5,0.5,3.95,0.0,0.3,23.75,2.5
2.0,"2019-08-09 11:35:01.000000","2019-08-09 11:57:59.000000",1.0,4.06,1.0,N,209.0,234.0,1.0,17.5,0.0,0.5,5.2,0.0,0.3,26.0,2.5
2.0,"2019-08-09 11:28:17.000000","2019-08-09 11:48:30.000000",1.0,4.3,1.0,N,209.0,234.0,2.0,17.0,0.0,0.5,0.0,0.0,0.3,20.3,2.5
2.0,"2019-08-09 15:12:19.000000","2019-08-09 15:34:57.000000",1.0,2.63,1.0,N,209.0,234.0,1.0,15.0,0.0,0.5,3.66,0.0,0.3,21.96,2.5
1.0,"2019-08-09 15:36:45.000000","2019-08-09 15:54:39.000000",2.0,4.6,1.0,N,209.0,234.0,1.0,17.5,2.5,0.5,4.15,0.0,0.3,24.95,2.5
2.0,"2019-08-09 18:26:54.000000","2019-08-09 18:48:08.000000",2.0,4.16,1.0,N,209.0,234.0,1.0,18.0,1.0,0.5,4.46,0.0,0.3,26.76,2.5
2.0,"2019-08-09 18:34:42.000000","2019-08-09 18:55:46.000000",1.0,4.29,1.0,N,209.0,234.0,1.0,18.5,1.0,0.5,1.0,0.0,0.3,23.8,2.5
2.0,"2019-08-09 20:36:08.000000","2019-08-09 20:53:03.000000",1.0,4.28,1.0,N,209.0,234.0,1.0,16.5,0.5,0.5,4.06,0.0,0.3,24.36,2.5
1.0,"2019-08-09 22:02:45.000000","2019-08-09 22:24:12.000000",0.0,3.1,1.0,N,209.0,234.0,2.0,15.0,3.0,0.5,0.0,0.0,0.3,18.8,2.5
2.0,"2019-08-10 04:08:00.000000","2019-08-10 04:19:50.000000",2.0,4.2,1.0,N,209.0,234.0,1.0,14.5,0.5,0.5,4.58,0.0,0.3,22.88,2.5
2.0,"2019-08-10 04:24:59.000000","2019-08-10 04:34:37.000000",1.0,2.98,1.0,N,209.0,234.0,2.0,10.5,0.5,0.5,0.0,0.0,0.3,14.3,2.5
1.0,"2019-08-10 09:40:46.000000","2019-08-10 09:52:44.000000",1.0,3.0,1.0,N,209.0,234.0,1.0,11.5,2.5,0.5,2.95,0.0,0.3,17.75,2.5
2.0,"2019-08-10 11:06:46.000000","2019-08-10 11:26:47.000000",1.0,2.74,1.0,N,209.0,234.0,2.0,14.5,0.0,0.5,0.0,0.0,0.3,17.8,2.5
2.0,"2019-08-10 15:22:54.000000","2019-08-10 15:40:33.000000",1.0,4.25,1.0,N,209.0,234.0,2.0,16.0,0.0,0.5,0.0,0.0,0.3,19.3,2.5
2.0,"2019-08-10 17:09:44.000000","2019-08-10 17:29:05.000000",2.0,3.22,1.0,N,209.0,234.0,1.0,15.0,0.0,0.5,2.0,0.0,0.3,20.3,2.5
2.0,"2019-08-10 18:24:47.000000","2019-08-10 18:40:51.000000",2.0,2.77,1.0,N,209.0,234.0,1.0,12.5,0.0,0.5,3.16,0.0,0.3,18.96,2.5
2.0,"2019-08-10 19:12:03.000000","2019-08-10 19:28:18.000000",1.0,2.31,1.0,N,209.0,234.0,1.0,12.0,0.0,0.5,3.06,0.0,0.3,18.36,2.5
2.0,"2019-08-10 19:07:19.000000","2019-08-10 19:25:22.000000",1.0,4.3,1.0,N,209.0,234.0,1.0,16.5,0.0,0.5,3.96,0.0,0.3,23.76,2.5
2.0,"2019-08-10 20:07:28.000000","2019-08-10 20:20:54.000000",1.0,4.02,1.0,N,209.0,234.0,1.0,15.0,0.5,0.5,3.76,0.0,0.3,22.56,2.5
2.0,"2019-08-10 21:03:52.000000","2019-08-10 21:23:26.000000",1.0,2.65,1.0,N,209.0,234.0,1.0,14.0,0.5,0.5,3.56,0.0,0.3,21.36,2.5
2.0,"2019-08-10 23:46:54.000000","2019-08-11 00:04:23.000000",5.0,4.98,1.0,N,209.0,234.0,2.0,18.0,0.5,0.5,0.0,0.0,0.3,21.8,2.5
1.0,"2019-08-11 01:13:59.000000","2019-08-11 01:29:37.000000",1.0,2.7,1.0,N,209.0,234.0,1.0,12.0,3.0,0.5,1.5,0.0,0.3,17.3,2.5
1.0,"2019-08-11 04:24:53.000000","2019-08-11 04:34:34.000000",1.0,2.9,1.0,N,209.0,234.0,2.0,10.5,3.0,0.5,0.0,0.0,0.3,14.3,2.5
2.0,"2019-08-11 15:21:52.000000","2019-08-11 15:35:13.000000",1.0,4.14,1.0,N,209.0,234.0,1.0,15.0,0.0,0.5,2.5,0.0,0.3,20.8,2.5
2.0,"2019-08-11 21:31:42.000000","2019-08-11 21:53:31.000000",1.0,4.87,1.0,N,209.0,234.0,1.0,18.0,0.5,0.5,6.54,0.0,0.3,28.34,2.5
2.0,"2019-08-12 02:42:16.000000","2019-08-12 02:57:13.000000",1.0,4.4,1.0,N,209.0,234.0,1.0,16.0,0.5,0.5,0.0,0.0,0.3,19.8,2.5
1.0,"2019-08-12 08:51:43.000000","2019-08-12 09:16:01.000000",1.0,4.6,1.0,N,209.0,234.0,1.0,20.0,2.5,0.5,6.95,0.0,0.3,30.25,2.5
1.0,"2019-08-12 12:14:45.000000","2019-08-12 12:36:58.000000",2.0,2.7,1.0,N,209.0,234.0,1.0,15.5,2.5,0.5,3.75,0.0,0.3,22.55,2.5
2.0,"2019-08-12 13:07:18.000000","2019-08-12 13:24:42.000000",1.0,4.2,1.0,N,209.0,234.0,2.0,16.5,0.0,0.5,0.0,0.0,0.3,19.8,2.5
2.0,"2019-08-12 15:57:40.000000","2019-08-12 16:14:24.000000",5.0,2.89,1.0,N,209.0,234.0,1.0,13.0,0.0,0.5,3.26,0.0,0.3,19.56,2.5
1.0,"2019-08-12 16:38:32.000000","2019-08-12 17:00:15.000000",2.0,4.5,1.0,N,209.0,234.0,1.0,19.0,1.0,0.5,0.0,0.0,0.3,20.8,0.0
2.0,"2019-08-13 08:53:57.000000","2019-08-13 09:13:42.000000",1.0,4.39,1.0,N,209.0,234.0,1.0,16.0,0.0,0.5,5.79,0.0,0.3,25.09,2.5
2.0,"2019-08-13 09:32:08.000000","2019-08-13 10:00:23.000000",1.0,2.6,1.0,N,209.0,234.0,1.0,18.0,0.0,0.5,4.26,0.0,0.3,25.56,2.5
2.0,"2019-08-13 09:39:26.000000","2019-08-13 09:57:36.000000",1.0,4.16,1.0,N,209.0,234.0,1.0,16.0,0.0,0.5,3.86,0.0,0.3,23.16,2.5
1.0,"2019-08-13 10:50:08.000000","2019-08-13 11:07:24.000000",1.0,4.3,1.0,N,209.0,234.0,1.0,16.5,2.5,0.5,3.96,0.0,0.3,23.76,2.5
2.0,"2019-08-13 12:41:22.000000","2019-08-13 12:55:30.000000",1.0,3.8,1.0,N,209.0,234.0,2.0,14.0,0.0,0.5,0.0,0.0,0.3,17.3,2.5
2.0,"2019-08-13 13:38:04.000000","2019-08-13 13:55:57.000000",1.0,4.37,1.0,N,209.0,234.0,1.0,17.0,0.0,0.5,3.0,0.0,0.3,23.3,2.5
2.0,"2019-08-13 13:05:46.000000","2019-08-13 13:21:11.000000",1.0,3.95,1.0,N,209.0,234.0,1.0,15.0,0.0,0.5,5.49,0.0,0.3,23.79,2.5
2.0,"2019-08-13 13:53:20.000000","2019-08-13 14:07:48.000000",1.0,4.09,1.0,N,209.0,234.0,1.0,15.5,0.0,0.5,4.7,0.0,0.3,23.5,2.5
2.0,"2019-08-13 16:34:53.000000","2019-08-13 17:02:18.000000",4.0,4.62,1.0,N,209.0,234.0,1.0,21.5,1.0,0.5,5.16,0.0,0.3,30.96,2.5
1.0,"2019-08-13 18:04:06.000000","2019-08-13 18:26:54.000000",2.0,5.2,1.0,N,209.0,234.0,1.0,20.0,3.5,0.5,6.05,0.0,0.3,30.35,2.5
1.0,"2019-08-13 18:08:48.000000","2019-08-13 18:26:41.000000",1.0,2.8,1.0,Y,209.0,234.0,1.0,13.5,3.5,0.5,1.0,0.0,0.3,18.8,2.5
1.0,"2019-08-13 20:05:52.000000","2019-08-13 20:21:01.000000",2.0,3.0,1.0,N,209.0,234.0,1.0,12.5,3.0,0.5,3.25,0.0,0.3,19.55,2.5
2.0,"2019-08-13 20:41:27.000000","2019-08-13 20:57:38.000000",1.0,2.77,1.0,N,209.0,234.0,1.0,12.5,0.5,0.5,1.63,0.0,0.3,17.93,2.5
2.0,"2019-08-13 20:11:16.000000","2019-08-13 20:25:03.000000",2.0,2.77,1.0,N,209.0,234.0,2.0,11.5,0.5,0.5,0.0,0.0,0.3,15.3,2.5
2.0,"2019-08-14 09:36:10.000000","2019-08-14 09:59:39.000000",1.0,2.5,1.0,N,209.0,234.0,1.0,15.5,0.0,0.5,3.76,0.0,0.3,22.56,2.5
2.0,"2019-08-14 11:51:04.000000","2019-08-14 12:09:48.000000",1.0,4.21,1.0,N,209.0,234.0,1.0,16.0,0.0,0.5,3.86,0.0,0.3,23.16,2.5
2.0,"2019-08-14 14:06:12.000000","2019-08-14 14:25:21.000000",1.0,4.5,1.0,N,209.0,234.0,1.0,17.5,0.0,0.5,4.16,0.0,0.3,24.96,2.5
2.0,"2019-08-14 16:23:25.000000","2019-08-14 16:45:31.000000",3.0,4.39,1.0,N,209.0,234.0,2.0,17.0,1.0,0.5,0.0,0.0,0.3,21.3,2.5
2.0,"2019-08-14 19:18:35.000000","2019-08-14 19:39:22.000000",6.0,2.99,1.0,N,209.0,234.0,1.0,14.5,1.0,0.5,3.76,0.0,0.3,22.56,2.5
2.0,"2019-08-14 20:37:21.000000","2019-08-14 20:52:56.000000",2.0,2.88,1.0,N,209.0,234.0,1.0,12.0,0.5,0.5,3.16,0.0,0.3,18.96,2.5
1.0,"2019-08-14 22:37:51.000000","2019-08-14 22:50:29.000000",1.0,2.7,1.0,N,209.0,234.0,1.0,11.5,3.0,0.5,3.05,0.0,0.3,18.35,2.5
2.0,"2019-08-15 00:46:23.000000","2019-08-15 00:55:10.000000",1.0,2.56,1.0,N,209.0,234.0,2.0,9.5,0.5,0.5,0.0,0.0,0.3,13.3,2.5
2.0,"2019-08-15 00:01:02.000000","2019-08-15 00:13:22.000000",2.0,4.1,1.0,N,209.0,234.0,2.0,14.5,0.5,0.5,0.0,0.0,0.3,18.3,2.5
2.0,"2019-08-15 08:45:49.000000","2019-08-15 09:01:22.000000",1.0,2.41,1.0,N,209.0,234.0,1.0,12.0,0.0,0.5,1.0,0.0,0.3,16.3,2.5
1.0,"2019-08-15 11:19:00.000000","2019-08-15 11:45:17.000000",1.0,4.6,1.0,N,209.0,234.0,1.0,21.0,2.5,0.5,6.05,0.0,0.3,30.35,2.5
1.0,"2019-08-15 11:29:35.000000","2019-08-15 11:50:41.000000",3.0,4.0,1.0,N,209.0,234.0,1.0,17.5,2.5,0.5,3.0,0.0,0.3,23.8,2.5
2.0,"2019-08-15 12:19:45.000000","2019-08-15 12:48:22.000000",6.0,4.61,1.0,N,209.0,234.0,1.0,20.5,0.0,0.5,2.0,0.0,0.3,25.8,2.5
1.0,"2019-08-15 13:54:20.000000","2019-08-15 14:14:40.000000",1.0,4.0,1.0,N,209.0,234.0,1.0,16.5,2.5,0.5,3.95,0.0,0.3,23.75,2.5
1.0,"2019-08-15 14:35:55.000000","2019-08-15 14:57:59.000000",1.0,2.8,1.0,N,209.0,234.0,2.0,15.5,2.5,0.5,0.0,0.0,0.3,18.8,2.5
1.0,"2019-08-15 21:42:27.000000","2019-08-15 22:03:36.000000",2.0,5.1,1.0,N,209.0,234.0,1.0,19.5,3.0,0.5,2.0,0.0,0.3,25.3,2.5
2.0,"2019-08-15 22:49:21.000000","2019-08-15 23:01:08.000000",1.0,2.54,1.0,N,209.0,234.0,2.0,10.5,0.5,0.5,0.0,0.0,0.3,14.3,2.5
2.0,"2019-08-16 00:52:46.000000","2019-08-16 01:01:24.000000",1.0,2.41,1.0,N,209.0,234.0,1.0,9.0,0.5,0.5,2.56,0.0,0.3,15.36,2.5
2.0,"2019-08-16 02:53:15.000000","2019-08-16 03:02:54.000000",2.0,2.7,1.0,N,209.0,234.0,1.0,10.0,0.5,0.5,2.76,0.0,0.3,16.56,2.5
1.0,"2019-08-16 02:22:53.000000","2019-08-16 02:37:44.000000",1.0,5.3,1.0,N,209.0,234.0,1.0,17.5,3.0,0.5,6.35,0.0,0.3,27.65,2.5
1.0,"2019-08-16 03:45:16.000000","2019-08-16 03:53:50.000000",3.0,2.4,1.0,N,209.0,234.0,1.0,9.5,3.0,0.5,0.93,0.0,0.3,14.23,2.5
2.0,"2019-08-16 08:48:41.000000","2019-08-16 09:08:48.000000",2.0,4.18,1.0,N,209.0,234.0,1.0,17.0,0.0,0.5,3.04,0.0,0.3,23.34,2.5
2.0,"2019-08-16 08:36:45.000000","2019-08-16 09:00:25.000000",1.0,4.24,1.0,N,209.0,234.0,1.0,18.5,0.0,0.5,4.36,0.0,0.3,26.16,2.5
2.0,"2019-08-16 09:15:20.000000","2019-08-16 09:44:53.000000",1.0,4.63,1.0,N,209.0,234.0,1.0,21.5,0.0,0.5,4.96,0.0,0.3,29.76,2.5
2.0,"2019-08-16 11:00:35.000000","2019-08-16 11:38:13.000000",3.0,3.22,1.0,N,209.0,234.0,2.0,22.5,0.0,0.5,0.0,0.0,0.3,25.8,2.5
2.0,"2019-08-16 11:27:24.000000","2019-08-16 11:50:18.000000",1.0,2.75,1.0,N,209.0,234.0,1.0,15.5,0.0,0.5,3.76,0.0,0.3,22.56,2.5
1.0,"2019-08-16 12:56:29.000000","2019-08-16 13:13:33.000000",1.0,4.2,1.0,N,209.0,234.0,2.0,15.5,2.5,0.5,0.0,0.0,0.3,18.8,2.5
1.0,"2019-08-16 12:42:29.000000","2019-08-16 13:04:03.000000",0.0,4.3,1.0,N,209.0,234.0,1.0,17.5,2.5,0.5,4.15,0.0,0.3,24.95,2.5
1.0,"2019-08-16 18:49:17.000000","2019-08-16 19:08:10.000000",1.0,2.4,1.0,N,209.0,234.0,2.0,13.5,3.5,0.5,0.0,0.0,0.3,17.8,2.5
1.0,"2019-08-16 20:17:40.000000","2019-08-16 20:34:19.000000",1.0,3.8,1.0,N,209.0,234.0,1.0,15.0,3.0,0.5,3.75,0.0,0.3,22.55,2.5
2.0,"2019-08-16 23:56:24.000000","2019-08-17 00:09:56.000000",1.0,4.36,1.0,N,209.0,234.0,1.0,15.5,0.5,0.5,3.86,0.0,0.3,23.16,2.5
2.0,"2019-08-16 23:42:08.000000","2019-08-16 23:58:20.000000",1.0,4.35,1.0,N,209.0,234.0,1.0,16.0,0.5,0.5,2.0,0.0,0.3,21.8,2.5
1.0,"2019-08-17 01:16:49.000000","2019-08-17 01:26:41.000000",0.0,2.1,1.0,N,209.0,234.0,1.0,9.5,3.0,0.5,0.0,0.0,0.3,13.3,2.5
2.0,"2019-08-17 04:21:55.000000","2019-08-17 04:33:03.000000",1.0,2.93,1.0,N,209.0,234.0,2.0,11.0,0.5,0.5,0.0,0.0,0.3,14.8,2.5
2.0,"2019-08-17 13:22:14.000000","2019-08-17 13:44:58.000000",1.0,4.61,1.0,N,209.0,234.0,2.0,19.5,0.0,0.5,0.0,0.0,0.3,22.8,2.5
2.0,"2019-08-17 17:33:53.000000","2019-08-17 17:49:47.000000",1.0,4.06,1.0,N,209.0,234.0,1.0,16.0,0.0,0.5,3.86,0.0,0.3,23.16,2.5
1.0,"2019-08-17 17:06:42.000000","2019-08-17 17:19:21.000000",1.0,2.4,1.0,N,209.0,234.0,1.0,10.5,2.5,0.5,3.0,0.0,0.3,16.8,2.5
1.0,"2019-08-17 17:16:29.000000","2019-08-17 17:42:15.000000",0.0,3.2,1.0,N,209.0,234.0,1.0,17.5,2.5,0.5,2.08,0.0,0.3,22.88,2.5
2.0,"2019-08-17 19:01:17.000000","2019-08-17 19:15:21.000000",1.0,2.47,1.0,N,209.0,234.0,1.0,11.0,0.0,0.5,3.58,0.0,0.3,17.88,2.5
1.0,"2019-08-17 21:38:34.000000","2019-08-17 21:55:22.000000",1.0,2.5,1.0,Y,209.0,234.0,1.0,13.0,3.0,0.5,3.35,0.0,0.3,20.15,2.5
1.0,"2019-08-17 21:25:58.000000","2019-08-17 21:44:36.000000",3.0,4.1,1.0,N,209.0,234.0,1.0,16.5,3.0,0.5,4.06,0.0,0.3,24.36,2.5
1.0,"2019-08-17 22:04:26.000000","2019-08-17 22:26:05.000000",2.0,3.2,1.0,N,209.0,234.0,1.0,15.5,3.0,0.5,5.75,0.0,0.3,25.05,2.5
1.0,"2019-08-17 23:11:15.000000","2019-08-17 23:23:59.000000",2.0,4.1,1.0,N,209.0,234.0,2.0,14.5,3.0,0.5,0.0,0.0,0.3,18.3,2.5
2.0,"2019-08-17 23:49:53.000000","2019-08-18 00:07:24.000000",1.0,5.4,1.0,N,209.0,234.0,1.0,19.0,0.5,0.5,3.42,0.0,0.3,26.22,2.5
2.0,"2019-08-18 01:53:31.000000","2019-08-18 02:05:25.000000",1.0,2.71,1.0,N,209.0,234.0,1.0,11.0,0.5,0.5,1.2,0.0,0.3,16.0,2.5
2.0,"2019-08-18 08:23:50.000000","2019-08-18 08:33:57.000000",2.0,2.88,1.0,N,209.0,234.0,1.0,11.0,0.0,0.5,1.0,0.0,0.3,15.3,2.5
2.0,"2019-08-18 10:53:06.000000","2019-08-18 11:03:37.000000",1.0,4.1,1.0,N,209.0,234.0,2.0,14.0,0.0,0.5,0.0,0.0,0.3,17.3,2.5
2.0,"2019-08-18 10:04:07.000000","2019-08-18 10:17:45.000000",1.0,2.86,1.0,N,209.0,234.0,1.0,12.0,0.0,0.5,2.5,0.0,0.3,17.8,2.5
2.0,"2019-08-18 14:51:55.000000","2019-08-18 15:14:06.000000",4.0,4.04,1.0,N,209.0,234.0,2.0,17.5,0.0,0.5,0.0,0.0,0.3,20.8,2.5
1.0,"2019-08-18 14:52:24.000000","2019-08-18 15:02:29.000000",3.0,2.3,1.0,N,209.0,234.0,2.0,9.5,2.5,0.5,0.0,0.0,0.3,12.8,2.5
1.0,"2019-08-18 15:17:17.000000","2019-08-18 15:37:04.000000",2.0,4.6,1.0,N,209.0,234.0,1.0,17.0,2.5,0.5,4.05,0.0,0.3,24.35,2.5
2.0,"2019-08-18 15:44:37.000000","2019-08-18 16:03:26.000000",1.0,2.84,1.0,N,209.0,234.0,1.0,13.5,0.0,0.5,3.36,0.0,0.3,20.16,2.5
2.0,"2019-08-18 17:56:40.000000","2019-08-18 18:16:16.000000",2.0,4.28,1.0,N,209.0,234.0,1.0,16.0,0.0,0.5,3.86,0.0,0.3,23.16,2.5
2.0,"2019-08-18 17:54:54.000000","2019-08-18 18:12:37.000000",2.0,2.79,1.0,N,209.0,234.0,1.0,13.5,0.0,0.5,2.0,0.0,0.3,18.8,2.5
2.0,"2019-08-18 20:21:52.000000","2019-08-18 20:35:35.000000",1.0,2.78,1.0,N,209.0,234.0,1.0,11.5,0.5,0.5,3.06,0.0,0.3,18.36,2.5
2.0,"2019-08-19 08:45:19.000000","2019-08-19 09:06:16.000000",1.0,2.65,1.0,N,209.0,234.0,1.0,14.5,0.0,0.5,4.45,0.0,0.3,22.25,2.5
1.0,"2019-08-19 14:23:52.000000","2019-08-19 14:41:13.000000",2.0,2.4,1.0,N,209.0,234.0,2.0,12.5,2.5,0.5,0.0,0.0,0.3,15.8,2.5
2.0,"2019-08-19 14:09:14.000000","2019-08-19 14:31:42.000000",1.0,2.81,1.0,N,209.0,234.0,1.0,15.5,0.0,0.5,3.76,0.0,0.3,22.56,2.5
1.0,"2019-08-19 17:06:20.000000","2019-08-19 17:24:45.000000",1.0,4.7,1.0,N,209.0,234.0,1.0,17.5,3.5,0.5,1.0,0.0,0.3,22.8,2.5
2.0,"2019-08-19 17:31:38.000000","2019-08-19 17:50:28.000000",1.0,4.24,1.0,N,209.0,234.0,2.0,16.5,1.0,0.5,0.0,0.0,0.3,20.8,2.5
1.0,"2019-08-19 19:49:58.000000","2019-08-19 20:07:30.000000",2.0,3.1,1.0,N,209.0,234.0,2.0,14.0,3.5,0.5,0.0,0.0,0.3,18.3,2.5
2.0,"2019-08-19 21:30:41.000000","2019-08-19 21:46:11.000000",2.0,2.95,1.0,N,209.0,234.0,1.0,13.0,0.5,0.5,3.36,0.0,0.3,20.16,2.5
2.0,"2019-08-19 21:42:55.000000","2019-08-19 21:59:38.000000",1.0,4.33,1.0,N,209.0,234.0,1.0,17.0,0.5,0.5,4.16,0.0,0.3,24.96,2.5
2.0,"2019-08-19 22:59:34.000000","2019-08-19 23:15:11.000000",1.0,2.95,1.0,N,209.0,234.0,1.0,13.0,0.5,0.5,1.0,0.0,0.3,17.8,2.5
2.0,"2019-08-20 07:23:53.000000","2019-08-20 07:36:13.000000",1.0,2.45,1.0,N,209.0,234.0,1.0,10.5,0.0,0.5,2.76,0.0,0.3,16.56,2.5
1.0,"2019-08-20 10:30:30.000000","2019-08-20 10:48:59.000000",1.0,2.2,1.0,N,209.0,234.0,1.0,13.0,2.5,0.5,3.25,0.0,0.3,19.55,2.5
2.0,"2019-08-20 11:32:31.000000","2019-08-20 11:58:08.000000",1.0,4.48,1.0,N,209.0,234.0,1.0,20.0,0.0,0.5,4.66,0.0,0.3,27.96,2.5
2.0,"2019-08-20 14:10:52.000000","2019-08-20 14:27:08.000000",1.0,2.33,1.0,N,209.0,234.0,1.0,12.5,0.0,0.5,0.0,0.0,0.3,15.8,2.5
1.0,"2019-08-20 14:03:14.000000","2019-08-20 14:21:41.000000",2.0,2.2,1.0,N,209.0,234.0,1.0,13.5,2.5,0.5,4.2,0.0,0.3,21.0,2.5
2.0,"2019-08-20 17:13:59.000000","2019-08-20 17:28:35.000000",5.0,2.65,1.0,N,209.0,234.0,1.0,12.5,1.0,0.5,1.0,0.0,0.3,17.8,2.5
2.0,"2019-08-20 18:02:57.000000","2019-08-20 18:19:20.000000",1.0,2.69,1.0,N,209.0,234.0,1.0,13.0,1.0,0.5,2.0,0.0,0.3,19.3,2.5
1.0,"2019-08-20 19:54:51.000000","2019-08-20 20:09:59.000000",1.0,4.0,1.0,N,209.0,234.0,1.0,15.0,3.5,0.5,1.0,0.0,0.3,20.3,2.5
2.0,"2019-08-20 20:43:14.000000","2019-08-20 21:06:48.000000",1.0,4.41,1.0,N,209.0,234.0,1.0,18.5,0.5,0.5,4.46,0.0,0.3,26.76,2.5
1.0,"2019-08-20 20:16:09.000000","2019-08-20 20:32:14.000000",1.0,4.7,1.0,N,209.0,234.0,1.0,17.0,3.0,0.5,4.15,0.0,0.3,24.95,2.5
2.0,"2019-08-20 21:44:32.000000","2019-08-20 22:02:01.000000",1.0,4.25,1.0,N,209.0,234.0,1.0,16.5,0.5,0.5,3.65,0.0,0.3,23.95,2.5
1.0,"2019-08-20 22:11:19.000000","2019-08-20 22:25:07.000000",1.0,4.0,1.0,N,209.0,234.0,1.0,15.5,3.0,0.5,2.0,0.0,0.3,21.3,2.5
2.0,"2019-08-20 23:06:27.000000","2019-08-20 23:20:18.000000",1.0,2.96,1.0,N,209.0,234.0,1.0,12.0,0.5,0.5,1.0,0.0,0.3,16.8,2.5
2.0,"2019-08-21 08:33:56.000000","2019-08-21 08:48:48.000000",1.0,4.2,1.0,N,209.0,234.0,1.0,15.5,0.0,0.5,3.76,0.0,0.3,22.56,2.5
2.0,"2019-08-21 08:59:45.000000","2019-08-21 09:21:28.000000",1.0,2.78,1.0,N,209.0,234.0,1.0,15.0,0.0,0.5,3.66,0.0,0.3,21.96,2.5
2.0,"2019-08-21 10:09:45.000000","2019-08-21 10:35:57.000000",3.0,4.61,1.0,N,209.0,234.0,1.0,20.0,0.0,0.5,4.66,0.0,0.3,27.96,2.5
2.0,"2019-08-21 11:15:10.000000","2019-08-21 11:31:06.000000",1.0,4.03,1.0,N,209.0,234.0,1.0,16.0,0.0,0.5,3.86,0.0,0.3,23.16,2.5
2.0,"2019-08-21 14:43:56.000000","2019-08-21 15:03:58.000000",1.0,5.34,1.0,N,209.0,234.0,1.0,19.0,0.0,0.5,0.0,0.0,0.3,22.3,2.5
1.0,"2019-08-21 15:34:44.000000","2019-08-21 15:53:37.000000",1.0,4.4,1.0,N,209.0,234.0,1.0,16.5,2.5,0.5,1.0,0.0,0.3,20.8,2.5
2.0,"2019-08-21 15:00:43.000000","2019-08-21 15:20:00.000000",1.0,2.57,1.0,N,209.0,234.0,1.0,14.0,0.0,0.5,3.46,0.0,0.3,20.76,2.5
2.0,"2019-08-21 17:13:01.000000","2019-08-21 17:32:38.000000",2.0,2.48,1.0,N,209.0,234.0,1.0,14.0,1.0,0.5,1.83,0.0,0.3,20.13,2.5
1.0,"2019-08-22 09:26:37.000000","2019-08-22 09:58:04.000000",1.0,4.2,1.0,N,209.0,234.0,1.0,21.5,2.5,0.5,4.95,0.0,0.3,29.75,2.5
1.0,"2019-08-22 14:16:10.000000","2019-08-22 14:34:08.000000",1.0,2.6,1.0,N,209.0,234.0,1.0,13.0,2.5,0.5,1.0,0.0,0.3,17.3,2.5
2.0,"2019-08-22 14:27:49.000000","2019-08-22 14:48:26.000000",1.0,2.8,1.0,N,209.0,234.0,1.0,14.5,0.0,0.5,3.56,0.0,0.3,21.36,2.5
2.0,"2019-08-22 14:39:57.000000","2019-08-22 14:58:38.000000",2.0,3.02,1.0,N,209.0,234.0,1.0,14.0,0.0,0.5,3.46,0.0,0.3,20.76,2.5
2.0,"2019-08-22 16:29:01.000000","2019-08-22 16:43:06.000000",1.0,4.16,1.0,N,209.0,234.0,1.0,15.5,1.0,0.5,3.96,0.0,0.3,23.76,2.5
1.0,"2019-08-22 18:04:55.000000","2019-08-22 18:24:27.000000",1.0,4.3,1.0,N,209.0,234.0,1.0,18.0,3.5,0.5,4.45,0.0,0.3,26.75,2.5
2.0,"2019-08-22 19:09:29.000000","2019-08-22 19:23:56.000000",1.0,4.37,1.0,N,209.0,234.0,1.0,16.0,1.0,0.5,1.2,0.0,0.3,21.5,2.5
2.0,"2019-08-22 19:21:11.000000","2019-08-22 19:34:59.000000",1.0,4.22,1.0,N,209.0,234.0,1.0,15.5,1.0,0.5,3.96,0.0,0.3,23.76,2.5
1.0,"2019-08-22 20:01:24.000000","2019-08-22 20:16:17.000000",1.0,2.4,1.0,N,209.0,234.0,1.0,11.5,3.0,0.5,3.05,0.0,0.3,18.35,2.5
2.0,"2019-08-22 21:49:08.000000","2019-08-22 22:08:56.000000",2.0,4.55,1.0,N,209.0,234.0,1.0,17.5,0.5,0.5,0.0,0.0,0.3,21.3,2.5
2.0,"2019-08-22 21:11:19.000000","2019-08-22 21:30:56.000000",1.0,4.48,1.0,N,209.0,234.0,1.0,17.5,0.5,0.5,5.32,0.0,0.3,26.62,2.5
2.0,"2019-08-23 09:08:38.000000","2019-08-23 09:42:15.000000",5.0,4.33,1.0,N,209.0,234.0,1.0,23.0,0.0,0.5,5.26,0.0,0.3,31.56,2.5
1.0,"2019-08-23 12:27:04.000000","2019-08-23 12:42:34.000000",2.0,2.7,1.0,N,209.0,234.0,1.0,12.0,2.5,0.5,3.05,0.0,0.3,18.35,2.5
1.0,"2019-08-23 13:23:48.000000","2019-08-23 13:40:55.000000",2.0,4.1,1.0,N,209.0,234.0,2.0,16.0,2.5,0.5,0.0,0.0,0.3,19.3,2.5
2.0,"2019-08-23 14:10:43.000000","2019-08-23 14:34:58.000000",5.0,2.9,1.0,N,209.0,234.0,1.0,16.0,0.0,0.5,2.0,0.0,0.3,21.3,2.5
1.0,"2019-08-23 15:46:18.000000","2019-08-23 16:09:09.000000",2.0,2.9,1.0,N,209.0,234.0,1.0,16.0,2.5,0.5,3.85,0.0,0.3,23.15,2.5
1.0,"2019-08-23 19:52:45.000000","2019-08-23 20:10:17.000000",1.0,4.5,1.0,N,209.0,234.0,2.0,17.0,3.0,0.5,0.0,0.0,0.3,20.8,2.5
2.0,"2019-08-23 20:31:13.000000","2019-08-23 20:45:14.000000",2.0,4.12,1.0,N,209.0,234.0,2.0,15.0,0.5,0.5,0.0,0.0,0.3,18.8,2.5
2.0,"2019-08-23 20:02:24.000000","2019-08-23 20:25:12.000000",1.0,3.41,1.0,N,209.0,234.0,1.0,16.0,0.5,0.5,4.95,0.0,0.3,24.75,2.5
2.0,"2019-08-23 21:12:10.000000","2019-08-23 21:29:06.000000",1.0,2.88,1.0,N,209.0,234.0,2.0,12.5,0.5,0.5,0.0,0.0,0.3,16.3,2.5
1.0,"2019-08-23 21:51:28.000000","2019-08-23 22:11:22.000000",1.0,4.7,1.0,N,209.0,234.0,1.0,18.5,3.0,0.5,4.45,0.0,0.3,26.75,2.5
1.0,"2019-08-23 22:20:35.000000","2019-08-23 22:35:14.000000",4.0,4.0,1.0,N,209.0,234.0,1.0,15.5,3.0,0.5,4.83,0.0,0.3,24.13,2.5
2.0,"2019-08-24 03:39:59.000000","2019-08-24 03:53:43.000000",1.0,4.2,1.0,N,209.0,234.0,1.0,15.5,0.5,0.5,3.86,0.0,0.3,23.16,2.5
1.0,"2019-08-24 04:29:02.000000","2019-08-24 04:40:56.000000",1.0,3.1,1.0,N,209.0,234.0,2.0,12.0,3.0,0.5,0.0,0.0,0.3,15.8,2.5
1.0,"2019-08-24 12:37:00.000000","2019-08-24 12:57:11.000000",1.0,4.5,1.0,N,209.0,234.0,1.0,17.0,2.5,0.5,0.0,0.0,0.3,20.3,2.5
1.0,"2019-08-24 17:54:14.000000","2019-08-24 18:11:30.000000",4.0,4.3,1.0,N,209.0,234.0,2.0,15.5,2.5,0.5,0.0,0.0,0.3,18.8,2.5
1.0,"2019-08-24 18:44:46.000000","2019-08-24 19:00:35.000000",4.0,2.6,1.0,N,209.0,234.0,2.0,12.0,2.5,0.5,0.0,0.0,0.3,15.3,2.5
1.0,"2019-08-24 20:43:09.000000","2019-08-24 21:00:49.000000",2.0,2.6,1.0,N,209.0,234.0,2.0,13.0,3.0,0.5,0.0,0.0,0.3,16.8,2.5
2.0,"2019-08-24 21:47:43.000000","2019-08-24 22:02:15.000000",2.0,2.78,1.0,N,209.0,234.0,1.0,12.0,0.5,0.5,0.0,0.0,0.3,15.8,2.5
2.0,"2019-08-24 21:14:11.000000","2019-08-24 21:34:28.000000",1.0,3.87,1.0,N,209.0,234.0,1.0,15.5,0.5,0.5,2.9,0.0,0.3,22.2,2.5
1.0,"2019-08-24 22:46:51.000000","2019-08-24 23:07:36.000000",3.0,3.0,1.0,N,209.0,234.0,1.0,15.0,3.0,0.5,3.76,0.0,0.3,22.56,2.5
2.0,"2019-08-25 16:31:42.000000","2019-08-25 16:50:27.000000",2.0,4.7,1.0,N,209.0,234.0,1.0,18.0,0.0,0.5,4.26,0.0,0.3,25.56,2.5
2.0,"2019-08-25 20:51:00.000000","2019-08-25 21:06:02.000000",1.0,2.95,1.0,N,209.0,234.0,1.0,12.5,0.5,0.5,3.26,0.0,0.3,19.56,2.5
1.0,"2019-08-25 21:38:53.000000","2019-08-25 21:53:39.000000",2.0,4.4,1.0,N,209.0,234.0,1.0,15.5,3.0,0.5,3.85,0.0,0.3,23.15,2.5
2.0,"2019-08-25 23:22:41.000000","2019-08-25 23:35:41.000000",1.0,3.88,1.0,N,209.0,234.0,2.0,14.5,0.5,0.5,0.0,0.0,0.3,18.3,2.5
2.0,"2019-08-26 11:58:07.000000","2019-08-26 12:13:04.000000",2.0,2.39,1.0,N,209.0,234.0,1.0,11.5,0.0,0.5,2.96,0.0,0.3,17.76,2.5
1.0,"2019-08-26 14:22:07.000000","2019-08-26 14:39:50.000000",1.0,2.6,1.0,N,209.0,234.0,1.0,13.0,2.5,0.5,3.25,0.0,0.3,19.55,2.5
1.0,"2019-08-26 20:11:24.000000","2019-08-26 20:30:37.000000",1.0,4.4,1.0,N,209.0,234.0,1.0,17.5,3.0,0.5,4.25,0.0,0.3,25.55,2.5
2.0,"2019-08-26 22:34:55.000000","2019-08-26 22:46:39.000000",2.0,2.84,1.0,N,209.0,234.0,2.0,11.0,0.5,0.5,0.0,0.0,0.3,14.8,2.5
2.0,"2019-08-26 22:26:14.000000","2019-08-26 22:46:20.000000",1.0,5.01,1.0,N,209.0,234.0,1.0,19.0,0.5,0.5,4.56,0.0,0.3,27.36,2.5
2.0,"2019-08-26 23:07:20.000000","2019-08-26 23:21:59.000000",1.0,4.45,1.0,N,209.0,234.0,1.0,16.5,0.5,0.5,2.0,0.0,0.3,22.3,2.5
2.0,"2019-08-27 10:46:13.000000","2019-08-27 11:02:44.000000",2.0,2.6,1.0,N,209.0,234.0,2.0,12.5,0.0,0.5,0.0,0.0,0.3,15.8,2.5
2.0,"2019-08-27 14:24:37.000000","2019-08-27 14:46:23.000000",1.0,4.07,1.0,N,209.0,234.0,1.0,18.5,0.0,0.5,4.36,0.0,0.3,26.16,2.5
2.0,"2019-08-27 18:27:30.000000","2019-08-27 18:48:28.000000",1.0,3.41,1.0,N,209.0,234.0,1.0,15.5,1.0,0.5,3.96,0.0,0.3,23.76,2.5
2.0,"2019-08-27 21:29:51.000000","2019-08-27 21:45:13.000000",1.0,2.9,1.0,N,209.0,234.0,1.0,12.5,0.5,0.5,3.26,0.0,0.3,19.56,2.5
1.0,"2019-08-28 07:28:02.000000","2019-08-28 07:38:23.000000",1.0,2.3,1.0,N,209.0,234.0,1.0,10.0,2.5,0.5,2.65,0.0,0.3,15.95,2.5
2.0,"2019-08-28 08:49:25.000000","2019-08-28 09:08:59.000000",1.0,4.09,1.0,N,209.0,234.0,1.0,17.5,0.0,0.5,3.12,0.0,0.3,23.92,2.5
2.0,"2019-08-28 12:02:01.000000","2019-08-28 12:19:43.000000",1.0,4.15,1.0,N,209.0,234.0,1.0,15.5,0.0,0.5,3.76,0.0,0.3,22.56,2.5
2.0,"2019-08-28 14:16:43.000000","2019-08-28 14:34:56.000000",1.0,4.21,1.0,N,209.0,234.0,1.0,17.0,0.0,0.5,3.0,0.0,0.3,23.3,2.5
2.0,"2019-08-28 14:22:23.000000","2019-08-28 14:42:06.000000",2.0,4.33,1.0,N,209.0,234.0,1.0,17.5,0.0,0.5,4.16,0.0,0.3,24.96,2.5
1.0,"2019-08-28 18:26:22.000000","2019-08-28 18:45:38.000000",1.0,4.2,1.0,N,209.0,234.0,1.0,17.0,3.5,0.5,4.25,0.0,0.3,25.55,2.5
1.0,"2019-08-28 20:25:32.000000","2019-08-28 20:43:13.000000",1.0,4.0,1.0,N,209.0,234.0,2.0,16.5,3.0,0.5,0.0,0.0,0.3,20.3,2.5
1.0,"2019-08-28 22:07:23.000000","2019-08-28 22:20:33.000000",1.0,2.5,1.0,N,209.0,234.0,1.0,11.5,3.0,0.5,3.05,0.0,0.3,18.35,2.5
2.0,"2019-08-29 01:28:09.000000","2019-08-29 01:39:12.000000",1.0,2.87,1.0,N,209.0,234.0,2.0,11.0,0.5,0.5,0.0,0.0,0.3,14.8,2.5
1.0,"2019-08-29 09:55:23.000000","2019-08-29 10:13:42.000000",1.0,4.5,1.0,N,209.0,234.0,1.0,17.0,2.5,0.5,0.0,0.0,0.3,20.3,2.5
1.0,"2019-08-29 13:27:05.000000","2019-08-29 13:52:40.000000",2.0,4.5,1.0,N,209.0,234.0,2.0,19.5,2.5,0.5,0.0,0.0,0.3,22.8,2.5
2.0,"2019-08-29 15:08:10.000000","2019-08-29 15:29:37.000000",2.0,4.47,1.0,N,209.0,234.0,1.0,19.0,0.0,0.5,4.46,0.0,0.3,26.76,2.5
2.0,"2019-08-29 18:42:21.000000","2019-08-29 18:59:15.000000",1.0,4.38,1.0,N,209.0,234.0,1.0,16.5,1.0,0.5,4.16,0.0,0.3,24.96,2.5
2.0,"2019-08-29 18:39:46.000000","2019-08-29 18:56:39.000000",1.0,4.06,1.0,N,209.0,234.0,1.0,16.0,1.0,0.5,5.08,0.0,0.3,25.38,2.5
2.0,"2019-08-29 20:21:35.000000","2019-08-29 20:40:28.000000",2.0,4.53,1.0,N,209.0,234.0,1.0,17.0,0.5,0.5,4.16,0.0,0.3,24.96,2.5
2.0,"2019-08-29 20:38:00.000000","2019-08-29 20:56:40.000000",1.0,2.92,1.0,N,209.0,234.0,1.0,13.5,0.5,0.5,3.46,0.0,0.3,20.76,2.5
2.0,"2019-08-29 22:30:11.000000","2019-08-29 22:47:44.000000",1.0,2.79,1.0,N,209.0,234.0,1.0,13.5,0.5,0.5,3.46,0.0,0.3,20.76,2.5
1.0,"2019-08-29 23:22:21.000000","2019-08-29 23:38:31.000000",4.0,4.1,1.0,N,209.0,234.0,1.0,16.0,3.0,0.5,1.98,0.0,0.3,21.78,2.5
1.0,"2019-08-30 00:39:04.000000","2019-08-30 00:57:39.000000",1.0,3.6,1.0,N,209.0,234.0,2.0,15.0,3.0,0.5,0.0,0.0,0.3,18.8,2.5
2.0,"2019-08-30 01:05:46.000000","2019-08-30 01:18:44.000000",1.0,2.57,1.0,N,209.0,234.0,1.0,11.0,0.5,0.5,2.96,0.0,0.3,17.76,2.5
1.0,"2019-08-30 09:15:57.000000","2019-08-30 09:45:57.000000",2.0,3.7,1.0,N,209.0,234.0,1.0,19.5,2.5,0.5,2.0,0.0,0.3,24.8,2.5
1.0,"2019-08-30 10:42:01.000000","2019-08-30 10:57:49.000000",1.0,4.0,1.0,N,209.0,234.0,1.0,16.0,2.5,0.5,3.85,0.0,0.3,23.15,2.5
1.0,"2019-08-30 11:50:19.000000","2019-08-30 12:06:40.000000",2.0,4.3,1.0,N,209.0,234.0,1.0,16.5,2.5,0.5,3.48,0.0,0.3,23.28,2.5
1.0,"2019-08-30 11:55:39.000000","2019-08-30 12:19:37.000000",1.0,2.7,1.0,N,209.0,234.0,2.0,16.5,2.5,0.5,0.0,0.0,0.3,19.8,2.5
1.0,"2019-08-30 13:56:37.000000","2019-08-30 14:23:17.000000",1.0,2.5,1.0,N,209.0,234.0,2.0,15.5,2.5,0.5,0.0,0.0,0.3,18.8,2.5
2.0,"2019-08-30 14:23:12.000000","2019-08-30 14:39:55.000000",4.0,2.88,1.0,N,209.0,234.0,1.0,13.0,1.0,0.5,3.46,0.0,0.3,20.76,2.5
2.0,"2019-08-30 20:22:47.000000","2019-08-30 20:42:17.000000",1.0,2.83,1.0,N,209.0,234.0,2.0,14.5,0.5,0.5,0.0,0.0,0.3,18.3,2.5
2.0,"2019-08-30 21:33:29.000000","2019-08-30 21:48:53.000000",4.0,3.97,1.0,N,209.0,234.0,1.0,15.5,0.5,0.5,3.86,0.0,0.3,23.16,2.5
2.0,"2019-08-30 21:35:17.000000","2019-08-30 21:55:37.000000",5.0,2.6,1.0,N,209.0,234.0,1.0,14.0,0.5,0.5,3.56,0.0,0.3,21.36,2.5
1.0,"2019-08-31 00:05:49.000000","2019-08-31 00:20:08.000000",4.0,4.0,1.0,N,209.0,234.0,2.0,15.5,3.0,0.5,0.0,0.0,0.3,19.3,2.5
2.0,"2019-08-31 04:28:46.000000","2019-08-31 04:39:06.000000",5.0,3.0,1.0,N,209.0,234.0,2.0,11.0,0.5,0.5,0.0,0.0,0.3,14.8,2.5
2.0,"2019-08-31 14:07:06.000000","2019-08-31 14:19:52.000000",1.0,2.64,1.0,N,209.0,234.0,1.0,11.5,0.0,0.5,2.96,0.0,0.3,17.76,2.5
2.0,"2019-08-31 14:09:33.000000","2019-08-31 14:30:43.000000",1.0,4.56,1.0,N,209.0,234.0,1.0,18.5,0.0,0.5,4.36,0.0,0.3,26.16,2.5
1.0,"2019-08-31 17:17:15.000000","2019-08-31 17:32:32.000000",1.0,4.4,1.0,N,209.0,234.0,1.0,15.5,2.5,0.5,2.0,0.0,0.3,20.8,2.5
2.0,"2019-08-31 18:29:35.000000","2019-09-01 18:15:05.000000",1.0,3.77,1.0,N,209.0,234.0,2.0,16.0,0.0,0.5,0.0,0.0,0.3,19.3,2.5
2.0,"2019-08-31 20:14:44.000000","2019-08-31 20:33:29.000000",1.0,3.19,1.0,N,209.0,234.0,1.0,14.5,0.5,0.5,3.66,0.0,0.3,21.96,2.5
2.0,"2019-08-31 20:21:43.000000","2019-08-31 20:38:31.000000",1.0,3.1,1.0,N,209.0,234.0,1.0,13.5,0.5,0.5,3.46,0.0,0.3,20.76,2.5
2.0,"2019-08-31 23:45:28.000000","2019-09-01 00:06:56.000000",1.0,4.18,1.0,N,209.0,234.0,1.0,19.5,0.5,0.5,6.99,0.0,0.3,30.29,2.5
