1.0,"2019-08-01 06:28:11.000000","2019-08-01 06:35:31.000000",1.0,1.1,1.0,N,224.0,234.0,1.0,7.0,2.5,0.5,0.0,0.0,0.3,10.3,2.5
2.0,"2019-08-01 07:27:00.000000","2019-08-01 07:37:56.000000",1.0,1.36,1.0,N,224.0,234.0,1.0,9.0,0.0,0.5,1.23,0.0,0.3,13.53,2.5
2.0,"2019-08-01 07:52:31.000000","2019-08-01 08:01:27.000000",1.0,0.97,1.0,N,224.0,234.0,1.0,7.0,0.0,0.5,2.06,0.0,0.3,12.36,2.5
2.0,"2019-08-01 08:16:33.000000","2019-08-01 08:28:08.000000",2.0,1.4,1.0,N,224.0,234.0,1.0,8.5,0.0,0.5,2.36,0.0,0.3,14.16,2.5
1.0,"2019-08-01 08:06:20.000000","2019-08-01 08:12:50.000000",1.0,0.9,1.0,N,224.0,234.0,1.0,6.5,2.5,0.5,1.95,0.0,0.3,11.75,2.5
2.0,"2019-08-01 08:39:32.000000","2019-08-01 08:46:51.000000",5.0,0.98,1.0,N,224.0,234.0,1.0,6.5,0.0,0.5,1.96,0.0,0.3,11.76,2.5
2.0,"2019-08-01 09:39:33.000000","2019-08-01 09:46:34.000000",2.0,0.7,1.0,N,224.0,234.0,1.0,6.0,0.0,0.5,1.86,0.0,0.3,11.16,2.5
1.0,"2019-08-01 09:03:46.000000","2019-08-01 09:21:08.000000",0.0,1.1,1.0,N,224.0,234.0,1.0,11.5,2.5,0.5,2.96,0.0,0.3,17.76,2.5
1.0,"2019-08-01 10:55:04.000000","2019-08-01 11:07:17.000000",1.0,1.2,1.0,N,224.0,234.0,1.0,9.0,2.5,0.5,0.02,0.0,0.3,12.32,2.5
2.0,"2019-08-01 10:12:40.000000","2019-08-01 10:23:16.000000",1.0,1.06,1.0,N,224.0,234.0,1.0,8.0,0.0,0.5,2.26,0.0,0.3,13.56,2.5
1.0,"2019-08-01 10:31:10.000000","2019-08-01 10:42:41.000000",1.0,1.1,1.0,N,224.0,234.0,1.0,8.5,2.5,0.5,2.35,0.0,0.3,14.15,2.5
2.0,"2019-08-01 10:14:17.000000","2019-08-01 10:19:44.000000",1.0,0.5,1.0,N,224.0,234.0,1.0,5.0,0.0,0.5,3.0,0.0,0.3,11.3,2.5
2.0,"2019-08-01 10:22:37.000000","2019-08-01 10:33:39.000000",1.0,1.12,1.0,N,224.0,234.0,1.0,8.5,0.0,0.5,1.08,0.0,0.3,12.88,2.5
1.0,"2019-08-01 12:14:51.000000","2019-08-01 12:24:30.000000",1.0,0.9,1.0,N,224.0,234.0,1.0,7.5,2.5,0.5,2.15,0.0,0.3,12.95,2.5
1.0,"2019-08-01 12:37:37.000000","2019-08-01 12:46:37.000000",0.0,1.0,1.0,N,224.0,234.0,2.0,7.5,2.5,0.5,0.0,0.0,0.3,10.8,2.5
2.0,"2019-08-01 13:51:51.000000","2019-08-01 13:58:40.000000",6.0,0.78,1.0,N,224.0,234.0,2.0,6.0,0.0,0.5,0.0,0.0,0.3,9.3,2.5
2.0,"2019-08-01 13:27:20.000000","2019-08-01 13:37:24.000000",1.0,1.31,1.0,N,224.0,234.0,2.0,8.0,0.0,0.5,0.0,0.0,0.3,11.3,2.5
2.0,"2019-08-01 14:04:09.000000","2019-08-01 14:21:23.000000",1.0,1.43,1.0,N,224.0,234.0,1.0,11.5,0.0,0.5,2.96,0.0,0.3,17.76,2.5
2.0,"2019-08-01 15:25:12.000000","2019-08-01 15:32:00.000000",2.0,1.27,1.0,N,224.0,234.0,1.0,7.0,0.0,0.5,2.8,0.0,0.3,13.1,2.5
2.0,"2019-08-01 15:15:07.000000","2019-08-01 15:20:05.000000",1.0,0.79,1.0,N,224.0,234.0,2.0,5.5,0.0,0.5,0.0,0.0,0.3,8.8,2.5
2.0,"2019-08-01 16:27:17.000000","2019-08-01 16:38:07.000000",1.0,1.03,1.0,N,224.0,234.0,2.0,-8.5,-1.0,-0.5,0.0,0.0,-0.3,-12.8,-2.5
2.0,"2019-08-01 16:27:17.000000","2019-08-01 16:38:07.000000",1.0,1.03,1.0,N,224.0,234.0,2.0,8.5,1.0,0.5,0.0,0.0,0.3,12.8,2.5
1.0,"2019-08-01 16:14:16.000000","2019-08-01 16:23:17.000000",1.0,0.9,1.0,N,224.0,234.0,1.0,7.0,3.5,0.5,1.0,0.0,0.3,12.3,2.5
2.0,"2019-08-01 15:00:30.000000","2019-08-01 15:09:58.000000",1.0,1.19,1.0,N,224.0,234.0,1.0,8.0,1.0,0.5,3.08,0.0,0.3,15.38,2.5
2.0,"2019-08-01 17:23:12.000000","2019-08-01 17:28:23.000000",1.0,0.73,1.0,N,224.0,234.0,1.0,5.5,1.0,0.5,0.0,0.0,0.3,9.8,2.5
2.0,"2019-08-01 18:12:03.000000","2019-08-01 18:20:35.000000",2.0,0.89,1.0,N,224.0,234.0,1.0,6.5,1.0,0.5,0.0,0.0,0.3,10.8,2.5
2.0,"2019-08-01 18:15:34.000000","2019-08-01 18:27:14.000000",1.0,1.26,1.0,N,224.0,234.0,1.0,9.0,1.0,0.5,2.66,0.0,0.3,15.96,2.5
2.0,"2019-08-01 18:15:02.000000","2019-08-01 18:20:53.000000",1.0,0.85,1.0,N,224.0,234.0,1.0,5.5,1.0,0.5,1.96,0.0,0.3,11.76,2.5
1.0,"2019-08-01 19:19:57.000000","2019-08-01 19:27:30.000000",3.0,0.9,1.0,N,224.0,234.0,2.0,6.5,3.5,0.5,0.0,0.0,0.3,10.8,2.5
2.0,"2019-08-01 21:43:58.000000","2019-08-01 21:54:29.000000",1.0,1.53,1.0,N,224.0,234.0,1.0,8.5,0.5,0.5,2.46,0.0,0.3,14.76,2.5
2.0,"2019-08-01 22:02:24.000000","2019-08-01 22:08:52.000000",1.0,0.89,1.0,N,224.0,234.0,1.0,6.0,0.5,0.5,1.5,0.0,0.3,11.3,2.5
2.0,"2019-08-01 23:08:12.000000","2019-08-01 23:13:38.000000",1.0,0.95,1.0,N,224.0,234.0,1.0,6.0,0.5,0.5,1.96,0.0,0.3,11.76,2.5
2.0,"2019-08-02 06:39:56.000000","2019-08-02 06:51:17.000000",1.0,1.39,1.0,N,224.0,234.0,1.0,9.0,0.0,0.5,2.46,0.0,0.3,14.76,2.5
2.0,"2019-08-02 07:46:28.000000","2019-08-02 07:57:48.000000",1.0,1.36,1.0,N,224.0,234.0,1.0,9.0,0.0,0.5,1.84,0.0,0.3,14.14,2.5
1.0,"2019-08-02 09:35:28.000000","2019-08-02 09:44:05.000000",1.0,0.9,1.0,N,224.0,234.0,1.0,7.0,2.5,0.5,5.0,0.0,0.3,15.3,2.5
2.0,"2019-08-02 09:08:39.000000","2019-08-02 09:20:37.000000",2.0,1.68,1.0,N,224.0,234.0,1.0,9.5,0.0,0.5,2.56,0.0,0.3,15.36,2.5
1.0,"2019-08-02 10:14:47.000000","2019-08-02 10:26:05.000000",1.0,1.2,1.0,N,224.0,234.0,1.0,8.5,2.5,0.5,2.35,0.0,0.3,14.15,2.5
2.0,"2019-08-02 11:32:49.000000","2019-08-02 11:42:02.000000",2.0,0.82,1.0,N,224.0,234.0,1.0,7.0,0.0,0.5,2.06,0.0,0.3,12.36,2.5
1.0,"2019-08-02 11:43:09.000000","2019-08-02 11:49:59.000000",1.0,0.7,1.0,N,224.0,234.0,1.0,6.0,2.5,0.5,1.85,0.0,0.3,11.15,2.5
1.0,"2019-08-02 11:56:05.000000","2019-08-02 12:10:04.000000",1.0,0.8,1.0,N,224.0,234.0,1.0,9.5,2.5,0.5,0.0,0.0,0.3,12.8,2.5
2.0,"2019-08-02 11:04:06.000000","2019-08-02 11:16:39.000000",1.0,1.17,1.0,N,224.0,234.0,1.0,9.0,0.0,0.5,2.46,0.0,0.3,14.76,2.5
1.0,"2019-08-02 12:27:44.000000","2019-08-02 12:34:15.000000",1.0,1.2,1.0,N,224.0,234.0,2.0,6.5,2.5,0.5,0.0,0.0,0.3,9.8,2.5
1.0,"2019-08-02 12:03:29.000000","2019-08-02 12:13:50.000000",1.0,0.9,1.0,N,224.0,234.0,1.0,8.0,2.5,0.5,2.25,0.0,0.3,13.55,2.5
2.0,"2019-08-02 12:10:25.000000","2019-08-02 12:21:24.000000",4.0,1.08,1.0,N,224.0,234.0,1.0,8.5,0.0,0.5,1.77,0.0,0.3,13.57,2.5
1.0,"2019-08-02 13:38:54.000000","2019-08-02 13:44:06.000000",2.0,0.7,1.0,N,224.0,234.0,2.0,5.5,2.5,0.5,0.0,0.0,0.3,8.8,2.5
2.0,"2019-08-02 13:13:45.000000","2019-08-02 13:28:41.000000",1.0,1.36,1.0,N,224.0,234.0,1.0,10.5,0.0,0.5,2.76,0.0,0.3,16.56,2.5
1.0,"2019-08-02 14:50:45.000000","2019-08-02 15:02:49.000000",1.0,1.1,1.0,N,224.0,234.0,1.0,9.0,2.5,0.5,2.45,0.0,0.3,14.75,2.5
1.0,"2019-08-02 14:53:57.000000","2019-08-02 15:06:25.000000",1.0,1.2,1.0,N,224.0,234.0,1.0,9.0,2.5,0.5,2.45,0.0,0.3,14.75,2.5
2.0,"2019-08-02 14:45:01.000000","2019-08-02 14:48:12.000000",1.0,0.55,1.0,N,224.0,234.0,1.0,4.0,0.0,0.5,1.46,0.0,0.3,8.76,2.5
2.0,"2019-08-02 14:37:55.000000","2019-08-02 14:49:15.000000",4.0,1.05,1.0,N,224.0,234.0,2.0,8.5,0.0,0.5,0.0,0.0,0.3,11.8,2.5
1.0,"2019-08-02 15:50:16.000000","2019-08-02 16:04:27.000000",1.0,1.0,1.0,N,224.0,234.0,1.0,10.0,0.0,0.5,0.0,0.0,0.3,10.8,0.0
2.0,"2019-08-02 19:38:10.000000","2019-08-02 19:48:32.000000",2.0,0.93,1.0,N,224.0,234.0,2.0,7.5,1.0,0.5,0.0,0.0,0.3,11.8,2.5
2.0,"2019-08-02 23:50:06.000000","2019-08-02 23:56:41.000000",3.0,0.97,1.0,N,224.0,234.0,1.0,6.0,0.5,0.5,2.94,0.0,0.3,12.74,2.5
2.0,"2019-08-03 00:15:26.000000","2019-08-03 00:22:22.000000",2.0,1.11,1.0,N,224.0,234.0,1.0,6.5,0.5,0.5,2.06,0.0,0.3,12.36,2.5
2.0,"2019-08-03 00:07:48.000000","2019-08-03 00:16:03.000000",2.0,1.11,1.0,N,224.0,234.0,1.0,7.5,0.5,0.5,1.7,0.0,0.3,13.0,2.5
2.0,"2019-08-03 00:18:15.000000","2019-08-03 00:27:01.000000",1.0,1.28,1.0,N,224.0,234.0,1.0,7.5,0.5,0.5,0.56,0.0,0.3,11.86,2.5
2.0,"2019-08-03 07:18:15.000000","2019-08-03 07:27:45.000000",1.0,1.26,1.0,N,224.0,234.0,1.0,8.0,0.0,0.5,2.0,0.0,0.3,13.3,2.5
1.0,"2019-08-03 09:50:50.000000","2019-08-03 09:59:07.000000",1.0,0.7,1.0,N,224.0,234.0,1.0,7.0,2.5,0.5,1.0,0.0,0.3,11.3,2.5
2.0,"2019-08-03 09:17:58.000000","2019-08-03 09:26:02.000000",1.0,1.15,1.0,N,224.0,234.0,1.0,7.0,0.0,0.5,2.0,0.0,0.3,12.3,2.5
2.0,"2019-08-03 09:29:23.000000","2019-08-03 09:40:54.000000",1.0,1.49,1.0,N,224.0,234.0,1.0,9.0,0.0,0.5,2.46,0.0,0.3,14.76,2.5
2.0,"2019-08-03 09:03:17.000000","2019-08-03 09:19:11.000000",1.0,0.96,1.0,N,224.0,234.0,1.0,10.5,0.0,0.5,2.0,0.0,0.3,15.8,2.5
2.0,"2019-08-03 10:19:47.000000","2019-08-03 10:30:51.000000",1.0,1.29,1.0,N,224.0,234.0,2.0,8.5,0.0,0.5,0.0,0.0,0.3,11.8,2.5
2.0,"2019-08-03 10:20:28.000000","2019-08-03 10:32:51.000000",1.0,0.87,1.0,N,224.0,234.0,2.0,9.0,0.0,0.5,0.0,0.0,0.3,12.3,2.5
2.0,"2019-08-03 10:53:18.000000","2019-08-03 11:01:49.000000",1.0,1.07,1.0,N,224.0,234.0,1.0,7.5,0.0,0.5,2.16,0.0,0.3,12.96,2.5
1.0,"2019-08-03 12:10:30.000000","2019-08-03 12:23:34.000000",1.0,1.4,1.0,N,224.0,234.0,1.0,9.5,2.5,0.5,2.0,0.0,0.3,14.8,2.5
2.0,"2019-08-03 13:54:08.000000","2019-08-03 14:07:34.000000",1.0,1.56,1.0,N,224.0,234.0,1.0,10.0,0.0,0.5,0.0,0.0,0.3,13.3,2.5
1.0,"2019-08-03 14:09:47.000000","2019-08-03 14:18:01.000000",1.0,1.2,1.0,N,224.0,234.0,1.0,7.5,2.5,0.5,2.7,0.0,0.3,13.5,2.5
2.0,"2019-08-03 16:17:19.000000","2019-08-03 16:21:31.000000",6.0,0.73,1.0,N,224.0,234.0,1.0,5.0,0.0,0.5,0.0,0.0,0.3,8.3,2.5
1.0,"2019-08-03 16:05:25.000000","2019-08-03 16:13:51.000000",1.0,1.0,1.0,N,224.0,234.0,1.0,7.5,2.5,0.5,2.15,0.0,0.3,12.95,2.5
1.0,"2019-08-03 16:38:57.000000","2019-08-03 16:47:48.000000",3.0,1.2,1.0,N,224.0,234.0,1.0,7.5,2.5,0.5,2.15,0.0,0.3,12.95,2.5
1.0,"2019-08-03 17:00:52.000000","2019-08-03 17:05:58.000000",2.0,0.6,1.0,N,224.0,234.0,1.0,5.0,2.5,0.5,1.0,0.0,0.3,9.3,2.5
2.0,"2019-08-03 17:51:28.000000","2019-08-03 18:01:20.000000",1.0,1.02,1.0,N,224.0,234.0,2.0,8.0,0.0,0.5,0.0,0.0,0.3,11.3,2.5
2.0,"2019-08-03 17:32:28.000000","2019-08-03 17:39:14.000000",1.0,0.88,1.0,N,224.0,234.0,2.0,6.5,0.0,0.5,0.0,0.0,0.3,9.8,2.5
1.0,"2019-08-03 17:13:09.000000","2019-08-03 17:23:18.000000",2.0,1.3,1.0,N,224.0,234.0,1.0,8.5,2.5,0.5,2.5,0.0,0.3,14.3,2.5
1.0,"2019-08-03 19:45:34.000000","2019-08-03 19:55:52.000000",1.0,1.1,1.0,N,224.0,234.0,1.0,8.0,2.5,0.5,2.25,0.0,0.3,13.55,2.5
1.0,"2019-08-03 20:10:37.000000","2019-08-03 20:16:24.000000",2.0,0.7,1.0,N,224.0,234.0,1.0,5.5,3.0,0.5,1.5,0.0,0.3,10.8,2.5
1.0,"2019-08-04 06:32:29.000000","2019-08-04 06:40:05.000000",1.0,1.1,1.0,N,224.0,234.0,2.0,7.0,2.5,0.5,0.0,0.0,0.3,10.3,2.5
2.0,"2019-08-04 08:31:05.000000","2019-08-04 08:35:14.000000",2.0,0.49,1.0,N,224.0,234.0,2.0,5.0,0.0,0.5,0.0,0.0,0.3,8.3,2.5
2.0,"2019-08-04 08:38:45.000000","2019-08-04 08:45:05.000000",1.0,1.05,1.0,N,224.0,234.0,1.0,6.5,0.0,0.5,2.45,0.0,0.3,12.25,2.5
1.0,"2019-08-04 10:40:18.000000","2019-08-04 10:47:59.000000",1.0,0.8,1.0,N,224.0,234.0,1.0,6.5,2.5,0.5,1.95,0.0,0.3,11.75,2.5
2.0,"2019-08-04 10:25:06.000000","2019-08-04 10:34:08.000000",6.0,1.52,1.0,N,224.0,234.0,2.0,8.0,0.0,0.5,0.0,0.0,0.3,11.3,2.5
1.0,"2019-08-04 12:41:19.000000","2019-08-04 12:55:21.000000",1.0,1.3,1.0,N,224.0,234.0,1.0,10.0,2.5,0.5,2.65,0.0,0.3,15.95,2.5
1.0,"2019-08-04 12:40:03.000000","2019-08-04 12:53:38.000000",2.0,1.1,1.0,N,224.0,234.0,2.0,9.5,2.5,0.5,0.0,0.0,0.3,12.8,2.5
2.0,"2019-08-04 12:08:03.000000","2019-08-04 12:13:15.000000",1.0,0.94,1.0,N,224.0,234.0,1.0,6.0,0.0,0.5,1.0,0.0,0.3,10.3,2.5
2.0,"2019-08-04 13:46:30.000000","2019-08-04 13:57:51.000000",5.0,1.43,1.0,N,224.0,234.0,1.0,9.0,0.0,0.5,2.0,0.0,0.3,14.3,2.5
2.0,"2019-08-04 13:43:01.000000","2019-08-04 13:48:30.000000",2.0,0.96,1.0,N,224.0,234.0,1.0,6.0,0.0,0.5,1.86,0.0,0.3,11.16,2.5
2.0,"2019-08-04 14:34:12.000000","2019-08-04 14:46:14.000000",1.0,1.72,1.0,N,224.0,234.0,2.0,9.5,0.0,0.5,0.0,0.0,0.3,12.8,2.5
1.0,"2019-08-04 16:26:04.000000","2019-08-04 16:35:50.000000",0.0,1.2,1.0,N,224.0,234.0,1.0,8.0,2.5,0.5,1.0,0.0,0.3,12.3,2.5
1.0,"2019-08-04 16:30:02.000000","2019-08-04 16:40:14.000000",1.0,1.0,1.0,Y,224.0,234.0,2.0,8.0,2.5,0.5,0.0,0.0,0.3,11.3,2.5
2.0,"2019-08-04 16:09:39.000000","2019-08-04 16:18:46.000000",1.0,1.07,1.0,N,224.0,234.0,1.0,7.5,0.0,0.5,2.16,0.0,0.3,12.96,2.5
2.0,"2019-08-04 17:57:28.000000","2019-08-04 18:01:25.000000",2.0,0.89,1.0,N,224.0,234.0,2.0,5.0,0.0,0.5,0.0,0.0,0.3,8.3,2.5
1.0,"2019-08-04 18:53:22.000000","2019-08-04 19:01:49.000000",1.0,1.1,1.0,N,224.0,234.0,1.0,7.0,2.5,0.5,1.5,0.0,0.3,11.8,2.5
2.0,"2019-08-04 18:50:42.000000","2019-08-04 19:00:39.000000",1.0,1.38,1.0,N,224.0,234.0,1.0,8.5,0.0,0.5,2.0,0.0,0.3,13.8,2.5
2.0,"2019-08-04 18:17:56.000000","2019-08-04 18:27:37.000000",2.0,1.32,1.0,N,224.0,234.0,1.0,8.0,0.0,0.5,2.26,0.0,0.3,13.56,2.5
2.0,"2019-08-04 20:32:28.000000","2019-08-04 20:44:19.000000",2.0,1.03,1.0,N,224.0,234.0,1.0,8.5,0.5,0.5,2.46,0.0,0.3,14.76,2.5
1.0,"2019-08-04 22:25:26.000000","2019-08-04 22:31:18.000000",2.0,0.8,1.0,N,224.0,234.0,1.0,5.5,3.0,0.5,0.0,0.0,0.3,9.3,2.5
1.0,"2019-08-04 23:57:46.000000","2019-08-05 00:04:46.000000",1.0,1.2,1.0,N,224.0,234.0,1.0,7.0,3.0,0.5,2.15,0.0,0.3,12.95,2.5
1.0,"2019-08-05 07:44:37.000000","2019-08-05 07:51:21.000000",1.0,1.0,1.0,N,224.0,234.0,2.0,6.0,2.5,0.5,0.0,0.0,0.3,9.3,2.5
2.0,"2019-08-05 07:24:59.000000","2019-08-05 07:33:54.000000",1.0,1.39,1.0,N,224.0,234.0,1.0,7.5,0.0,0.5,2.16,0.0,0.3,12.96,2.5
2.0,"2019-08-05 07:51:04.000000","2019-08-05 07:57:02.000000",1.0,0.83,1.0,N,224.0,234.0,2.0,6.0,0.0,0.5,0.0,0.0,0.3,9.3,2.5
1.0,"2019-08-05 08:28:23.000000","2019-08-05 08:37:25.000000",1.0,1.2,1.0,N,224.0,234.0,1.0,7.5,2.5,0.5,2.15,0.0,0.3,12.95,2.5
2.0,"2019-08-05 09:03:30.000000","2019-08-05 09:12:05.000000",6.0,1.37,1.0,N,224.0,234.0,1.0,8.0,0.0,0.5,2.0,0.0,0.3,13.3,2.5
2.0,"2019-08-05 10:39:01.000000","2019-08-05 10:49:07.000000",2.0,1.01,1.0,N,224.0,234.0,2.0,7.5,0.0,0.5,0.0,0.0,0.3,10.8,2.5
2.0,"2019-08-05 11:39:44.000000","2019-08-05 11:55:44.000000",1.0,1.41,1.0,N,224.0,234.0,1.0,11.0,0.0,0.5,1.0,0.0,0.3,15.3,2.5
1.0,"2019-08-05 11:23:31.000000","2019-08-05 11:34:23.000000",1.0,1.1,1.0,N,224.0,234.0,1.0,8.5,2.5,0.5,2.35,0.0,0.3,14.15,2.5
2.0,"2019-08-05 12:02:30.000000","2019-08-05 12:10:00.000000",6.0,0.77,1.0,N,224.0,234.0,1.0,6.5,0.0,0.5,1.96,0.0,0.3,11.76,2.5
1.0,"2019-08-05 13:35:58.000000","2019-08-05 13:42:12.000000",1.0,0.9,1.0,N,224.0,234.0,1.0,6.5,2.5,0.5,2.45,0.0,0.3,12.25,2.5
2.0,"2019-08-05 14:57:38.000000","2019-08-05 15:06:06.000000",3.0,1.18,1.0,N,224.0,234.0,2.0,7.0,0.0,0.5,0.0,0.0,0.3,10.3,2.5
1.0,"2019-08-05 17:50:20.000000","2019-08-05 17:57:38.000000",2.0,0.9,1.0,N,224.0,234.0,1.0,6.5,3.5,0.5,1.0,0.0,0.3,11.8,2.5
1.0,"2019-08-05 18:19:28.000000","2019-08-05 18:24:47.000000",1.0,0.8,1.0,N,224.0,234.0,2.0,5.5,3.5,0.5,0.0,0.0,0.3,9.8,2.5
2.0,"2019-08-05 19:28:44.000000","2019-08-05 19:38:00.000000",1.0,1.09,1.0,N,224.0,234.0,1.0,8.0,1.0,0.5,2.5,0.0,0.3,14.8,2.5
2.0,"2019-08-05 20:34:19.000000","2019-08-05 20:38:53.000000",6.0,0.86,1.0,N,224.0,234.0,1.0,5.5,0.5,0.5,1.86,0.0,0.3,11.16,2.5
2.0,"2019-08-05 21:08:22.000000","2019-08-05 21:14:00.000000",2.0,1.11,1.0,N,224.0,234.0,1.0,6.0,0.5,0.5,1.96,0.0,0.3,11.76,2.5
2.0,"2019-08-05 23:09:05.000000","2019-08-05 23:17:28.000000",2.0,1.42,1.0,N,224.0,234.0,1.0,7.5,0.5,0.5,2.26,0.0,0.3,13.56,2.5
2.0,"2019-08-06 06:43:56.000000","2019-08-06 06:51:05.000000",5.0,1.09,1.0,N,224.0,234.0,1.0,6.5,0.0,0.5,1.96,0.0,0.3,11.76,2.5
1.0,"2019-08-06 06:32:18.000000","2019-08-06 06:39:32.000000",1.0,0.9,1.0,N,224.0,234.0,1.0,7.0,2.5,0.5,1.0,0.0,0.3,11.3,2.5
2.0,"2019-08-06 08:42:54.000000","2019-08-06 08:56:09.000000",5.0,1.71,1.0,N,224.0,234.0,1.0,10.0,0.0,0.5,2.66,0.0,0.3,15.96,2.5
1.0,"2019-08-06 09:24:37.000000","2019-08-06 09:30:37.000000",1.0,0.6,1.0,N,224.0,234.0,1.0,5.5,2.5,0.5,1.75,0.0,0.3,10.55,2.5
2.0,"2019-08-06 09:22:08.000000","2019-08-06 09:31:25.000000",1.0,1.18,1.0,N,224.0,234.0,1.0,7.5,0.0,0.5,2.16,0.0,0.3,12.96,2.5
2.0,"2019-08-06 09:26:28.000000","2019-08-06 09:36:02.000000",1.0,0.99,1.0,N,224.0,234.0,1.0,8.0,0.0,0.5,1.0,0.0,0.3,12.3,2.5
2.0,"2019-08-06 10:50:45.000000","2019-08-06 10:58:19.000000",1.0,1.2,1.0,N,224.0,234.0,2.0,6.5,0.0,0.5,0.0,0.0,0.3,9.8,2.5
2.0,"2019-08-06 11:12:42.000000","2019-08-06 11:20:18.000000",2.0,0.82,1.0,N,224.0,234.0,2.0,6.5,0.0,0.5,0.0,0.0,0.3,9.8,2.5
2.0,"2019-08-06 11:16:46.000000","2019-08-06 11:29:36.000000",1.0,1.28,1.0,N,224.0,234.0,1.0,9.5,0.0,0.5,0.0,0.0,0.3,12.8,2.5
1.0,"2019-08-06 12:40:46.000000","2019-08-06 12:49:20.000000",2.0,0.7,1.0,N,224.0,234.0,2.0,7.0,2.5,0.5,0.0,0.0,0.3,10.3,2.5
2.0,"2019-08-06 12:58:57.000000","2019-08-06 13:05:57.000000",1.0,0.85,1.0,N,224.0,234.0,1.0,6.0,0.0,0.5,1.0,0.0,0.3,10.3,2.5
2.0,"2019-08-06 12:47:37.000000","2019-08-06 13:00:40.000000",1.0,0.98,1.0,N,224.0,234.0,2.0,9.0,0.0,0.5,0.0,0.0,0.3,12.3,2.5
2.0,"2019-08-06 12:15:55.000000","2019-08-06 12:22:36.000000",1.0,0.86,1.0,N,224.0,234.0,2.0,6.0,0.0,0.5,0.0,0.0,0.3,9.3,2.5
2.0,"2019-08-06 12:45:47.000000","2019-08-06 12:57:35.000000",1.0,1.22,1.0,N,224.0,234.0,2.0,9.0,0.0,0.5,0.0,0.0,0.3,12.3,2.5
1.0,"2019-08-06 12:25:09.000000","2019-08-06 12:39:09.000000",1.0,1.0,1.0,N,224.0,234.0,1.0,10.0,2.5,0.5,2.65,0.0,0.3,15.95,2.5
2.0,"2019-08-06 13:12:54.000000","2019-08-06 13:17:56.000000",2.0,0.66,1.0,N,224.0,234.0,1.0,5.0,0.0,0.5,1.66,0.0,0.3,9.96,2.5
1.0,"2019-08-06 14:36:41.000000","2019-08-06 14:44:02.000000",1.0,0.7,1.0,N,224.0,234.0,1.0,6.0,2.5,0.5,1.85,0.0,0.3,11.15,2.5
2.0,"2019-08-06 15:14:31.000000","2019-08-06 15:19:54.000000",1.0,0.98,1.0,N,224.0,234.0,1.0,5.5,0.0,0.5,1.76,0.0,0.3,10.56,2.5
2.0,"2019-08-06 15:41:08.000000","2019-08-06 15:51:29.000000",1.0,0.94,1.0,N,224.0,234.0,1.0,8.0,0.0,0.5,0.0,0.0,0.3,8.8,0.0
2.0,"2019-08-06 15:16:24.000000","2019-08-06 15:19:44.000000",5.0,0.5,1.0,N,224.0,234.0,2.0,4.5,0.0,0.5,0.0,0.0,0.3,7.8,2.5
1.0,"2019-08-06 18:46:41.000000","2019-08-06 18:52:55.000000",1.0,0.8,1.0,N,224.0,234.0,2.0,6.0,3.5,0.5,0.0,0.0,0.3,10.3,2.5
2.0,"2019-08-06 19:26:44.000000","2019-08-06 19:34:35.000000",1.0,0.95,1.0,N,224.0,234.0,1.0,7.0,1.0,0.5,2.26,0.0,0.3,13.56,2.5
2.0,"2019-08-07 01:27:01.000000","2019-08-07 01:35:34.000000",5.0,1.13,1.0,N,224.0,234.0,2.0,7.0,0.5,0.5,0.0,0.0,0.3,10.8,2.5
2.0,"2019-08-07 05:48:19.000000","2019-08-07 05:55:40.000000",1.0,1.16,1.0,N,224.0,234.0,2.0,7.0,0.5,0.5,0.0,0.0,0.3,10.8,2.5
2.0,"2019-08-07 06:38:30.000000","2019-08-07 06:48:30.000000",1.0,1.37,1.0,N,224.0,234.0,1.0,8.5,0.0,0.5,2.36,0.0,0.3,14.16,2.5
2.0,"2019-08-07 07:34:06.000000","2019-08-07 07:42:09.000000",1.0,1.1,1.0,N,224.0,234.0,1.0,7.0,0.0,0.5,2.06,0.0,0.3,12.36,2.5
2.0,"2019-08-07 07:22:28.000000","2019-08-07 07:31:46.000000",6.0,1.26,1.0,N,224.0,234.0,2.0,8.0,0.0,0.5,0.0,0.0,0.3,11.3,2.5
2.0,"2019-08-07 08:38:04.000000","2019-08-07 08:46:24.000000",1.0,1.29,1.0,N,224.0,234.0,1.0,7.5,0.0,0.5,2.16,0.0,0.3,12.96,2.5
2.0,"2019-08-07 09:25:35.000000","2019-08-07 09:39:33.000000",2.0,1.53,1.0,N,224.0,234.0,1.0,10.0,0.0,0.5,2.66,0.0,0.3,15.96,2.5
2.0,"2019-08-07 09:52:37.000000","2019-08-07 10:01:15.000000",6.0,0.74,1.0,N,224.0,234.0,1.0,7.0,0.0,0.5,1.0,0.0,0.3,11.3,2.5
1.0,"2019-08-07 09:54:37.000000","2019-08-07 10:06:25.000000",1.0,1.3,1.0,N,224.0,234.0,2.0,9.0,2.5,0.5,0.0,0.0,0.3,12.3,2.5
2.0,"2019-08-07 10:51:32.000000","2019-08-07 11:04:42.000000",1.0,1.55,1.0,N,224.0,234.0,1.0,10.0,0.0,0.5,1.0,0.0,0.3,14.3,2.5
2.0,"2019-08-07 11:14:34.000000","2019-08-07 11:19:54.000000",5.0,0.69,1.0,N,224.0,234.0,2.0,5.5,0.0,0.5,0.0,0.0,0.3,8.8,2.5
2.0,"2019-08-07 11:39:26.000000","2019-08-07 11:47:42.000000",2.0,0.94,1.0,N,224.0,234.0,2.0,7.0,0.0,0.5,0.0,0.0,0.3,10.3,2.5
1.0,"2019-08-07 12:34:20.000000","2019-08-07 12:43:13.000000",2.0,1.0,1.0,N,224.0,234.0,1.0,7.0,2.5,0.5,2.05,0.0,0.3,12.35,2.5
2.0,"2019-08-07 13:31:57.000000","2019-08-07 13:46:22.000000",1.0,2.25,1.0,N,224.0,234.0,1.0,11.5,0.0,0.5,4.44,0.0,0.3,19.24,2.5
1.0,"2019-08-07 14:06:25.000000","2019-08-07 14:15:54.000000",1.0,1.3,1.0,N,224.0,234.0,1.0,8.0,2.5,0.5,2.25,0.0,0.3,13.55,2.5
2.0,"2019-08-07 14:28:07.000000","2019-08-07 14:39:48.000000",3.0,1.53,1.0,N,224.0,234.0,1.0,9.5,0.0,0.5,2.0,0.0,0.3,14.8,2.5
2.0,"2019-08-07 15:22:27.000000","2019-08-07 15:31:23.000000",6.0,0.87,1.0,N,224.0,234.0,2.0,7.0,0.0,0.5,0.0,0.0,0.3,10.3,2.5
1.0,"2019-08-07 16:10:29.000000","2019-08-07 16:17:04.000000",1.0,0.9,1.0,N,224.0,234.0,2.0,6.5,3.5,0.5,0.0,0.0,0.3,10.8,2.5
1.0,"2019-08-07 17:23:18.000000","2019-08-07 17:29:08.000000",1.0,0.9,1.0,N,224.0,234.0,1.0,5.5,3.5,0.5,1.95,0.0,0.3,11.75,2.5
2.0,"2019-08-07 18:48:15.000000","2019-08-07 19:01:27.000000",1.0,1.47,1.0,N,224.0,234.0,1.0,9.5,1.0,0.5,4.14,0.0,0.3,17.94,2.5
1.0,"2019-08-07 19:49:32.000000","2019-08-07 19:58:49.000000",1.0,0.9,1.0,N,224.0,234.0,1.0,7.5,3.5,0.5,1.0,0.0,0.3,12.8,2.5
1.0,"2019-08-08 05:43:41.000000","2019-08-08 05:50:59.000000",1.0,1.2,1.0,N,224.0,234.0,1.0,7.0,2.5,0.5,2.05,0.0,0.3,12.35,2.5
2.0,"2019-08-08 08:32:56.000000","2019-08-08 08:41:12.000000",1.0,1.2,1.0,N,224.0,234.0,1.0,7.5,0.0,0.5,2.7,0.0,0.3,13.5,2.5
1.0,"2019-08-08 09:43:12.000000","2019-08-08 09:54:30.000000",1.0,1.2,1.0,N,224.0,234.0,2.0,9.0,2.5,0.5,0.0,0.0,0.3,12.3,2.5
2.0,"2019-08-08 09:30:50.000000","2019-08-08 09:43:31.000000",1.0,1.62,1.0,N,224.0,234.0,1.0,10.0,0.0,0.5,2.0,0.0,0.3,15.3,2.5
2.0,"2019-08-08 09:58:49.000000","2019-08-08 10:08:45.000000",1.0,1.64,1.0,N,224.0,234.0,1.0,8.5,0.0,0.5,2.36,0.0,0.3,14.16,2.5
2.0,"2019-08-08 09:14:58.000000","2019-08-08 09:22:11.000000",1.0,0.96,1.0,N,224.0,234.0,1.0,6.5,0.0,0.5,0.0,0.0,0.3,9.8,2.5
1.0,"2019-08-08 09:13:28.000000","2019-08-08 09:26:26.000000",1.0,0.8,1.0,N,224.0,234.0,1.0,9.0,2.5,0.5,2.45,0.0,0.3,14.75,2.5
2.0,"2019-08-08 11:13:17.000000","2019-08-08 11:24:34.000000",3.0,1.12,1.0,N,224.0,234.0,1.0,8.5,0.0,0.5,2.36,0.0,0.3,14.16,2.5
1.0,"2019-08-08 12:11:36.000000","2019-08-08 12:28:36.000000",2.0,1.5,1.0,N,224.0,234.0,1.0,11.5,2.5,0.5,3.7,0.0,0.3,18.5,2.5
2.0,"2019-08-08 13:57:30.000000","2019-08-08 14:06:01.000000",1.0,0.83,1.0,N,224.0,234.0,1.0,7.0,0.0,0.5,2.06,0.0,0.3,12.36,2.5
2.0,"2019-08-08 13:22:07.000000","2019-08-08 13:32:33.000000",1.0,1.09,1.0,N,224.0,234.0,1.0,8.0,0.0,0.5,1.75,0.0,0.3,13.05,2.5
1.0,"2019-08-08 15:58:29.000000","2019-08-08 16:16:28.000000",1.0,1.6,1.0,N,224.0,234.0,1.0,12.0,3.5,0.5,3.25,0.0,0.3,19.55,2.5
2.0,"2019-08-08 17:42:29.000000","2019-08-08 18:02:22.000000",2.0,1.28,1.0,N,224.0,234.0,2.0,12.5,1.0,0.5,0.0,0.0,0.3,16.8,2.5
1.0,"2019-08-08 18:37:15.000000","2019-08-08 18:48:52.000000",1.0,1.3,1.0,N,224.0,234.0,1.0,8.5,3.5,0.5,2.55,0.0,0.3,15.35,2.5
2.0,"2019-08-08 18:06:32.000000","2019-08-08 18:26:25.000000",1.0,1.39,1.0,N,224.0,234.0,1.0,13.0,1.0,0.5,3.46,0.0,0.3,20.76,2.5
2.0,"2019-08-08 19:30:21.000000","2019-08-08 19:38:49.000000",1.0,1.18,1.0,N,224.0,234.0,1.0,7.5,1.0,0.5,1.18,0.0,0.3,12.98,2.5
2.0,"2019-08-08 23:48:15.000000","2019-08-08 23:57:42.000000",5.0,1.49,1.0,N,224.0,234.0,1.0,8.5,0.5,0.5,2.46,0.0,0.3,14.76,2.5
2.0,"2019-08-09 05:43:41.000000","2019-08-09 05:52:13.000000",6.0,1.64,1.0,N,224.0,234.0,1.0,8.5,0.5,0.5,2.46,0.0,0.3,14.76,2.5
2.0,"2019-08-09 06:36:03.000000","2019-08-09 06:43:41.000000",1.0,1.37,1.0,N,224.0,234.0,1.0,7.5,0.0,0.5,2.16,0.0,0.3,12.96,2.5
2.0,"2019-08-09 07:24:56.000000","2019-08-09 07:31:10.000000",2.0,0.93,1.0,N,224.0,234.0,1.0,6.0,0.0,0.5,1.0,0.0,0.3,10.3,2.5
2.0,"2019-08-09 08:22:20.000000","2019-08-09 08:32:14.000000",2.0,1.3,1.0,N,224.0,234.0,1.0,8.5,0.0,0.5,2.95,0.0,0.3,14.75,2.5
2.0,"2019-08-09 08:59:57.000000","2019-08-09 09:06:02.000000",1.0,0.51,1.0,N,224.0,234.0,2.0,5.5,0.0,0.5,0.0,0.0,0.3,8.8,2.5
2.0,"2019-08-09 08:36:03.000000","2019-08-09 08:48:48.000000",1.0,1.27,1.0,N,224.0,234.0,1.0,9.5,0.0,0.5,2.56,0.0,0.3,15.36,2.5
2.0,"2019-08-09 09:07:44.000000","2019-08-09 09:12:11.000000",1.0,0.76,1.0,N,224.0,234.0,1.0,5.0,0.0,0.5,1.66,0.0,0.3,9.96,2.5
2.0,"2019-08-09 10:04:23.000000","2019-08-09 10:10:10.000000",2.0,0.9,1.0,N,224.0,234.0,1.0,5.5,0.0,0.5,1.76,0.0,0.3,10.56,2.5
2.0,"2019-08-09 10:40:43.000000","2019-08-09 10:50:40.000000",2.0,1.04,1.0,N,224.0,234.0,1.0,7.5,0.0,0.5,2.0,0.0,0.3,12.8,2.5
1.0,"2019-08-09 10:18:42.000000","2019-08-09 10:32:16.000000",0.0,1.7,1.0,N,224.0,234.0,1.0,10.0,2.5,0.5,1.33,0.0,0.3,14.63,2.5
2.0,"2019-08-09 10:45:26.000000","2019-08-09 10:58:39.000000",1.0,1.31,1.0,N,224.0,234.0,2.0,9.5,0.0,0.5,0.0,0.0,0.3,12.8,2.5
2.0,"2019-08-09 11:29:06.000000","2019-08-09 11:37:27.000000",1.0,1.23,1.0,N,224.0,234.0,1.0,7.0,0.0,0.5,2.58,0.0,0.3,12.88,2.5
2.0,"2019-08-09 11:00:52.000000","2019-08-09 11:14:20.000000",1.0,1.45,1.0,N,224.0,234.0,2.0,10.0,0.0,0.5,0.0,0.0,0.3,13.3,2.5
1.0,"2019-08-09 12:58:35.000000","2019-08-09 13:07:50.000000",1.0,1.0,1.0,N,224.0,234.0,1.0,7.5,2.5,0.5,2.15,0.0,0.3,12.95,2.5
2.0,"2019-08-09 12:34:12.000000","2019-08-09 12:48:28.000000",2.0,1.24,1.0,N,224.0,234.0,1.0,10.0,0.0,0.5,0.0,0.0,0.3,10.8,0.0
1.0,"2019-08-09 13:44:33.000000","2019-08-09 13:49:14.000000",1.0,0.6,1.0,N,224.0,234.0,1.0,5.0,2.5,0.5,1.25,0.0,0.3,9.55,2.5
1.0,"2019-08-09 13:41:36.000000","2019-08-09 13:49:17.000000",1.0,0.8,1.0,N,224.0,234.0,1.0,6.5,2.5,0.5,1.95,0.0,0.3,11.75,2.5
1.0,"2019-08-09 13:58:28.000000","2019-08-09 14:05:05.000000",1.0,1.0,1.0,Y,224.0,234.0,2.0,6.0,2.5,0.5,0.0,0.0,0.3,9.3,2.5
2.0,"2019-08-09 14:51:43.000000","2019-08-09 15:02:40.000000",2.0,1.39,1.0,N,224.0,234.0,1.0,8.5,0.0,0.5,2.36,0.0,0.3,16.11,2.5
1.0,"2019-08-09 15:36:36.000000","2019-08-09 15:46:37.000000",1.0,1.2,1.0,N,224.0,234.0,1.0,8.0,2.5,0.5,2.25,0.0,0.3,13.55,2.5
2.0,"2019-08-09 15:40:59.000000","2019-08-09 15:51:21.000000",1.0,1.72,1.0,N,224.0,234.0,1.0,9.0,0.0,0.5,1.0,0.0,0.3,13.3,2.5
2.0,"2019-08-09 16:51:23.000000","2019-08-09 17:01:34.000000",1.0,1.1,1.0,N,224.0,234.0,1.0,8.0,1.0,0.5,1.7,0.0,0.3,14.0,2.5
2.0,"2019-08-09 18:55:52.000000","2019-08-09 19:08:26.000000",5.0,0.81,1.0,N,224.0,234.0,1.0,9.0,1.0,0.5,2.0,0.0,0.3,15.3,2.5
1.0,"2019-08-09 19:37:45.000000","2019-08-09 19:48:15.000000",1.0,1.4,1.0,N,224.0,234.0,1.0,8.5,3.5,0.5,2.55,0.0,0.3,15.35,2.5
1.0,"2019-08-09 21:09:25.000000","2019-08-09 21:20:29.000000",1.0,1.5,1.0,N,224.0,234.0,1.0,9.0,3.0,0.5,2.55,0.0,0.3,15.35,2.5
2.0,"2019-08-09 22:56:15.000000","2019-08-09 23:04:51.000000",4.0,0.98,1.0,N,224.0,234.0,1.0,7.0,0.5,0.5,0.0,0.0,0.3,10.8,2.5
1.0,"2019-08-09 22:57:42.000000","2019-08-09 23:06:07.000000",1.0,1.0,1.0,N,224.0,234.0,1.0,7.0,3.0,0.5,0.0,0.0,0.3,10.8,2.5
1.0,"2019-08-10 00:49:37.000000","2019-08-10 00:56:53.000000",3.0,1.2,1.0,N,224.0,234.0,2.0,7.0,3.0,0.5,0.0,0.0,0.3,10.8,2.5
2.0,"2019-08-10 05:49:17.000000","2019-08-10 05:58:05.000000",1.0,1.91,1.0,N,224.0,234.0,1.0,9.0,0.5,0.5,2.56,0.0,0.3,15.36,2.5
2.0,"2019-08-10 08:20:49.000000","2019-08-10 08:30:46.000000",1.0,1.4,1.0,N,224.0,234.0,2.0,8.0,0.0,0.5,0.0,0.0,0.3,11.3,2.5
2.0,"2019-08-10 08:36:48.000000","2019-08-10 08:48:38.000000",1.0,1.66,1.0,N,224.0,234.0,1.0,9.5,0.0,0.5,2.56,0.0,0.3,15.36,2.5
2.0,"2019-08-10 08:55:00.000000","2019-08-10 09:09:57.000000",1.0,1.59,1.0,N,224.0,234.0,2.0,10.5,0.0,0.5,0.0,0.0,0.3,13.8,2.5
2.0,"2019-08-10 08:40:46.000000","2019-08-10 08:49:23.000000",1.0,1.13,1.0,N,224.0,234.0,1.0,7.5,0.0,0.5,2.16,0.0,0.3,12.96,2.5
1.0,"2019-08-10 10:51:29.000000","2019-08-10 11:03:57.000000",1.0,1.2,1.0,N,224.0,234.0,1.0,9.0,2.5,0.5,2.45,0.0,0.3,14.75,2.5
1.0,"2019-08-10 10:28:58.000000","2019-08-10 10:47:07.000000",1.0,1.2,1.0,N,224.0,234.0,1.0,11.5,2.5,0.5,3.7,0.0,0.3,18.5,2.5
1.0,"2019-08-10 12:15:58.000000","2019-08-10 12:30:52.000000",2.0,1.1,1.0,N,224.0,234.0,1.0,10.0,2.5,0.5,1.0,0.0,0.3,14.3,2.5
1.0,"2019-08-10 14:36:06.000000","2019-08-10 14:48:33.000000",3.0,1.3,1.0,N,224.0,234.0,1.0,9.5,2.5,0.5,3.0,0.0,0.3,15.8,2.5
2.0,"2019-08-10 14:33:54.000000","2019-08-10 14:42:46.000000",1.0,0.97,1.0,N,224.0,234.0,2.0,7.5,0.0,0.5,0.0,0.0,0.3,10.8,2.5
2.0,"2019-08-10 14:04:11.000000","2019-08-10 14:09:34.000000",1.0,0.79,1.0,N,224.0,234.0,2.0,5.5,0.0,0.5,0.0,0.0,0.3,8.8,2.5
2.0,"2019-08-10 14:07:56.000000","2019-08-10 14:15:06.000000",1.0,0.73,1.0,N,224.0,234.0,2.0,6.0,0.0,0.5,0.0,0.0,0.3,9.3,2.5
1.0,"2019-08-10 15:17:28.000000","2019-08-10 15:27:49.000000",2.0,0.9,1.0,N,224.0,234.0,1.0,7.5,2.5,0.5,1.0,0.0,0.3,11.8,2.5
2.0,"2019-08-10 16:25:29.000000","2019-08-10 16:34:09.000000",1.0,1.65,1.0,N,224.0,234.0,2.0,8.0,0.0,0.5,0.0,0.0,0.3,11.3,2.5
1.0,"2019-08-10 18:47:09.000000","2019-08-10 19:02:08.000000",0.0,1.5,1.0,N,224.0,234.0,1.0,11.0,2.5,0.5,2.0,0.0,0.3,16.3,2.5
2.0,"2019-08-10 18:24:45.000000","2019-08-10 18:34:44.000000",2.0,1.35,1.0,N,224.0,234.0,2.0,8.0,0.0,0.5,0.0,0.0,0.3,11.3,2.5
2.0,"2019-08-10 19:33:26.000000","2019-08-10 19:42:45.000000",2.0,1.38,1.0,N,224.0,234.0,1.0,8.0,0.0,0.5,2.0,0.0,0.3,13.3,2.5
2.0,"2019-08-10 19:59:02.000000","2019-08-10 20:04:58.000000",1.0,0.78,1.0,N,224.0,234.0,1.0,6.0,0.5,0.5,1.96,0.0,0.3,11.76,2.5
2.0,"2019-08-10 22:23:23.000000","2019-08-10 22:31:50.000000",1.0,1.21,1.0,N,224.0,234.0,1.0,7.5,0.5,0.5,2.26,0.0,0.3,13.56,2.5
2.0,"2019-08-10 22:48:28.000000","2019-08-10 22:56:28.000000",1.0,1.4,1.0,N,224.0,234.0,1.0,7.5,0.5,0.5,2.26,0.0,0.3,13.56,2.5
1.0,"2019-08-11 08:59:38.000000","2019-08-11 09:05:23.000000",1.0,1.0,1.0,N,224.0,234.0,2.0,6.0,2.5,0.5,0.0,0.0,0.3,9.3,2.5
2.0,"2019-08-11 08:11:48.000000","2019-08-11 08:19:43.000000",1.0,1.25,1.0,N,224.0,234.0,1.0,7.5,0.0,0.5,1.88,0.0,0.3,12.68,2.5
1.0,"2019-08-11 11:47:29.000000","2019-08-11 11:56:29.000000",1.0,1.5,1.0,N,224.0,234.0,1.0,8.0,2.5,0.5,2.25,0.0,0.3,13.55,2.5
1.0,"2019-08-11 11:46:15.000000","2019-08-11 11:51:41.000000",1.0,0.8,1.0,N,224.0,234.0,1.0,6.0,2.5,0.5,1.85,0.0,0.3,11.15,2.5
2.0,"2019-08-11 12:12:54.000000","2019-08-11 12:20:10.000000",2.0,1.07,1.0,N,224.0,234.0,1.0,7.0,0.0,0.5,2.06,0.0,0.3,12.36,2.5
2.0,"2019-08-11 12:42:55.000000","2019-08-11 13:29:37.000000",1.0,1.04,1.0,N,224.0,234.0,2.0,7.5,0.8,0.5,0.0,0.0,0.0,11.3,2.5
2.0,"2019-08-11 12:32:04.000000","2019-08-11 12:39:17.000000",1.0,1.09,1.0,N,224.0,234.0,1.0,6.5,0.0,0.5,1.96,0.0,0.3,11.76,2.5
1.0,"2019-08-11 15:32:26.000000","2019-08-11 15:45:57.000000",1.0,1.2,1.0,N,224.0,234.0,2.0,9.5,2.5,0.5,0.0,0.0,0.3,12.8,2.5
2.0,"2019-08-11 17:49:50.000000","2019-08-11 18:00:21.000000",1.0,1.27,1.0,N,224.0,234.0,1.0,7.5,0.0,0.5,1.0,0.0,0.3,11.8,2.5
2.0,"2019-08-11 18:12:06.000000","2019-08-11 18:18:02.000000",1.0,0.84,1.0,N,224.0,234.0,2.0,6.0,0.0,0.5,0.0,0.0,0.3,9.3,2.5
2.0,"2019-08-11 18:18:56.000000","2019-08-11 18:23:00.000000",1.0,0.51,1.0,N,224.0,234.0,1.0,4.5,0.0,0.5,1.56,0.0,0.3,9.36,2.5
1.0,"2019-08-11 19:31:49.000000","2019-08-11 19:40:24.000000",1.0,1.0,1.0,N,224.0,234.0,1.0,7.5,2.5,0.5,2.15,0.0,0.3,12.95,2.5
1.0,"2019-08-11 19:07:43.000000","2019-08-11 19:14:17.000000",1.0,0.9,1.0,N,224.0,234.0,1.0,6.0,2.5,0.5,1.85,0.0,0.3,11.15,2.5
1.0,"2019-08-12 06:51:22.000000","2019-08-12 07:00:06.000000",1.0,1.2,1.0,N,224.0,234.0,2.0,7.5,2.5,0.5,0.0,0.0,0.3,10.8,2.5
2.0,"2019-08-12 07:11:31.000000","2019-08-12 07:19:24.000000",1.0,1.19,1.0,N,224.0,234.0,2.0,7.0,0.0,0.5,0.0,0.0,0.3,10.3,2.5
1.0,"2019-08-12 08:05:41.000000","2019-08-12 08:14:26.000000",1.0,1.2,1.0,N,224.0,234.0,1.0,7.5,2.5,0.5,2.2,0.0,0.3,13.0,2.5
2.0,"2019-08-12 09:05:14.000000","2019-08-12 09:14:14.000000",1.0,1.12,1.0,N,224.0,234.0,1.0,7.0,0.0,0.5,1.54,0.0,0.3,11.84,2.5
1.0,"2019-08-12 10:45:13.000000","2019-08-12 10:57:15.000000",1.0,1.1,1.0,N,224.0,234.0,1.0,8.5,2.5,0.5,1.5,0.0,0.3,13.3,2.5
2.0,"2019-08-12 10:27:55.000000","2019-08-12 10:41:51.000000",5.0,1.32,1.0,N,224.0,234.0,1.0,10.0,0.0,0.5,3.99,0.0,0.3,17.29,2.5
1.0,"2019-08-12 12:31:58.000000","2019-08-12 12:49:18.000000",1.0,1.9,1.0,N,224.0,234.0,1.0,12.0,2.5,0.5,2.25,0.0,0.3,17.55,2.5
2.0,"2019-08-12 12:19:25.000000","2019-08-12 12:26:22.000000",2.0,0.92,1.0,N,224.0,234.0,1.0,6.5,0.0,0.5,1.96,0.0,0.3,11.76,2.5
2.0,"2019-08-12 13:26:33.000000","2019-08-12 13:31:25.000000",1.0,0.79,1.0,N,224.0,234.0,1.0,5.0,0.0,0.5,1.66,0.0,0.3,9.96,2.5
2.0,"2019-08-12 13:42:43.000000","2019-08-12 13:48:40.000000",4.0,0.96,1.0,N,224.0,234.0,2.0,6.0,0.0,0.5,0.0,0.0,0.3,9.3,2.5
2.0,"2019-08-12 19:50:21.000000","2019-08-12 19:59:12.000000",1.0,0.95,1.0,N,224.0,234.0,1.0,7.5,1.0,0.5,2.36,0.0,0.3,14.16,2.5
2.0,"2019-08-12 19:29:02.000000","2019-08-12 19:35:34.000000",1.0,0.9,1.0,N,224.0,234.0,2.0,6.0,1.0,0.5,0.0,0.0,0.3,10.3,2.5
2.0,"2019-08-12 21:53:32.000000","2019-08-12 22:01:07.000000",1.0,1.5,1.0,N,224.0,234.0,1.0,7.5,0.5,0.5,2.26,0.0,0.3,13.56,2.5
2.0,"2019-08-13 06:24:30.000000","2019-08-13 06:32:53.000000",2.0,1.35,1.0,N,224.0,234.0,1.0,7.5,0.0,0.5,2.16,0.0,0.3,12.96,2.5
2.0,"2019-08-13 06:28:24.000000","2019-08-13 06:34:53.000000",1.0,1.09,1.0,N,224.0,234.0,1.0,6.5,0.0,0.5,1.96,0.0,0.3,11.76,2.5
1.0,"2019-08-13 07:35:03.000000","2019-08-13 07:42:52.000000",1.0,0.9,1.0,N,224.0,234.0,1.0,6.5,2.5,0.5,1.95,0.0,0.3,11.75,2.5
2.0,"2019-08-13 08:02:41.000000","2019-08-13 08:09:48.000000",1.0,1.13,1.0,N,224.0,234.0,1.0,7.0,0.0,0.5,0.7,0.0,0.3,11.0,2.5
1.0,"2019-08-13 08:35:03.000000","2019-08-13 08:39:49.000000",1.0,0.7,1.0,N,224.0,234.0,1.0,5.0,2.5,0.5,2.05,0.0,0.3,10.35,2.5
2.0,"2019-08-13 08:31:38.000000","2019-08-13 08:39:52.000000",6.0,1.2,1.0,N,224.0,234.0,1.0,7.5,0.0,0.5,2.7,0.0,0.3,13.5,2.5
2.0,"2019-08-13 09:13:03.000000","2019-08-13 09:22:05.000000",1.0,0.78,1.0,N,224.0,234.0,1.0,7.0,0.0,0.5,2.0,0.0,0.3,12.3,2.5
1.0,"2019-08-13 09:10:20.000000","2019-08-13 09:20:12.000000",1.0,0.9,1.0,N,224.0,234.0,1.0,7.5,2.5,0.5,1.0,0.0,0.3,11.8,2.5
2.0,"2019-08-13 09:56:42.000000","2019-08-13 10:09:35.000000",1.0,1.16,1.0,N,224.0,234.0,1.0,9.5,0.0,0.5,2.56,0.0,0.3,15.36,2.5
2.0,"2019-08-13 10:11:21.000000","2019-08-13 10:22:17.000000",1.0,1.06,1.0,N,224.0,234.0,2.0,8.0,0.0,0.5,0.0,0.0,0.3,11.3,2.5
2.0,"2019-08-13 10:49:44.000000","2019-08-13 10:57:13.000000",1.0,1.17,1.0,N,224.0,234.0,1.0,7.0,0.0,0.5,1.5,0.0,0.3,11.8,2.5
2.0,"2019-08-13 10:32:06.000000","2019-08-13 10:44:08.000000",1.0,1.81,1.0,N,224.0,234.0,1.0,10.0,0.0,0.5,2.66,0.0,0.3,15.96,2.5
1.0,"2019-08-13 11:32:00.000000","2019-08-13 11:42:12.000000",1.0,1.4,1.0,N,224.0,234.0,1.0,8.5,2.5,0.5,2.35,0.0,0.3,14.15,2.5
1.0,"2019-08-13 11:08:02.000000","2019-08-13 11:16:38.000000",0.0,1.0,1.0,N,224.0,234.0,2.0,7.5,2.5,0.5,0.0,0.0,0.3,10.8,2.5
2.0,"2019-08-13 10:51:10.000000","2019-08-13 10:58:15.000000",1.0,0.65,1.0,N,224.0,234.0,1.0,6.0,0.0,0.5,0.7,0.0,0.3,10.0,2.5
1.0,"2019-08-13 12:30:14.000000","2019-08-13 12:41:37.000000",1.0,1.3,1.0,N,224.0,234.0,2.0,8.5,2.5,0.5,0.0,0.0,0.3,11.8,2.5
2.0,"2019-08-13 14:58:09.000000","2019-08-13 15:06:12.000000",1.0,1.42,1.0,N,224.0,234.0,2.0,7.0,0.0,0.5,0.0,0.0,0.3,10.3,2.5
2.0,"2019-08-13 14:48:04.000000","2019-08-13 14:53:08.000000",1.0,0.88,1.0,N,224.0,234.0,1.0,5.5,0.0,0.5,1.76,0.0,0.3,10.56,2.5
2.0,"2019-08-13 15:02:05.000000","2019-08-13 15:11:03.000000",1.0,1.1,1.0,N,224.0,234.0,1.0,7.5,0.0,0.5,1.58,0.0,0.3,12.38,2.5
1.0,"2019-08-13 15:28:18.000000","2019-08-13 15:35:06.000000",1.0,1.0,1.0,N,224.0,234.0,1.0,6.5,2.5,0.5,0.0,0.0,0.3,9.8,2.5
1.0,"2019-08-13 16:25:15.000000","2019-08-13 16:34:59.000000",0.0,1.1,1.0,N,224.0,234.0,1.0,8.0,3.5,0.5,3.05,0.0,0.3,15.35,2.5
1.0,"2019-08-13 16:09:41.000000","2019-08-13 16:12:38.000000",2.0,0.6,1.0,N,224.0,234.0,1.0,4.0,3.5,0.5,1.65,0.0,0.3,9.95,2.5
2.0,"2019-08-13 18:22:57.000000","2019-08-13 18:37:20.000000",1.0,1.45,1.0,N,224.0,234.0,1.0,10.5,1.0,0.5,1.0,0.0,0.3,15.8,2.5
2.0,"2019-08-13 18:12:02.000000","2019-08-13 18:22:45.000000",2.0,1.16,1.0,N,224.0,234.0,1.0,8.0,1.0,0.5,1.25,0.0,0.3,13.55,2.5
2.0,"2019-08-13 19:52:34.000000","2019-08-13 20:03:08.000000",1.0,1.12,1.0,N,224.0,234.0,2.0,8.0,1.0,0.5,0.0,0.0,0.3,12.3,2.5
2.0,"2019-08-13 21:47:11.000000","2019-08-13 21:55:38.000000",1.0,1.57,1.0,N,224.0,234.0,1.0,8.0,0.5,0.5,1.0,0.0,0.3,12.8,2.5
2.0,"2019-08-14 01:39:23.000000","2019-08-14 01:44:53.000000",6.0,1.03,1.0,N,224.0,234.0,2.0,6.0,0.5,0.5,0.0,0.0,0.3,9.8,2.5
2.0,"2019-08-14 07:30:29.000000","2019-08-14 07:40:35.000000",5.0,1.39,1.0,N,224.0,234.0,1.0,8.0,0.0,0.5,2.0,0.0,0.3,13.3,2.5
1.0,"2019-08-14 08:38:19.000000","2019-08-14 08:48:11.000000",3.0,1.2,1.0,N,224.0,234.0,1.0,8.0,2.5,0.5,1.0,0.0,0.3,12.3,2.5
2.0,"2019-08-14 08:24:27.000000","2019-08-14 08:35:17.000000",1.0,1.27,1.0,N,224.0,234.0,1.0,8.5,0.0,0.5,2.36,0.0,0.3,14.16,2.5
1.0,"2019-08-14 08:16:01.000000","2019-08-14 08:22:30.000000",1.0,0.9,1.0,N,224.0,234.0,1.0,6.0,2.5,0.5,1.0,0.0,0.3,10.3,2.5
2.0,"2019-08-14 08:27:41.000000","2019-08-14 08:42:24.000000",2.0,2.13,1.0,N,224.0,234.0,2.0,10.5,0.0,0.5,0.0,0.0,0.3,13.8,2.5
2.0,"2019-08-14 08:48:46.000000","2019-08-14 09:00:20.000000",1.0,0.98,1.0,N,224.0,234.0,1.0,8.5,0.0,0.5,2.36,0.0,0.3,14.16,2.5
2.0,"2019-08-14 08:31:25.000000","2019-08-14 08:38:29.000000",1.0,1.25,1.0,N,224.0,234.0,1.0,7.0,0.0,0.5,2.58,0.0,0.3,12.88,2.5
1.0,"2019-08-14 09:56:56.000000","2019-08-14 10:05:43.000000",1.0,0.8,1.0,N,224.0,234.0,1.0,7.0,2.5,0.5,1.0,0.0,0.3,11.3,2.5
2.0,"2019-08-14 09:23:56.000000","2019-08-14 09:34:18.000000",1.0,1.47,1.0,N,224.0,234.0,1.0,8.5,0.0,0.5,2.36,0.0,0.3,14.16,2.5
2.0,"2019-08-14 09:21:40.000000","2019-08-14 09:27:15.000000",1.0,0.85,1.0,N,224.0,234.0,2.0,6.0,0.0,0.5,0.0,0.0,0.3,9.3,2.5
1.0,"2019-08-14 11:57:01.000000","2019-08-14 12:09:54.000000",2.0,1.2,1.0,N,224.0,234.0,2.0,9.0,2.5,0.5,0.0,0.0,0.3,12.3,2.5
1.0,"2019-08-14 11:10:16.000000","2019-08-14 11:17:41.000000",1.0,1.2,1.0,N,224.0,234.0,2.0,7.0,2.5,0.5,0.0,0.0,0.3,10.3,2.5
2.0,"2019-08-14 12:33:14.000000","2019-08-14 12:41:06.000000",1.0,0.94,1.0,N,224.0,234.0,1.0,6.5,0.0,0.5,1.96,0.0,0.3,11.76,2.5
1.0,"2019-08-14 13:14:51.000000","2019-08-14 13:26:13.000000",1.0,1.1,1.0,N,224.0,234.0,1.0,8.5,2.5,0.5,2.35,0.0,0.3,14.15,2.5
1.0,"2019-08-14 13:51:35.000000","2019-08-14 14:00:54.000000",1.0,1.1,1.0,N,224.0,234.0,1.0,8.0,2.5,0.5,2.26,0.0,0.3,13.56,2.5
1.0,"2019-08-14 14:28:06.000000","2019-08-14 14:52:03.000000",1.0,1.8,1.0,N,224.0,234.0,1.0,15.0,2.5,0.5,1.0,0.0,0.3,19.3,2.5
2.0,"2019-08-14 14:41:58.000000","2019-08-14 14:51:57.000000",1.0,1.32,1.0,N,224.0,234.0,2.0,8.0,0.0,0.5,0.0,0.0,0.3,11.3,2.5
1.0,"2019-08-14 15:18:18.000000","2019-08-14 15:26:27.000000",2.0,0.8,1.0,N,224.0,234.0,2.0,6.5,2.5,0.5,0.0,0.0,0.3,9.8,2.5
1.0,"2019-08-14 15:59:51.000000","2019-08-14 16:18:37.000000",1.0,1.4,1.0,N,224.0,234.0,1.0,12.0,2.5,0.5,3.05,0.0,0.3,18.35,2.5
1.0,"2019-08-14 16:35:34.000000","2019-08-14 16:43:53.000000",1.0,0.9,1.0,N,224.0,234.0,1.0,7.0,3.5,0.5,3.0,0.0,0.3,14.3,2.5
1.0,"2019-08-14 18:25:57.000000","2019-08-14 18:34:39.000000",1.0,0.6,1.0,N,224.0,234.0,2.0,5.0,3.5,0.5,0.0,0.0,0.3,9.3,2.5
2.0,"2019-08-14 22:31:07.000000","2019-08-14 22:44:33.000000",1.0,1.79,1.0,N,224.0,234.0,1.0,10.5,0.5,0.5,2.86,0.0,0.3,17.16,2.5
1.0,"2019-08-15 07:27:22.000000","2019-08-15 07:37:16.000000",1.0,1.0,1.0,N,224.0,234.0,1.0,8.0,2.5,0.5,1.0,0.0,0.3,12.3,2.5
2.0,"2019-08-15 07:11:47.000000","2019-08-15 07:18:22.000000",1.0,0.84,1.0,N,224.0,234.0,1.0,6.5,0.0,0.5,1.96,0.0,0.3,11.76,2.5
1.0,"2019-08-15 07:53:16.000000","2019-08-15 08:07:53.000000",1.0,2.0,1.0,Y,224.0,234.0,2.0,11.0,2.5,0.5,0.0,0.0,0.3,14.3,2.5
1.0,"2019-08-15 08:48:49.000000","2019-08-15 08:58:27.000000",1.0,0.9,1.0,N,224.0,234.0,1.0,7.5,2.5,0.5,2.15,0.0,0.3,12.95,2.5
2.0,"2019-08-15 08:53:48.000000","2019-08-15 09:06:13.000000",1.0,1.08,1.0,N,224.0,234.0,2.0,9.0,0.0,0.5,0.0,0.0,0.3,12.3,2.5
1.0,"2019-08-15 09:15:30.000000","2019-08-15 09:27:55.000000",1.0,0.8,1.0,N,224.0,234.0,1.0,9.0,2.5,0.5,2.0,0.0,0.3,14.3,2.5
2.0,"2019-08-15 09:55:59.000000","2019-08-15 10:22:28.000000",1.0,1.53,1.0,N,224.0,234.0,1.0,16.0,0.0,0.5,3.86,0.0,0.3,23.16,2.5
2.0,"2019-08-15 09:11:49.000000","2019-08-15 09:22:12.000000",1.0,1.33,1.0,N,224.0,234.0,1.0,8.5,0.0,0.5,1.77,0.0,0.3,13.57,2.5
1.0,"2019-08-15 10:14:58.000000","2019-08-15 10:33:27.000000",1.0,1.9,1.0,N,224.0,234.0,1.0,12.5,2.5,0.5,3.15,0.0,0.3,18.95,2.5
1.0,"2019-08-15 10:13:16.000000","2019-08-15 10:23:17.000000",1.0,1.4,1.0,N,224.0,234.0,2.0,8.5,2.5,0.5,0.0,0.0,0.3,11.8,2.5
1.0,"2019-08-15 11:53:13.000000","2019-08-15 12:04:56.000000",0.0,1.4,1.0,N,224.0,234.0,1.0,9.0,2.5,0.5,3.05,0.0,0.3,15.35,2.5
1.0,"2019-08-15 11:05:19.000000","2019-08-15 11:17:29.000000",1.0,1.0,1.0,N,224.0,234.0,1.0,8.5,2.5,0.5,2.0,0.0,0.3,13.8,2.5
1.0,"2019-08-15 11:42:30.000000","2019-08-15 11:55:24.000000",1.0,1.0,1.0,N,224.0,234.0,1.0,9.0,2.5,0.5,2.45,0.0,0.3,14.75,2.5
2.0,"2019-08-15 11:28:01.000000","2019-08-15 11:39:38.000000",2.0,1.39,1.0,N,224.0,234.0,2.0,9.0,0.0,0.5,0.0,0.0,0.3,12.3,2.5
2.0,"2019-08-15 12:26:26.000000","2019-08-15 12:36:02.000000",6.0,1.0,1.0,N,224.0,234.0,1.0,8.0,0.0,0.5,2.26,0.0,0.3,13.56,2.5
1.0,"2019-08-15 14:24:10.000000","2019-08-15 14:32:42.000000",1.0,1.1,1.0,N,224.0,234.0,1.0,7.5,2.5,0.5,1.5,0.0,0.3,12.3,2.5
1.0,"2019-08-15 16:38:10.000000","2019-08-15 16:48:22.000000",1.0,1.0,1.0,N,224.0,234.0,1.0,7.5,3.5,0.5,2.35,0.0,0.3,14.15,2.5
1.0,"2019-08-15 17:14:12.000000","2019-08-15 17:28:03.000000",1.0,1.3,1.0,N,224.0,234.0,1.0,10.0,3.5,0.5,2.86,0.0,0.3,17.16,2.5
1.0,"2019-08-15 17:33:10.000000","2019-08-15 17:43:11.000000",1.0,1.1,1.0,N,224.0,234.0,2.0,8.0,3.5,0.5,0.0,0.0,0.3,12.3,2.5
2.0,"2019-08-15 19:59:14.000000","2019-08-15 20:08:15.000000",1.0,1.26,1.0,N,224.0,234.0,2.0,7.5,1.0,0.5,0.0,0.0,0.3,11.8,2.5
2.0,"2019-08-15 19:21:56.000000","2019-08-15 19:28:35.000000",1.0,0.82,1.0,N,224.0,234.0,1.0,6.0,1.0,0.5,2.06,0.0,0.3,12.36,2.5
1.0,"2019-08-15 20:10:31.000000","2019-08-15 20:16:43.000000",0.0,0.9,1.0,N,224.0,234.0,1.0,6.0,3.0,0.5,0.0,0.0,0.3,9.8,2.5
2.0,"2019-08-15 22:25:49.000000","2019-08-15 22:34:37.000000",6.0,1.55,1.0,N,224.0,234.0,1.0,8.0,0.5,0.5,2.36,0.0,0.3,14.16,2.5
2.0,"2019-08-15 23:06:24.000000","2019-08-15 23:14:23.000000",2.0,1.36,1.0,N,224.0,234.0,1.0,7.5,0.5,0.5,1.0,0.0,0.3,12.3,2.5
2.0,"2019-08-16 06:46:17.000000","2019-08-16 06:55:14.000000",1.0,1.49,1.0,N,224.0,234.0,2.0,8.0,0.0,0.5,0.0,0.0,0.3,11.3,2.5
2.0,"2019-08-16 06:49:15.000000","2019-08-16 06:59:44.000000",1.0,1.43,1.0,N,224.0,234.0,2.0,8.5,0.0,0.5,0.0,0.0,0.3,11.8,2.5
2.0,"2019-08-16 07:00:38.000000","2019-08-16 07:07:59.000000",1.0,1.11,1.0,N,224.0,234.0,1.0,7.0,0.0,0.5,1.0,0.0,0.3,11.3,2.5
1.0,"2019-08-16 08:32:47.000000","2019-08-16 08:44:18.000000",1.0,1.6,1.0,N,224.0,234.0,1.0,9.5,2.5,0.5,1.0,0.0,0.3,13.8,2.5
2.0,"2019-08-16 08:49:49.000000","2019-08-16 09:00:53.000000",1.0,1.72,1.0,N,224.0,234.0,1.0,9.0,0.0,0.5,2.46,0.0,0.3,14.76,2.5
2.0,"2019-08-16 08:47:05.000000","2019-08-16 09:10:54.000000",1.0,1.4,1.0,N,224.0,234.0,2.0,12.5,0.0,0.5,0.0,0.0,0.3,15.8,2.5
1.0,"2019-08-16 09:14:51.000000","2019-08-16 09:26:35.000000",1.0,1.3,1.0,N,224.0,234.0,1.0,9.0,2.5,0.5,2.45,0.0,0.3,14.75,2.5
2.0,"2019-08-16 09:33:57.000000","2019-08-16 09:44:48.000000",1.0,1.1,1.0,N,224.0,234.0,2.0,8.5,0.0,0.5,0.0,0.0,0.3,11.8,2.5
1.0,"2019-08-16 10:17:30.000000","2019-08-16 10:31:20.000000",2.0,1.8,1.0,N,224.0,234.0,2.0,10.5,2.5,0.5,0.0,0.0,0.3,13.8,2.5
2.0,"2019-08-16 10:42:21.000000","2019-08-16 10:58:07.000000",6.0,0.97,1.0,N,224.0,234.0,1.0,10.5,0.0,0.5,2.76,0.0,0.3,16.56,2.5
1.0,"2019-08-16 11:58:17.000000","2019-08-16 12:07:07.000000",2.0,1.2,1.0,Y,224.0,234.0,2.0,7.5,2.5,0.5,0.0,0.0,0.3,10.8,2.5
2.0,"2019-08-16 11:15:12.000000","2019-08-16 11:22:54.000000",1.0,0.67,1.0,N,224.0,234.0,2.0,6.5,0.0,0.5,0.0,0.0,0.3,9.8,2.5
2.0,"2019-08-16 11:12:17.000000","2019-08-16 11:27:05.000000",5.0,1.19,1.0,N,224.0,234.0,1.0,10.0,0.0,0.5,1.5,0.0,0.3,14.8,2.5
2.0,"2019-08-16 14:43:35.000000","2019-08-16 14:53:52.000000",1.0,1.32,1.0,N,224.0,234.0,1.0,8.5,0.0,0.5,1.0,0.0,0.3,12.8,2.5
2.0,"2019-08-16 15:13:57.000000","2019-08-16 15:21:15.000000",1.0,1.05,1.0,N,224.0,234.0,1.0,6.5,0.0,0.5,1.96,0.0,0.3,11.76,2.5
2.0,"2019-08-16 19:00:18.000000","2019-08-16 19:09:11.000000",1.0,1.22,1.0,N,224.0,234.0,1.0,7.5,1.0,0.5,2.36,0.0,0.3,14.16,2.5
2.0,"2019-08-16 20:35:39.000000","2019-08-16 20:48:46.000000",2.0,1.62,1.0,N,224.0,234.0,2.0,10.0,0.5,0.5,0.0,0.0,0.3,13.8,2.5
2.0,"2019-08-16 22:39:25.000000","2019-08-16 22:45:30.000000",1.0,1.27,1.0,N,224.0,234.0,1.0,6.5,0.5,0.5,2.06,0.0,0.3,12.36,2.5
1.0,"2019-08-17 00:31:10.000000","2019-08-17 00:41:34.000000",1.0,1.4,1.0,N,224.0,234.0,1.0,8.0,3.0,0.5,2.35,0.0,0.3,14.15,2.5
2.0,"2019-08-17 00:57:05.000000","2019-08-17 01:03:13.000000",1.0,0.93,1.0,N,224.0,234.0,1.0,6.0,0.5,0.5,1.96,0.0,0.3,11.76,2.5
2.0,"2019-08-17 00:46:36.000000","2019-08-17 00:53:04.000000",1.0,1.12,1.0,N,224.0,234.0,1.0,6.5,0.5,0.5,2.06,0.0,0.3,12.36,2.5
2.0,"2019-08-17 01:25:26.000000","2019-08-17 01:38:08.000000",1.0,1.95,1.0,N,224.0,234.0,1.0,10.5,0.5,0.5,2.86,0.0,0.3,17.16,2.5
1.0,"2019-08-17 07:26:33.000000","2019-08-17 07:31:38.000000",1.0,0.8,1.0,N,224.0,234.0,1.0,5.5,2.5,0.5,2.2,0.0,0.3,11.0,2.5
2.0,"2019-08-17 08:34:40.000000","2019-08-17 08:43:35.000000",1.0,1.19,1.0,N,224.0,234.0,2.0,7.5,0.0,0.5,0.0,0.0,0.3,10.8,2.5
2.0,"2019-08-17 08:55:32.000000","2019-08-17 09:03:31.000000",1.0,0.94,1.0,N,224.0,234.0,1.0,7.0,0.0,0.5,2.06,0.0,0.3,12.36,2.5
2.0,"2019-08-17 08:59:18.000000","2019-08-17 09:08:24.000000",5.0,1.66,1.0,N,224.0,234.0,1.0,8.5,0.0,0.5,2.36,0.0,0.3,14.16,2.5
2.0,"2019-08-17 09:43:52.000000","2019-08-17 09:56:58.000000",2.0,1.43,1.0,N,224.0,234.0,1.0,9.5,0.0,0.5,3.2,0.0,0.3,16.0,2.5
2.0,"2019-08-17 09:09:08.000000","2019-08-17 09:22:10.000000",4.0,1.4,1.0,N,224.0,234.0,2.0,9.5,0.0,0.5,0.0,0.0,0.3,12.8,2.5
1.0,"2019-08-17 11:21:15.000000","2019-08-17 11:29:27.000000",1.0,0.7,1.0,N,224.0,234.0,1.0,7.0,2.5,0.5,0.7,0.0,0.3,11.0,2.5
2.0,"2019-08-17 11:09:59.000000","2019-08-17 11:24:15.000000",1.0,1.29,1.0,N,224.0,234.0,1.0,10.0,0.0,0.5,2.66,0.0,0.3,15.96,2.5
2.0,"2019-08-17 12:48:29.000000","2019-08-17 12:55:59.000000",3.0,0.81,1.0,N,224.0,234.0,1.0,6.5,0.0,0.5,1.96,0.0,0.3,11.76,2.5
1.0,"2019-08-17 12:13:03.000000","2019-08-17 12:28:02.000000",2.0,1.2,1.0,N,224.0,234.0,3.0,10.5,2.5,0.5,0.0,0.0,0.3,13.8,2.5
2.0,"2019-08-17 14:30:54.000000","2019-08-17 14:39:49.000000",1.0,1.13,1.0,N,224.0,234.0,2.0,7.5,0.0,0.5,0.0,0.0,0.3,10.8,2.5
2.0,"2019-08-17 14:58:58.000000","2019-08-17 15:03:17.000000",1.0,0.7,1.0,N,224.0,234.0,1.0,5.0,0.0,0.5,0.5,0.0,0.3,8.8,2.5
2.0,"2019-08-17 16:33:05.000000","2019-08-17 16:39:18.000000",5.0,0.79,1.0,N,224.0,234.0,1.0,6.0,0.0,0.5,1.0,0.0,0.3,10.3,2.5
1.0,"2019-08-17 17:42:16.000000","2019-08-17 17:50:36.000000",2.0,0.8,1.0,N,224.0,234.0,1.0,7.0,2.5,0.5,2.05,0.0,0.3,12.35,2.5
2.0,"2019-08-17 17:18:09.000000","2019-08-17 17:27:00.000000",6.0,1.24,1.0,N,224.0,234.0,1.0,7.5,0.0,0.5,2.7,0.0,0.3,13.5,2.5
2.0,"2019-08-17 18:49:35.000000","2019-08-17 18:58:49.000000",1.0,1.18,1.0,N,224.0,234.0,1.0,8.0,0.0,0.5,2.26,0.0,0.3,13.56,2.5
2.0,"2019-08-17 19:26:41.000000","2019-08-17 19:36:53.000000",1.0,1.4,1.0,N,224.0,234.0,1.0,8.5,0.0,0.5,2.36,0.0,0.3,14.16,2.5
2.0,"2019-08-17 20:58:01.000000","2019-08-17 21:04:49.000000",1.0,1.24,1.0,N,224.0,234.0,1.0,7.0,0.5,0.5,2.16,0.0,0.3,12.96,2.5
2.0,"2019-08-18 08:17:50.000000","2019-08-18 08:22:18.000000",1.0,1.02,1.0,N,224.0,234.0,2.0,5.5,0.0,0.5,0.0,0.0,0.3,8.8,2.5
2.0,"2019-08-18 09:40:34.000000","2019-08-18 09:49:58.000000",6.0,1.7,1.0,N,224.0,234.0,1.0,8.5,0.0,0.5,2.36,0.0,0.3,14.16,2.5
2.0,"2019-08-18 10:26:45.000000","2019-08-18 10:33:35.000000",1.0,1.08,1.0,N,224.0,234.0,1.0,7.0,0.0,0.5,2.58,0.0,0.3,12.88,2.5
1.0,"2019-08-18 10:41:29.000000","2019-08-18 10:49:08.000000",1.0,1.0,1.0,N,224.0,234.0,2.0,7.0,2.5,0.5,0.0,0.0,0.3,10.3,2.5
2.0,"2019-08-18 11:13:44.000000","2019-08-18 11:19:36.000000",1.0,1.04,1.0,N,224.0,234.0,1.0,6.0,0.0,0.5,1.86,0.0,0.3,11.16,2.5
1.0,"2019-08-18 11:50:07.000000","2019-08-18 11:56:56.000000",1.0,1.0,1.0,N,224.0,234.0,1.0,6.5,2.5,0.5,1.95,0.0,0.3,11.75,2.5
2.0,"2019-08-18 11:11:19.000000","2019-08-18 11:15:15.000000",1.0,0.76,1.0,N,224.0,234.0,2.0,4.5,0.0,0.5,0.0,0.0,0.3,7.8,2.5
1.0,"2019-08-18 13:42:10.000000","2019-08-18 13:55:37.000000",1.0,1.4,1.0,N,224.0,234.0,2.0,10.0,2.5,0.5,0.0,0.0,0.3,13.3,2.5
2.0,"2019-08-18 15:47:37.000000","2019-08-18 15:56:42.000000",2.0,1.42,1.0,N,224.0,234.0,2.0,8.0,0.0,0.5,0.0,0.0,0.3,11.3,2.5
2.0,"2019-08-18 16:11:51.000000","2019-08-18 16:21:41.000000",2.0,1.07,1.0,N,224.0,234.0,1.0,8.0,0.0,0.5,0.7,0.0,0.3,12.0,2.5
2.0,"2019-08-18 18:51:46.000000","2019-08-18 19:04:50.000000",2.0,1.84,1.0,N,224.0,234.0,1.0,10.5,0.0,0.5,2.07,0.0,0.3,15.87,2.5
1.0,"2019-08-18 19:37:25.000000","2019-08-18 19:44:04.000000",1.0,1.0,1.0,N,224.0,234.0,2.0,6.5,2.5,0.5,0.0,0.0,0.3,9.8,2.5
1.0,"2019-08-18 23:19:18.000000","2019-08-18 23:27:10.000000",2.0,1.2,1.0,N,224.0,234.0,1.0,7.0,3.0,0.5,2.15,0.0,0.3,12.95,2.5
2.0,"2019-08-19 06:55:32.000000","2019-08-19 07:04:33.000000",1.0,1.35,1.0,N,224.0,234.0,2.0,7.5,0.0,0.5,0.0,0.0,0.3,10.8,2.5
2.0,"2019-08-19 07:38:05.000000","2019-08-19 07:44:58.000000",1.0,1.19,1.0,N,224.0,234.0,1.0,7.0,0.0,0.5,2.06,0.0,0.3,12.36,2.5
2.0,"2019-08-19 07:45:16.000000","2019-08-19 07:55:33.000000",1.0,1.38,1.0,N,224.0,234.0,1.0,8.0,0.0,0.5,1.0,0.0,0.3,12.3,2.5
2.0,"2019-08-19 08:14:00.000000","2019-08-19 08:22:42.000000",5.0,1.12,1.0,N,224.0,234.0,1.0,7.0,0.0,0.5,2.06,0.0,0.3,12.36,2.5
2.0,"2019-08-19 09:16:10.000000","2019-08-19 09:24:02.000000",1.0,1.02,1.0,N,224.0,234.0,1.0,6.5,0.0,0.5,1.96,0.0,0.3,11.76,2.5
2.0,"2019-08-19 09:20:38.000000","2019-08-19 09:28:02.000000",1.0,0.98,1.0,N,224.0,234.0,1.0,7.0,0.0,0.5,2.06,0.0,0.3,12.36,2.5
1.0,"2019-08-19 09:16:55.000000","2019-08-19 09:23:12.000000",1.0,0.9,1.0,N,224.0,234.0,1.0,6.0,2.5,0.5,1.5,0.0,0.3,10.8,2.5
1.0,"2019-08-19 09:52:24.000000","2019-08-19 09:59:50.000000",1.0,0.9,1.0,N,224.0,234.0,1.0,6.5,2.5,0.5,1.95,0.0,0.3,11.75,2.5
2.0,"2019-08-19 09:04:26.000000","2019-08-19 09:16:41.000000",1.0,1.8,1.0,N,224.0,234.0,2.0,10.0,0.0,0.5,0.0,0.0,0.3,13.3,2.5
2.0,"2019-08-19 10:50:40.000000","2019-08-19 10:59:39.000000",1.0,1.04,1.0,N,224.0,234.0,2.0,7.5,0.0,0.5,0.0,0.0,0.3,10.8,2.5
2.0,"2019-08-19 10:53:15.000000","2019-08-19 10:59:48.000000",1.0,0.96,1.0,N,224.0,234.0,2.0,6.5,0.0,0.5,0.0,0.0,0.3,9.8,2.5
2.0,"2019-08-19 11:29:02.000000","2019-08-19 11:36:13.000000",3.0,0.77,1.0,N,224.0,234.0,1.0,6.5,0.0,0.5,1.96,0.0,0.3,11.76,2.5
2.0,"2019-08-19 11:20:41.000000","2019-08-19 11:31:58.000000",2.0,1.35,1.0,N,224.0,234.0,2.0,9.0,0.0,0.5,0.0,0.0,0.3,12.3,2.5
1.0,"2019-08-19 11:24:56.000000","2019-08-19 11:36:45.000000",1.0,1.1,1.0,N,224.0,234.0,1.0,9.0,2.5,0.5,3.0,0.0,0.3,15.3,2.5
1.0,"2019-08-19 11:21:20.000000","2019-08-19 11:32:28.000000",2.0,1.1,1.0,N,224.0,234.0,2.0,8.0,2.5,0.5,0.0,0.0,0.3,11.3,2.5
1.0,"2019-08-19 14:19:55.000000","2019-08-19 14:31:07.000000",1.0,1.5,1.0,N,224.0,234.0,1.0,9.0,2.5,0.5,2.0,0.0,0.3,14.3,2.5
1.0,"2019-08-19 15:52:20.000000","2019-08-19 15:59:17.000000",1.0,0.8,1.0,N,224.0,234.0,2.0,6.5,3.0,0.5,0.0,0.0,0.3,10.3,2.5
2.0,"2019-08-19 19:00:57.000000","2019-08-19 19:03:23.000000",1.0,0.64,1.0,N,224.0,234.0,2.0,4.0,1.0,0.5,0.0,0.0,0.3,8.3,2.5
2.0,"2019-08-19 19:09:44.000000","2019-08-19 19:22:02.000000",5.0,1.23,1.0,N,224.0,234.0,2.0,9.0,1.0,0.5,0.0,0.0,0.3,13.3,2.5
2.0,"2019-08-19 19:45:34.000000","2019-08-19 19:50:25.000000",3.0,0.86,1.0,N,224.0,234.0,1.0,5.5,1.0,0.5,1.11,0.0,0.3,10.91,2.5
2.0,"2019-08-19 20:08:39.000000","2019-08-19 20:16:54.000000",1.0,1.18,1.0,N,224.0,234.0,1.0,7.0,0.5,0.5,2.16,0.0,0.3,12.96,2.5
2.0,"2019-08-20 05:52:22.000000","2019-08-20 05:59:54.000000",1.0,1.47,1.0,N,224.0,234.0,1.0,7.5,0.5,0.5,1.5,0.0,0.3,12.8,2.5
1.0,"2019-08-20 08:31:18.000000","2019-08-20 08:40:38.000000",1.0,1.3,1.0,N,224.0,234.0,1.0,8.0,2.5,0.5,2.25,0.0,0.3,13.55,2.5
2.0,"2019-08-20 09:23:14.000000","2019-08-20 09:35:10.000000",1.0,0.95,1.0,N,224.0,234.0,1.0,8.5,0.0,0.5,1.0,0.0,0.3,12.8,2.5
2.0,"2019-08-20 09:23:53.000000","2019-08-20 09:31:33.000000",1.0,1.09,1.0,N,224.0,234.0,2.0,7.0,0.0,0.5,0.0,0.0,0.3,10.3,2.5
2.0,"2019-08-20 09:41:58.000000","2019-08-20 09:49:57.000000",1.0,0.84,1.0,N,224.0,234.0,1.0,7.0,0.0,0.5,2.06,0.0,0.3,12.36,2.5
2.0,"2019-08-20 10:20:31.000000","2019-08-20 10:26:24.000000",1.0,0.74,1.0,N,224.0,234.0,1.0,5.5,0.0,0.5,0.0,0.0,0.3,8.8,2.5
1.0,"2019-08-20 11:42:59.000000","2019-08-20 11:57:29.000000",1.0,0.9,1.0,N,224.0,234.0,1.0,10.0,2.5,0.5,2.65,0.0,0.3,15.95,2.5
1.0,"2019-08-20 11:34:07.000000","2019-08-20 11:42:23.000000",1.0,1.1,1.0,N,224.0,234.0,2.0,7.0,2.5,0.5,0.0,0.0,0.3,10.3,2.5
2.0,"2019-08-20 12:33:40.000000","2019-08-20 12:43:19.000000",1.0,1.26,1.0,N,224.0,234.0,2.0,8.0,0.0,0.5,0.0,0.0,0.3,11.3,2.5
1.0,"2019-08-20 15:45:02.000000","2019-08-20 15:54:38.000000",0.0,1.1,1.0,Y,224.0,234.0,1.0,7.5,2.5,0.5,1.2,0.0,0.3,12.0,2.5
1.0,"2019-08-20 16:52:18.000000","2019-08-20 17:02:23.000000",1.0,1.0,1.0,N,224.0,234.0,1.0,8.0,3.5,0.5,2.45,0.0,0.3,14.75,2.5
2.0,"2019-08-20 20:34:43.000000","2019-08-20 20:40:24.000000",1.0,0.85,1.0,N,224.0,234.0,1.0,6.0,0.5,0.5,1.96,0.0,0.3,11.76,2.5
1.0,"2019-08-21 05:05:25.000000","2019-08-21 05:13:40.000000",1.0,1.1,1.0,N,224.0,234.0,1.0,7.5,3.0,0.5,1.0,0.0,0.3,12.3,2.5
1.0,"2019-08-21 07:27:32.000000","2019-08-21 07:36:48.000000",0.0,1.1,1.0,N,224.0,234.0,1.0,7.5,2.5,0.5,2.15,0.0,0.3,12.95,2.5
2.0,"2019-08-21 08:16:29.000000","2019-08-21 08:26:11.000000",1.0,1.22,1.0,N,224.0,234.0,1.0,8.0,0.0,0.5,2.26,0.0,0.3,13.56,2.5
2.0,"2019-08-21 08:20:02.000000","2019-08-21 08:29:45.000000",1.0,0.68,1.0,N,224.0,234.0,1.0,7.5,0.0,0.5,2.16,0.0,0.3,12.96,2.5
2.0,"2019-08-21 09:52:02.000000","2019-08-21 10:00:02.000000",1.0,0.72,1.0,N,224.0,234.0,2.0,6.5,0.0,0.5,0.0,0.0,0.3,9.8,2.5
2.0,"2019-08-21 10:45:45.000000","2019-08-21 10:55:26.000000",5.0,1.0,1.0,N,224.0,234.0,2.0,7.5,0.0,0.5,0.0,0.0,0.3,10.8,2.5
2.0,"2019-08-21 09:59:30.000000","2019-08-21 10:04:32.000000",1.0,0.97,1.0,N,224.0,234.0,2.0,5.5,0.0,0.5,0.0,0.0,0.3,8.8,2.5
1.0,"2019-08-21 11:11:01.000000","2019-08-21 11:20:05.000000",1.0,0.8,1.0,N,224.0,234.0,1.0,7.0,2.5,0.5,1.0,0.0,0.3,11.3,2.5
2.0,"2019-08-21 11:11:03.000000","2019-08-21 11:21:36.000000",1.0,1.2,1.0,N,224.0,234.0,1.0,8.5,0.0,0.5,1.5,0.0,0.3,13.3,2.5
1.0,"2019-08-21 11:51:23.000000","2019-08-21 11:58:25.000000",1.0,0.7,1.0,N,224.0,234.0,1.0,6.0,2.5,0.5,2.3,0.0,0.3,11.6,2.5
1.0,"2019-08-21 14:03:15.000000","2019-08-21 14:10:58.000000",1.0,0.9,1.0,N,224.0,234.0,1.0,6.5,2.5,0.5,2.9,0.0,0.3,12.7,2.5
1.0,"2019-08-21 15:21:00.000000","2019-08-21 15:31:54.000000",0.0,1.3,1.0,N,224.0,234.0,1.0,8.5,2.5,0.5,2.0,0.0,0.3,13.8,2.5
2.0,"2019-08-21 16:35:24.000000","2019-08-21 16:40:33.000000",1.0,1.08,1.0,N,224.0,234.0,1.0,5.5,1.0,0.5,2.45,0.0,0.3,12.25,2.5
2.0,"2019-08-21 16:12:40.000000","2019-08-21 16:22:26.000000",1.0,1.15,1.0,N,224.0,234.0,2.0,8.0,1.0,0.5,0.0,0.0,0.3,12.3,2.5
1.0,"2019-08-21 17:53:32.000000","2019-08-21 18:07:07.000000",0.0,1.0,1.0,N,224.0,234.0,1.0,9.5,3.5,0.5,2.0,0.0,0.3,15.8,2.5
1.0,"2019-08-21 19:55:47.000000","2019-08-21 20:09:47.000000",1.0,1.3,1.0,N,224.0,234.0,1.0,10.0,3.0,0.5,2.0,0.0,0.3,15.8,2.5
2.0,"2019-08-21 20:25:18.000000","2019-08-21 20:36:31.000000",2.0,1.59,1.0,N,224.0,234.0,1.0,8.5,0.5,0.5,2.46,0.0,0.3,14.76,2.5
2.0,"2019-08-21 22:48:06.000000","2019-08-21 22:58:42.000000",1.0,1.48,1.0,N,224.0,234.0,1.0,8.5,0.5,0.5,0.62,0.0,0.3,12.92,2.5
2.0,"2019-08-21 23:15:08.000000","2019-08-21 23:20:50.000000",1.0,0.77,1.0,N,224.0,234.0,2.0,5.5,0.5,0.5,0.0,0.0,0.3,9.3,2.5
2.0,"2019-08-22 00:11:04.000000","2019-08-22 00:23:16.000000",1.0,1.84,1.0,N,224.0,234.0,1.0,9.5,0.5,0.5,2.66,0.0,0.3,15.96,2.5
2.0,"2019-08-22 05:38:38.000000","2019-08-22 05:46:59.000000",4.0,1.48,1.0,N,224.0,234.0,1.0,8.0,0.5,0.5,1.0,0.0,0.3,12.8,2.5
2.0,"2019-08-22 06:35:22.000000","2019-08-22 06:42:13.000000",1.0,1.16,1.0,N,224.0,234.0,1.0,7.0,0.0,0.5,2.06,0.0,0.3,12.36,2.5
1.0,"2019-08-22 07:55:48.000000","2019-08-22 08:04:58.000000",1.0,1.0,1.0,N,224.0,234.0,1.0,7.5,2.5,0.5,2.15,0.0,0.3,12.95,2.5
1.0,"2019-08-22 07:17:50.000000","2019-08-22 07:22:18.000000",0.0,0.7,1.0,N,224.0,234.0,2.0,5.0,2.5,0.5,0.0,0.0,0.3,8.3,2.5
1.0,"2019-08-22 08:32:33.000000","2019-08-22 08:41:04.000000",1.0,0.9,1.0,N,224.0,234.0,1.0,7.0,2.5,0.5,2.05,0.0,0.3,12.35,2.5
2.0,"2019-08-22 09:08:07.000000","2019-08-22 09:22:06.000000",1.0,1.56,1.0,N,224.0,234.0,1.0,10.5,0.0,0.5,2.07,0.0,0.3,15.87,2.5
1.0,"2019-08-22 10:09:34.000000","2019-08-22 10:20:52.000000",1.0,0.8,1.0,N,224.0,234.0,2.0,8.0,2.5,0.5,0.0,0.0,0.3,11.3,2.5
2.0,"2019-08-22 10:48:01.000000","2019-08-22 10:55:01.000000",1.0,0.72,1.0,N,224.0,234.0,1.0,6.0,0.0,0.5,1.86,0.0,0.3,11.16,2.5
2.0,"2019-08-22 10:41:03.000000","2019-08-22 10:50:36.000000",1.0,1.17,1.0,N,224.0,234.0,1.0,8.0,0.0,0.5,2.26,0.0,0.3,13.56,2.5
2.0,"2019-08-22 11:22:54.000000","2019-08-22 11:32:20.000000",1.0,0.59,1.0,N,224.0,234.0,1.0,7.0,0.0,0.5,2.58,0.0,0.3,12.88,2.5
2.0,"2019-08-22 11:58:32.000000","2019-08-22 12:01:22.000000",1.0,0.56,1.0,N,224.0,234.0,1.0,4.0,0.0,0.5,1.46,0.0,0.3,8.76,2.5
1.0,"2019-08-22 11:03:15.000000","2019-08-22 11:22:15.000000",2.0,1.0,1.0,N,224.0,234.0,1.0,12.0,2.5,0.5,2.0,0.0,0.3,17.3,2.5
2.0,"2019-08-22 11:05:57.000000","2019-08-22 11:24:02.000000",2.0,1.29,1.0,N,224.0,234.0,1.0,12.0,0.0,0.5,3.06,0.0,0.3,18.36,2.5
2.0,"2019-08-22 12:40:46.000000","2019-08-22 12:57:13.000000",1.0,1.13,1.0,N,224.0,234.0,1.0,11.0,0.0,0.5,1.43,0.0,0.3,15.73,2.5
1.0,"2019-08-22 12:59:48.000000","2019-08-22 13:11:58.000000",1.0,1.0,1.0,N,224.0,234.0,1.0,9.0,2.5,0.5,2.45,0.0,0.3,14.75,2.5
2.0,"2019-08-22 13:38:25.000000","2019-08-22 13:43:31.000000",2.0,0.67,1.0,N,224.0,234.0,1.0,5.0,0.0,0.5,1.66,0.0,0.3,9.96,2.5
1.0,"2019-08-22 13:37:39.000000","2019-08-22 13:44:26.000000",1.0,0.8,1.0,N,224.0,234.0,2.0,6.0,2.5,0.5,0.0,0.0,0.3,9.3,2.5
2.0,"2019-08-22 15:03:33.000000","2019-08-22 15:14:34.000000",4.0,1.37,1.0,N,224.0,234.0,2.0,8.5,0.0,0.5,0.0,0.0,0.3,11.8,2.5
2.0,"2019-08-22 16:50:57.000000","2019-08-22 17:03:04.000000",1.0,1.28,1.0,N,224.0,234.0,1.0,9.0,1.0,0.5,2.0,0.0,0.3,15.3,2.5
2.0,"2019-08-22 17:41:21.000000","2019-08-22 17:48:31.000000",1.0,0.93,1.0,N,224.0,234.0,1.0,6.5,1.0,0.5,2.16,0.0,0.3,12.96,2.5
2.0,"2019-08-22 17:38:46.000000","2019-08-22 17:46:02.000000",1.0,0.92,1.0,N,224.0,234.0,1.0,6.5,1.0,0.5,3.24,0.0,0.3,14.04,2.5
1.0,"2019-08-22 18:35:10.000000","2019-08-22 18:44:26.000000",1.0,0.9,1.0,N,224.0,234.0,1.0,7.5,3.5,0.5,2.35,0.0,0.3,14.15,2.5
2.0,"2019-08-22 20:14:34.000000","2019-08-22 20:25:24.000000",1.0,1.22,1.0,N,224.0,234.0,1.0,8.0,0.5,0.5,1.77,0.0,0.3,13.57,2.5
2.0,"2019-08-22 22:01:56.000000","2019-08-22 22:10:31.000000",3.0,1.24,1.0,N,224.0,234.0,1.0,7.0,0.5,0.5,1.0,0.0,0.3,11.8,2.5
1.0,"2019-08-22 22:54:21.000000","2019-08-22 23:05:03.000000",1.0,1.4,1.0,N,224.0,234.0,2.0,8.0,3.0,0.5,0.0,0.0,0.3,11.8,2.5
1.0,"2019-08-23 06:47:40.000000","2019-08-23 06:56:21.000000",1.0,1.3,1.0,N,224.0,234.0,1.0,7.5,2.5,0.5,3.0,0.0,0.3,13.8,2.5
2.0,"2019-08-23 06:20:32.000000","2019-08-23 06:26:47.000000",1.0,0.77,1.0,N,224.0,234.0,1.0,6.0,0.0,0.5,1.0,0.0,0.3,10.3,2.5
2.0,"2019-08-23 09:08:40.000000","2019-08-23 09:18:03.000000",1.0,0.96,1.0,N,224.0,234.0,1.0,7.5,0.0,0.5,2.16,0.0,0.3,12.96,2.5
2.0,"2019-08-23 09:48:35.000000","2019-08-23 10:10:26.000000",1.0,1.57,1.0,N,224.0,234.0,1.0,13.5,0.0,0.5,3.36,0.0,0.3,20.16,2.5
2.0,"2019-08-23 10:31:22.000000","2019-08-23 10:40:38.000000",6.0,0.89,1.0,N,224.0,234.0,1.0,7.0,0.0,0.5,1.03,0.0,0.3,11.33,2.5
2.0,"2019-08-23 10:02:19.000000","2019-08-23 10:13:07.000000",1.0,1.12,1.0,N,224.0,234.0,2.0,8.5,0.0,0.5,0.0,0.0,0.3,11.8,2.5
1.0,"2019-08-23 10:23:42.000000","2019-08-23 10:35:30.000000",1.0,1.1,1.0,N,224.0,234.0,1.0,8.5,2.5,0.5,2.35,0.0,0.3,14.15,2.5
2.0,"2019-08-23 10:38:08.000000","2019-08-23 10:42:06.000000",1.0,0.51,1.0,N,224.0,234.0,1.0,4.5,0.0,0.5,2.34,0.0,0.3,10.14,2.5
2.0,"2019-08-23 12:13:58.000000","2019-08-23 12:21:04.000000",1.0,0.85,1.0,N,224.0,234.0,1.0,6.0,0.0,0.5,2.33,0.0,0.3,11.63,2.5
2.0,"2019-08-23 13:51:28.000000","2019-08-23 13:55:36.000000",1.0,0.66,1.0,N,224.0,234.0,2.0,5.0,0.0,0.5,0.0,0.0,0.3,8.3,2.5
1.0,"2019-08-23 14:13:39.000000","2019-08-23 14:23:05.000000",1.0,1.0,1.0,N,224.0,234.0,1.0,7.5,2.5,0.5,1.5,0.0,0.3,12.3,2.5
1.0,"2019-08-23 17:39:23.000000","2019-08-23 17:51:43.000000",1.0,1.2,1.0,N,224.0,234.0,1.0,9.0,3.5,0.5,3.3,0.0,0.3,16.6,2.5
2.0,"2019-08-23 17:23:42.000000","2019-08-23 17:34:07.000000",1.0,1.19,1.0,N,224.0,234.0,1.0,8.5,1.0,0.5,3.2,0.0,0.3,16.0,2.5
2.0,"2019-08-23 17:04:15.000000","2019-08-23 17:09:39.000000",5.0,0.83,1.0,N,224.0,234.0,1.0,5.5,1.0,0.5,1.96,0.0,0.3,11.76,2.5
2.0,"2019-08-23 20:42:10.000000","2019-08-23 20:51:25.000000",1.0,1.41,1.0,N,224.0,234.0,1.0,8.0,0.5,0.5,2.36,0.0,0.3,14.16,2.5
1.0,"2019-08-23 21:47:02.000000","2019-08-23 21:58:03.000000",1.0,1.1,1.0,N,224.0,234.0,1.0,8.5,3.0,0.5,3.0,0.0,0.3,15.3,2.5
1.0,"2019-08-23 21:13:00.000000","2019-08-23 21:21:02.000000",2.0,0.7,1.0,N,224.0,234.0,1.0,6.5,3.0,0.5,2.06,0.0,0.3,12.36,2.5
2.0,"2019-08-23 22:03:25.000000","2019-08-23 22:07:58.000000",2.0,0.86,1.0,N,224.0,234.0,1.0,5.5,0.5,0.5,1.25,0.0,0.3,10.55,2.5
2.0,"2019-08-24 05:29:27.000000","2019-08-24 05:37:54.000000",2.0,1.45,1.0,N,224.0,234.0,1.0,8.0,0.5,0.5,2.36,0.0,0.3,14.16,2.5
2.0,"2019-08-24 05:46:47.000000","2019-08-24 05:55:14.000000",1.0,1.48,1.0,N,224.0,234.0,2.0,7.5,0.5,0.5,0.0,0.0,0.3,11.3,2.5
2.0,"2019-08-24 07:46:29.000000","2019-08-24 07:55:39.000000",1.0,1.57,1.0,N,224.0,234.0,2.0,8.5,0.0,0.5,0.0,0.0,0.3,11.8,2.5
2.0,"2019-08-24 08:31:55.000000","2019-08-24 08:39:27.000000",1.0,1.19,1.0,N,224.0,234.0,1.0,7.0,0.0,0.5,2.06,0.0,0.3,12.36,2.5
2.0,"2019-08-24 09:12:21.000000","2019-08-24 09:17:03.000000",1.0,0.84,1.0,N,224.0,234.0,1.0,5.5,0.0,0.5,1.76,0.0,0.3,10.56,2.5
2.0,"2019-08-24 10:47:38.000000","2019-08-24 10:56:11.000000",2.0,1.13,1.0,N,224.0,234.0,1.0,7.0,0.0,0.5,1.0,0.0,0.3,11.3,2.5
2.0,"2019-08-24 10:02:15.000000","2019-08-24 10:05:55.000000",1.0,0.61,1.0,N,224.0,234.0,1.0,4.5,0.0,0.5,1.56,0.0,0.3,9.36,2.5
2.0,"2019-08-24 10:22:00.000000","2019-08-24 10:25:56.000000",1.0,0.67,1.0,N,224.0,234.0,2.0,5.0,0.0,0.5,0.0,0.0,0.3,8.3,2.5
1.0,"2019-08-24 10:07:04.000000","2019-08-24 10:15:23.000000",2.0,1.0,1.0,N,224.0,234.0,2.0,7.0,2.5,0.5,0.0,0.0,0.3,10.3,2.5
2.0,"2019-08-24 11:57:11.000000","2019-08-24 12:06:42.000000",1.0,1.12,1.0,N,224.0,234.0,1.0,8.0,0.0,0.5,2.0,0.0,0.3,13.3,2.5
1.0,"2019-08-24 11:18:50.000000","2019-08-24 11:29:04.000000",1.0,1.5,1.0,N,224.0,234.0,1.0,9.0,2.5,0.5,3.05,0.0,0.3,15.35,2.5
2.0,"2019-08-24 14:26:24.000000","2019-08-24 14:33:23.000000",1.0,0.87,1.0,N,224.0,234.0,1.0,6.5,0.0,0.5,1.96,0.0,0.3,11.76,2.5
2.0,"2019-08-24 14:50:10.000000","2019-08-24 15:01:06.000000",1.0,1.73,1.0,N,224.0,234.0,1.0,9.0,0.0,0.5,2.46,0.0,0.3,14.76,2.5
2.0,"2019-08-24 16:04:34.000000","2019-08-24 16:13:03.000000",5.0,0.99,1.0,N,224.0,234.0,1.0,7.5,0.0,0.5,2.16,0.0,0.3,12.96,2.5
2.0,"2019-08-24 15:20:38.000000","2019-08-24 15:26:44.000000",2.0,0.9,1.0,N,224.0,234.0,2.0,6.0,0.0,0.5,0.0,0.0,0.3,9.3,2.5
2.0,"2019-08-24 15:51:14.000000","2019-08-24 15:57:42.000000",1.0,1.12,1.0,N,224.0,234.0,1.0,6.5,0.0,0.5,1.96,0.0,0.3,11.76,2.5
1.0,"2019-08-24 16:51:36.000000","2019-08-24 16:57:11.000000",1.0,0.7,1.0,N,224.0,234.0,2.0,5.5,2.5,0.5,0.0,0.0,0.3,8.8,2.5
2.0,"2019-08-24 17:48:43.000000","2019-08-24 17:55:46.000000",5.0,1.04,1.0,N,224.0,234.0,2.0,6.5,0.0,0.5,0.0,0.0,0.3,9.8,2.5
2.0,"2019-08-24 17:10:33.000000","2019-08-24 17:22:47.000000",3.0,1.7,1.0,N,224.0,234.0,2.0,9.5,0.0,0.5,0.0,0.0,0.3,12.8,2.5
2.0,"2019-08-24 18:58:48.000000","2019-08-24 19:07:39.000000",3.0,1.35,1.0,N,224.0,234.0,1.0,7.5,0.0,0.5,1.62,0.0,0.3,12.42,2.5
2.0,"2019-08-24 19:32:43.000000","2019-08-24 19:43:53.000000",4.0,1.23,1.0,N,224.0,234.0,1.0,8.5,0.0,0.5,2.36,0.0,0.3,14.16,2.5
1.0,"2019-08-24 19:40:20.000000","2019-08-24 19:45:23.000000",1.0,0.7,1.0,N,224.0,234.0,1.0,5.0,2.5,0.5,1.0,0.0,0.3,9.3,2.5
2.0,"2019-08-24 20:53:52.000000","2019-08-24 21:01:25.000000",2.0,1.28,1.0,N,224.0,234.0,1.0,7.0,0.5,0.5,2.16,0.0,0.3,12.96,2.5
2.0,"2019-08-24 20:04:39.000000","2019-08-24 20:12:51.000000",1.0,1.02,1.0,N,224.0,234.0,1.0,7.0,0.5,0.5,1.0,0.0,0.3,11.8,2.5
2.0,"2019-08-24 21:20:19.000000","2019-08-24 21:26:11.000000",1.0,1.13,1.0,N,224.0,234.0,1.0,6.5,0.5,0.5,2.06,0.0,0.3,12.36,2.5
2.0,"2019-08-24 21:50:06.000000","2019-08-24 21:57:12.000000",1.0,1.13,1.0,N,224.0,234.0,1.0,6.5,0.5,0.5,1.0,0.0,0.3,11.3,2.5
1.0,"2019-08-25 00:04:48.000000","2019-08-25 00:20:47.000000",1.0,1.3,1.0,N,224.0,234.0,1.0,11.0,3.0,0.5,3.7,0.0,0.3,18.5,2.5
1.0,"2019-08-25 06:27:16.000000","2019-08-25 06:32:52.000000",1.0,1.4,1.0,Y,224.0,234.0,2.0,7.0,2.5,0.5,0.0,0.0,0.3,10.3,2.5
1.0,"2019-08-25 08:03:33.000000","2019-08-25 08:10:12.000000",1.0,1.1,1.0,N,224.0,234.0,1.0,6.5,2.5,0.5,1.96,0.0,0.3,11.76,2.5
2.0,"2019-08-25 10:49:15.000000","2019-08-25 10:59:48.000000",1.0,1.46,1.0,N,224.0,234.0,2.0,8.5,0.0,0.5,0.0,0.0,0.3,11.8,2.5
2.0,"2019-08-25 11:16:16.000000","2019-08-25 11:27:15.000000",2.0,1.36,1.0,N,224.0,234.0,2.0,9.0,0.0,0.5,0.0,0.0,0.3,12.3,2.5
2.0,"2019-08-25 12:34:34.000000","2019-08-25 12:40:59.000000",1.0,1.3,1.0,N,224.0,234.0,2.0,6.5,0.0,0.5,0.0,0.0,0.3,9.8,2.5
1.0,"2019-08-25 14:57:59.000000","2019-08-25 15:05:48.000000",1.0,1.1,1.0,N,224.0,234.0,1.0,7.0,2.5,0.5,2.05,0.0,0.3,12.35,2.5
2.0,"2019-08-25 23:56:20.000000","2019-08-26 00:06:27.000000",1.0,1.69,1.0,N,224.0,234.0,1.0,9.0,0.5,0.5,3.2,0.0,0.3,16.0,2.5
1.0,"2019-08-26 00:15:26.000000","2019-08-26 00:22:53.000000",1.0,1.2,1.0,N,224.0,234.0,1.0,7.0,3.0,0.5,2.15,0.0,0.3,12.95,2.5
2.0,"2019-08-26 06:55:14.000000","2019-08-26 07:05:17.000000",1.0,1.23,1.0,N,224.0,234.0,2.0,8.5,0.0,0.5,0.0,0.0,0.3,11.8,2.5
2.0,"2019-08-26 07:53:16.000000","2019-08-26 08:01:57.000000",1.0,0.89,1.0,N,224.0,234.0,1.0,7.0,0.0,0.5,1.54,0.0,0.3,11.84,2.5
1.0,"2019-08-26 08:25:38.000000","2019-08-26 08:35:19.000000",1.0,1.3,1.0,N,224.0,234.0,1.0,8.0,2.5,0.5,2.25,0.0,0.3,13.55,2.5
1.0,"2019-08-26 08:48:25.000000","2019-08-26 08:52:24.000000",1.0,0.7,1.0,Y,224.0,234.0,2.0,4.5,2.5,0.5,0.0,0.0,0.3,7.8,2.5
2.0,"2019-08-26 09:28:53.000000","2019-08-26 09:36:48.000000",5.0,0.98,1.0,N,224.0,234.0,1.0,6.5,0.0,0.5,1.0,0.0,0.3,10.8,2.5
1.0,"2019-08-26 09:07:34.000000","2019-08-26 09:15:43.000000",1.0,0.8,1.0,N,224.0,234.0,2.0,7.0,2.5,0.5,0.0,0.0,0.3,10.3,2.5
1.0,"2019-08-26 10:36:07.000000","2019-08-26 10:46:33.000000",1.0,1.1,1.0,N,224.0,234.0,1.0,8.5,2.5,0.5,2.95,0.0,0.3,14.75,2.5
1.0,"2019-08-26 11:38:27.000000","2019-08-26 11:44:56.000000",0.0,0.7,1.0,Y,224.0,234.0,1.0,6.0,2.5,0.5,2.3,0.0,0.3,11.6,2.5
1.0,"2019-08-26 12:23:15.000000","2019-08-26 12:31:18.000000",1.0,0.9,1.0,N,224.0,234.0,1.0,7.0,2.5,0.5,2.55,0.0,0.3,12.85,2.5
1.0,"2019-08-26 13:14:42.000000","2019-08-26 13:21:41.000000",2.0,1.0,1.0,N,224.0,234.0,2.0,6.5,2.5,0.5,0.0,0.0,0.3,9.8,2.5
1.0,"2019-08-26 14:51:55.000000","2019-08-26 14:55:52.000000",1.0,0.7,1.0,N,224.0,234.0,2.0,4.5,2.5,0.5,0.0,0.0,0.3,7.8,2.5
1.0,"2019-08-26 16:32:50.000000","2019-08-26 16:42:40.000000",1.0,1.7,1.0,N,224.0,234.0,2.0,9.0,3.5,0.5,0.0,0.0,0.3,13.3,2.5
2.0,"2019-08-26 17:28:17.000000","2019-08-26 17:33:34.000000",1.0,0.74,1.0,N,224.0,234.0,1.0,5.5,1.0,0.5,1.96,0.0,0.3,11.76,2.5
2.0,"2019-08-26 17:31:41.000000","2019-08-26 17:39:19.000000",1.0,1.4,1.0,N,224.0,234.0,1.0,7.5,1.0,0.5,2.36,0.0,0.3,14.16,2.5
2.0,"2019-08-26 18:23:02.000000","2019-08-26 18:35:18.000000",1.0,0.96,1.0,N,224.0,234.0,1.0,8.5,1.0,0.5,2.56,0.0,0.3,15.36,2.5
2.0,"2019-08-26 22:24:43.000000","2019-08-26 22:30:36.000000",1.0,0.98,1.0,N,224.0,234.0,1.0,6.0,0.5,0.5,0.98,0.0,0.3,10.78,2.5
1.0,"2019-08-27 08:14:36.000000","2019-08-27 08:22:52.000000",1.0,1.0,1.0,N,224.0,234.0,2.0,7.5,2.5,0.5,0.0,0.0,0.3,10.8,2.5
2.0,"2019-08-27 09:54:48.000000","2019-08-27 10:01:33.000000",1.0,0.92,1.0,N,224.0,234.0,1.0,6.0,0.0,0.5,1.0,0.0,0.3,10.3,2.5
2.0,"2019-08-27 10:09:11.000000","2019-08-27 10:17:59.000000",1.0,0.6,1.0,N,224.0,234.0,2.0,7.0,0.0,0.5,0.0,0.0,0.3,10.3,2.5
1.0,"2019-08-27 10:49:35.000000","2019-08-27 10:59:14.000000",1.0,0.9,1.0,N,224.0,234.0,1.0,7.5,2.5,0.5,2.15,0.0,0.3,12.95,2.5
2.0,"2019-08-27 10:22:04.000000","2019-08-27 10:29:00.000000",1.0,0.7,1.0,N,224.0,234.0,1.0,6.0,0.0,0.5,1.86,0.0,0.3,11.16,2.5
2.0,"2019-08-27 11:47:36.000000","2019-08-27 12:05:54.000000",2.0,1.43,1.0,N,224.0,234.0,1.0,12.0,0.0,0.5,3.82,0.0,0.3,19.12,2.5
2.0,"2019-08-27 13:41:57.000000","2019-08-27 13:49:58.000000",2.0,1.5,1.0,N,224.0,234.0,1.0,7.5,0.0,0.5,2.16,0.0,0.3,12.96,2.5
1.0,"2019-08-27 13:47:39.000000","2019-08-27 13:53:00.000000",1.0,0.9,1.0,N,224.0,234.0,2.0,6.0,2.5,0.5,0.0,0.0,0.3,9.3,2.5
2.0,"2019-08-27 13:50:39.000000","2019-08-27 13:58:53.000000",3.0,0.83,1.0,N,224.0,234.0,1.0,7.0,0.0,0.5,2.06,0.0,0.3,12.36,2.5
2.0,"2019-08-27 15:28:45.000000","2019-08-27 15:36:18.000000",1.0,1.0,1.0,N,224.0,234.0,2.0,6.5,0.0,0.5,0.0,0.0,0.3,9.8,2.5
2.0,"2019-08-27 15:14:09.000000","2019-08-27 15:25:08.000000",1.0,1.55,1.0,N,224.0,234.0,1.0,9.0,0.0,0.5,1.0,0.0,0.3,13.3,2.5
1.0,"2019-08-27 19:02:22.000000","2019-08-27 19:14:05.000000",1.0,1.5,1.0,N,224.0,234.0,1.0,9.0,3.5,0.5,1.0,0.0,0.3,14.3,2.5
2.0,"2019-08-27 20:33:48.000000","2019-08-27 20:38:09.000000",1.0,0.98,1.0,N,224.0,234.0,2.0,5.5,0.5,0.5,0.0,0.0,0.3,9.3,2.5
2.0,"2019-08-27 20:20:24.000000","2019-08-27 20:34:22.000000",1.0,2.17,1.0,N,224.0,234.0,1.0,11.0,0.5,0.5,3.7,0.0,0.3,18.5,2.5
1.0,"2019-08-28 06:09:14.000000","2019-08-28 06:12:52.000000",1.0,0.5,1.0,N,224.0,234.0,2.0,4.5,2.5,0.5,0.0,0.0,0.3,7.8,2.5
2.0,"2019-08-28 07:26:36.000000","2019-08-28 07:33:05.000000",1.0,0.88,1.0,N,224.0,234.0,1.0,6.0,0.0,0.5,1.86,0.0,0.3,11.16,2.5
2.0,"2019-08-28 07:23:09.000000","2019-08-28 07:35:40.000000",5.0,1.49,1.0,N,224.0,234.0,1.0,9.0,0.0,0.5,2.46,0.0,0.3,14.76,2.5
1.0,"2019-08-28 08:50:46.000000","2019-08-28 08:57:43.000000",1.0,0.9,1.0,N,224.0,234.0,1.0,6.5,2.5,0.5,1.95,0.0,0.3,11.75,2.5
2.0,"2019-08-28 08:06:47.000000","2019-08-28 08:20:36.000000",1.0,1.64,1.0,N,224.0,234.0,1.0,10.0,0.0,0.5,1.0,0.0,0.3,14.3,2.5
2.0,"2019-08-28 09:58:40.000000","2019-08-28 10:07:24.000000",1.0,1.03,1.0,N,224.0,234.0,1.0,7.0,0.0,0.5,1.54,0.0,0.3,11.84,2.5
1.0,"2019-08-28 09:04:32.000000","2019-08-28 09:18:00.000000",1.0,0.9,1.0,N,224.0,234.0,1.0,9.5,2.5,0.5,3.2,0.0,0.3,16.0,2.5
1.0,"2019-08-28 09:51:14.000000","2019-08-28 10:01:36.000000",1.0,0.9,1.0,N,224.0,234.0,1.0,8.0,2.5,0.5,1.75,0.0,0.3,13.05,2.5
2.0,"2019-08-28 09:42:39.000000","2019-08-28 09:52:00.000000",2.0,0.83,1.0,N,224.0,234.0,1.0,7.5,0.0,0.5,1.0,0.0,0.3,11.8,2.5
1.0,"2019-08-28 09:22:33.000000","2019-08-28 09:35:09.000000",1.0,1.2,1.0,N,224.0,234.0,1.0,9.5,2.5,0.5,2.56,0.0,0.3,15.36,2.5
1.0,"2019-08-28 10:12:30.000000","2019-08-28 10:21:01.000000",2.0,0.7,1.0,N,224.0,234.0,2.0,6.5,2.5,0.5,0.0,0.0,0.3,9.8,2.5
1.0,"2019-08-28 10:33:48.000000","2019-08-28 10:46:57.000000",2.0,0.9,1.0,Y,224.0,234.0,1.0,9.0,2.5,0.5,2.45,0.0,0.3,14.75,2.5
1.0,"2019-08-28 10:04:32.000000","2019-08-28 10:18:54.000000",1.0,1.1,1.0,N,224.0,234.0,1.0,10.0,2.5,0.5,2.65,0.0,0.3,15.95,2.5
1.0,"2019-08-28 11:11:22.000000","2019-08-28 11:20:54.000000",1.0,1.1,1.0,N,224.0,234.0,2.0,7.5,2.5,0.5,0.0,0.0,0.3,10.8,2.5
2.0,"2019-08-28 11:48:39.000000","2019-08-28 11:59:25.000000",2.0,1.03,1.0,N,224.0,234.0,1.0,8.0,0.0,0.5,2.26,0.0,0.3,13.56,2.5
1.0,"2019-08-28 12:12:57.000000","2019-08-28 12:29:30.000000",1.0,1.6,1.0,N,224.0,234.0,2.0,11.5,2.5,0.5,0.0,0.0,0.3,14.8,2.5
2.0,"2019-08-28 12:16:36.000000","2019-08-28 12:23:44.000000",2.0,0.84,1.0,N,224.0,234.0,2.0,6.5,0.0,0.5,0.0,0.0,0.3,9.8,2.5
2.0,"2019-08-28 14:52:17.000000","2019-08-28 15:02:07.000000",1.0,1.08,1.0,N,224.0,234.0,2.0,8.0,0.0,0.5,0.0,0.0,0.3,11.3,2.5
2.0,"2019-08-28 14:34:27.000000","2019-08-28 14:41:46.000000",1.0,0.81,1.0,N,224.0,234.0,1.0,6.5,0.0,0.5,1.5,0.0,0.3,11.3,2.5
1.0,"2019-08-28 15:56:07.000000","2019-08-28 16:01:27.000000",1.0,0.6,1.0,Y,224.0,234.0,1.0,5.0,2.5,0.5,1.0,0.0,0.3,9.3,2.5
1.0,"2019-08-28 18:24:36.000000","2019-08-28 18:28:53.000000",1.0,0.7,1.0,N,224.0,234.0,2.0,5.0,3.5,0.5,0.0,0.0,0.3,9.3,2.5
2.0,"2019-08-28 18:36:12.000000","2019-08-28 18:46:33.000000",1.0,0.98,1.0,N,224.0,234.0,1.0,8.0,1.0,0.5,1.5,0.0,0.3,13.8,2.5
2.0,"2019-08-28 20:07:33.000000","2019-08-28 20:14:33.000000",2.0,1.28,1.0,N,224.0,234.0,2.0,7.0,0.5,0.5,0.0,0.0,0.3,10.8,2.5
2.0,"2019-08-28 20:25:05.000000","2019-08-28 20:35:58.000000",1.0,1.14,1.0,N,224.0,234.0,1.0,8.0,0.5,0.5,2.36,0.0,0.3,14.16,2.5
1.0,"2019-08-29 05:50:01.000000","2019-08-29 05:57:53.000000",0.0,0.7,1.0,Y,224.0,234.0,2.0,5.0,3.0,0.5,0.0,0.0,0.3,8.8,2.5
2.0,"2019-08-29 07:53:27.000000","2019-08-29 08:01:36.000000",1.0,0.96,1.0,N,224.0,234.0,1.0,7.0,0.0,0.5,2.06,0.0,0.3,12.36,2.5
2.0,"2019-08-29 08:22:07.000000","2019-08-29 08:29:48.000000",1.0,1.08,1.0,N,224.0,234.0,1.0,6.5,0.0,0.5,1.96,0.0,0.3,11.76,2.5
1.0,"2019-08-29 09:08:23.000000","2019-08-29 09:19:25.000000",1.0,1.3,1.0,N,224.0,234.0,1.0,8.5,2.5,0.5,2.5,0.0,0.3,14.3,2.5
2.0,"2019-08-29 10:13:45.000000","2019-08-29 10:19:32.000000",1.0,0.8,1.0,N,224.0,234.0,1.0,5.5,0.0,0.5,1.0,0.0,0.3,9.8,2.5
2.0,"2019-08-29 10:34:46.000000","2019-08-29 10:45:36.000000",1.0,1.44,1.0,N,224.0,234.0,2.0,8.5,0.0,0.5,0.0,0.0,0.3,11.8,2.5
2.0,"2019-08-29 10:08:38.000000","2019-08-29 10:23:16.000000",2.0,1.38,1.0,N,224.0,234.0,1.0,10.0,0.0,0.5,2.0,0.0,0.3,15.3,2.5
2.0,"2019-08-29 11:52:09.000000","2019-08-29 12:02:41.000000",1.0,1.19,1.0,N,224.0,234.0,2.0,8.0,0.0,0.5,0.0,0.0,0.3,11.3,2.5
2.0,"2019-08-29 11:05:32.000000","2019-08-29 11:12:53.000000",2.0,0.77,1.0,N,224.0,234.0,2.0,6.5,0.0,0.5,0.0,0.0,0.3,9.8,2.5
1.0,"2019-08-29 11:40:45.000000","2019-08-29 11:48:05.000000",1.0,1.2,1.0,N,224.0,234.0,1.0,7.0,2.5,0.5,1.5,0.0,0.3,11.8,2.5
1.0,"2019-08-29 11:09:42.000000","2019-08-29 11:18:14.000000",1.0,1.0,1.0,N,224.0,234.0,1.0,7.0,2.5,0.5,2.05,0.0,0.3,12.35,2.5
2.0,"2019-08-29 11:06:19.000000","2019-08-29 11:13:20.000000",2.0,0.76,1.0,N,224.0,234.0,1.0,6.0,0.0,0.5,1.86,0.0,0.3,11.16,2.5
2.0,"2019-08-29 12:37:43.000000","2019-08-29 12:45:51.000000",1.0,0.83,1.0,N,224.0,234.0,2.0,6.5,0.0,0.5,0.0,0.0,0.3,9.8,2.5
2.0,"2019-08-29 15:16:09.000000","2019-08-29 15:24:36.000000",1.0,1.26,1.0,N,224.0,234.0,1.0,7.5,0.0,0.5,1.0,0.0,0.3,11.8,2.5
2.0,"2019-08-29 15:23:25.000000","2019-08-29 15:33:33.000000",1.0,1.4,1.0,N,224.0,234.0,2.0,8.5,0.0,0.5,0.0,0.0,0.3,11.8,2.5
2.0,"2019-08-29 16:46:33.000000","2019-08-29 16:57:11.000000",1.0,1.05,1.0,N,224.0,234.0,1.0,8.0,1.0,0.5,1.5,0.0,0.3,13.8,2.5
2.0,"2019-08-29 17:41:56.000000","2019-08-29 17:49:48.000000",1.0,0.96,1.0,N,224.0,234.0,1.0,6.5,1.0,0.5,1.94,0.0,0.3,12.74,2.5
2.0,"2019-08-29 19:58:02.000000","2019-08-29 20:05:42.000000",2.0,0.96,1.0,N,224.0,234.0,1.0,7.0,1.0,0.5,2.26,0.0,0.3,13.56,2.5
2.0,"2019-08-29 19:10:01.000000","2019-08-29 19:20:52.000000",4.0,0.84,1.0,N,224.0,234.0,1.0,8.0,1.0,0.5,2.46,0.0,0.3,14.76,2.5
2.0,"2019-08-29 21:57:56.000000","2019-08-29 22:05:24.000000",1.0,1.0,1.0,N,224.0,234.0,1.0,7.0,0.5,0.5,2.16,0.0,0.3,12.96,2.5
2.0,"2019-08-29 22:55:45.000000","2019-08-29 23:04:20.000000",2.0,1.17,1.0,N,224.0,234.0,1.0,7.5,0.5,0.5,2.26,0.0,0.3,13.56,2.5
1.0,"2019-08-30 07:48:50.000000","2019-08-30 07:58:08.000000",1.0,1.0,1.0,N,224.0,234.0,1.0,7.5,2.5,0.5,2.15,0.0,0.3,12.95,2.5
1.0,"2019-08-30 07:32:45.000000","2019-08-30 07:45:25.000000",1.0,1.3,1.0,N,224.0,234.0,1.0,9.5,2.5,0.5,2.55,0.0,0.3,15.35,2.5
1.0,"2019-08-30 08:54:46.000000","2019-08-30 09:06:28.000000",1.0,1.0,1.0,N,224.0,234.0,1.0,9.0,2.5,0.5,2.45,0.0,0.3,14.75,2.5
2.0,"2019-08-30 08:55:08.000000","2019-08-30 09:03:37.000000",1.0,1.16,1.0,N,224.0,234.0,1.0,7.0,0.0,0.5,2.58,0.0,0.3,12.88,2.5
2.0,"2019-08-30 09:30:04.000000","2019-08-30 09:43:45.000000",1.0,0.98,1.0,N,224.0,234.0,1.0,10.0,0.0,0.5,2.66,0.0,0.3,15.96,2.5
2.0,"2019-08-30 09:32:47.000000","2019-08-30 09:42:08.000000",1.0,0.96,1.0,N,224.0,234.0,1.0,7.5,0.0,0.5,0.5,0.0,0.3,11.3,2.5
1.0,"2019-08-30 09:30:33.000000","2019-08-30 09:35:34.000000",1.0,0.8,1.0,N,224.0,234.0,2.0,5.5,2.5,0.5,0.0,0.0,0.3,8.8,2.5
1.0,"2019-08-30 10:19:51.000000","2019-08-30 10:30:00.000000",1.0,0.9,1.0,N,224.0,234.0,1.0,8.0,2.5,0.5,2.25,0.0,0.3,13.55,2.5
2.0,"2019-08-30 10:02:13.000000","2019-08-30 10:11:38.000000",2.0,0.74,1.0,N,224.0,234.0,1.0,7.0,0.0,0.5,3.09,0.0,0.3,13.39,2.5
1.0,"2019-08-30 10:30:54.000000","2019-08-30 10:41:46.000000",1.0,1.0,1.0,N,224.0,234.0,1.0,8.0,2.5,0.5,2.25,0.0,0.3,13.55,2.5
2.0,"2019-08-30 11:47:51.000000","2019-08-30 11:56:03.000000",2.0,1.17,1.0,N,224.0,234.0,1.0,7.0,0.0,0.5,2.06,0.0,0.3,12.36,2.5
2.0,"2019-08-30 11:15:29.000000","2019-08-30 11:22:19.000000",1.0,0.77,1.0,N,224.0,234.0,1.0,6.0,0.0,0.5,2.32,0.0,0.3,11.62,2.5
2.0,"2019-08-30 13:33:34.000000","2019-08-30 13:44:17.000000",2.0,1.37,1.0,N,224.0,234.0,2.0,9.0,0.0,0.5,0.0,0.0,0.3,12.3,2.5
2.0,"2019-08-30 14:49:37.000000","2019-08-30 14:57:44.000000",1.0,0.89,1.0,N,224.0,234.0,1.0,7.0,0.0,0.5,2.06,0.0,0.3,12.36,2.5
1.0,"2019-08-30 15:29:08.000000","2019-08-30 15:40:39.000000",2.0,1.4,1.0,N,224.0,234.0,2.0,9.0,2.5,0.5,0.0,0.0,0.3,12.3,2.5
1.0,"2019-08-30 17:35:32.000000","2019-08-30 17:39:37.000000",1.0,0.6,1.0,N,224.0,234.0,1.0,4.5,3.5,0.5,1.75,0.0,0.3,10.55,2.5
2.0,"2019-08-30 18:37:59.000000","2019-08-30 18:48:28.000000",3.0,1.23,1.0,N,224.0,234.0,1.0,8.5,1.0,0.5,1.5,0.0,0.3,14.3,2.5
1.0,"2019-08-30 19:47:58.000000","2019-08-30 19:56:10.000000",1.0,1.1,1.0,N,224.0,234.0,1.0,7.0,3.5,0.5,2.26,0.0,0.3,13.56,2.5
2.0,"2019-08-30 19:25:21.000000","2019-08-30 19:31:54.000000",1.0,0.77,1.0,N,224.0,234.0,1.0,6.0,1.0,0.5,2.0,0.0,0.3,12.3,2.5
2.0,"2019-08-31 08:37:51.000000","2019-08-31 08:45:46.000000",3.0,0.89,1.0,N,224.0,234.0,2.0,7.0,0.0,0.5,0.0,0.0,0.3,10.3,2.5
1.0,"2019-08-31 08:56:59.000000","2019-08-31 09:04:09.000000",1.0,1.0,1.0,N,224.0,234.0,2.0,6.5,2.5,0.5,0.0,0.0,0.3,9.8,2.5
2.0,"2019-08-31 08:38:52.000000","2019-08-31 08:47:25.000000",1.0,1.34,1.0,N,224.0,234.0,1.0,7.5,0.0,0.5,2.16,0.0,0.3,12.96,2.5
2.0,"2019-08-31 08:42:38.000000","2019-08-31 08:49:41.000000",6.0,1.09,1.0,N,224.0,234.0,2.0,7.0,0.0,0.5,0.0,0.0,0.3,10.3,2.5
2.0,"2019-08-31 08:56:03.000000","2019-08-31 08:59:53.000000",1.0,0.77,1.0,N,224.0,234.0,2.0,5.0,0.0,0.5,0.0,0.0,0.3,5.8,0.0
2.0,"2019-08-31 09:17:23.000000","2019-08-31 09:23:30.000000",1.0,0.83,1.0,N,224.0,234.0,1.0,6.0,0.0,0.5,0.93,0.0,0.3,10.23,2.5
2.0,"2019-08-31 10:42:30.000000","2019-08-31 10:51:22.000000",6.0,1.73,1.0,N,224.0,234.0,1.0,8.5,0.0,0.5,2.36,0.0,0.3,14.16,2.5
1.0,"2019-08-31 10:54:00.000000","2019-08-31 11:00:24.000000",1.0,0.9,1.0,N,224.0,234.0,1.0,6.0,2.5,0.5,1.85,0.0,0.3,11.15,2.5
1.0,"2019-08-31 10:24:51.000000","2019-08-31 10:35:02.000000",1.0,1.2,1.0,Y,224.0,234.0,2.0,8.5,2.5,0.5,0.0,0.0,0.3,11.8,2.5
1.0,"2019-08-31 11:02:08.000000","2019-08-31 11:12:07.000000",3.0,0.8,1.0,N,224.0,234.0,1.0,7.5,2.5,0.5,2.15,0.0,0.3,12.95,2.5
1.0,"2019-08-31 11:40:37.000000","2019-08-31 11:48:07.000000",1.0,0.6,1.0,N,224.0,234.0,1.0,6.0,2.5,0.5,1.85,0.0,0.3,11.15,2.5
2.0,"2019-08-31 12:46:09.000000","2019-08-31 12:53:03.000000",1.0,0.99,1.0,N,224.0,234.0,2.0,6.5,0.0,0.5,0.0,0.0,0.3,9.8,2.5
2.0,"2019-08-31 13:06:37.000000","2019-08-31 13:12:02.000000",5.0,0.67,1.0,N,224.0,234.0,1.0,5.5,0.0,0.5,1.0,0.0,0.3,9.8,2.5
1.0,"2019-08-31 14:28:23.000000","2019-08-31 14:34:33.000000",1.0,1.1,1.0,N,224.0,234.0,1.0,6.0,2.5,0.5,1.5,0.0,0.3,10.8,2.5
2.0,"2019-08-31 14:53:03.000000","2019-08-31 15:02:27.000000",1.0,1.1,1.0,N,224.0,234.0,1.0,7.5,0.0,0.5,2.16,0.0,0.3,12.96,2.5
1.0,"2019-08-31 15:44:28.000000","2019-08-31 15:48:39.000000",1.0,0.6,1.0,N,224.0,234.0,1.0,5.0,2.5,0.5,1.65,0.0,0.3,9.95,2.5
2.0,"2019-08-31 15:36:07.000000","2019-08-31 15:50:01.000000",1.0,1.8,1.0,N,224.0,234.0,4.0,-11.0,0.0,-0.5,0.0,0.0,-0.3,-14.3,-2.5
2.0,"2019-08-31 15:36:07.000000","2019-08-31 15:50:01.000000",1.0,1.8,1.0,N,224.0,234.0,2.0,11.0,0.0,0.5,0.0,0.0,0.3,14.3,2.5
2.0,"2019-08-31 17:27:15.000000","2019-08-31 17:31:42.000000",1.0,0.66,1.0,N,224.0,234.0,1.0,5.0,0.0,0.5,1.66,0.0,0.3,9.96,2.5
2.0,"2019-08-31 17:13:48.000000","2019-08-31 17:25:15.000000",5.0,1.48,1.0,N,224.0,234.0,2.0,9.0,0.0,0.5,0.0,0.0,0.3,12.3,2.5
1.0,"2019-08-31 18:27:26.000000","2019-08-31 18:35:08.000000",1.0,1.3,1.0,N,224.0,234.0,1.0,7.0,2.5,0.5,2.05,0.0,0.3,12.35,2.5
2.0,"2019-08-31 18:09:38.000000","2019-08-31 18:19:23.000000",1.0,1.46,1.0,N,224.0,234.0,2.0,8.0,0.0,0.5,0.0,0.0,0.3,11.3,2.5
1.0,"2019-08-31 19:02:26.000000","2019-08-31 19:09:18.000000",1.0,1.0,1.0,N,224.0,234.0,1.0,6.5,2.5,0.5,2.0,0.0,0.3,11.8,2.5
1.0,"2019-08-31 19:29:52.000000","2019-08-31 19:36:39.000000",1.0,1.0,1.0,N,224.0,234.0,1.0,6.5,2.5,0.5,2.45,0.0,0.3,12.25,2.5
2.0,"2019-08-31 20:23:25.000000","2019-08-31 20:32:34.000000",5.0,1.06,1.0,N,224.0,234.0,2.0,7.5,0.5,0.5,0.0,0.0,0.3,11.3,2.5
2.0,"2019-08-31 22:14:19.000000","2019-08-31 22:22:55.000000",1.0,1.33,1.0,N,224.0,234.0,1.0,7.5,0.5,0.5,1.0,0.0,0.3,12.3,2.5
