2.0,"2019-08-01 06:20:01.000000","2019-08-01 06:33:25.000000",5.0,4.04,1.0,N,226.0,234.0,2.0,14.0,0.0,0.5,0.0,6.12,0.3,23.42,2.5
2.0,"2019-08-01 07:11:04.000000","2019-08-01 07:36:57.000000",6.0,5.12,1.0,N,226.0,234.0,1.0,20.5,0.0,0.5,4.76,0.0,0.3,28.56,2.5
2.0,"2019-08-01 08:06:35.000000","2019-08-01 08:35:33.000000",2.0,5.17,1.0,N,226.0,234.0,1.0,22.0,0.0,0.5,5.06,0.0,0.3,30.36,2.5
1.0,"2019-08-01 22:14:46.000000","2019-08-01 22:45:59.000000",1.0,4.4,1.0,N,226.0,234.0,1.0,21.5,3.0,0.5,5.05,0.0,0.3,30.35,2.5
2.0,"2019-08-02 07:30:40.000000","2019-08-02 07:55:26.000000",3.0,5.2,1.0,N,226.0,234.0,1.0,20.0,0.0,0.5,4.66,0.0,0.3,27.96,2.5
1.0,"2019-08-02 07:58:15.000000","2019-08-02 08:29:42.000000",1.0,3.8,1.0,N,226.0,234.0,1.0,21.5,2.5,0.5,6.15,6.12,0.3,37.07,2.5
2.0,"2019-08-02 07:42:26.000000","2019-08-02 07:58:32.000000",2.0,3.92,2.0,N,226.0,234.0,1.0,52.0,0.0,0.5,15.36,6.12,0.3,76.78,2.5
1.0,"2019-08-02 07:06:25.000000","2019-08-02 07:28:09.000000",1.0,5.1,1.0,N,226.0,234.0,1.0,19.5,2.5,0.5,4.55,0.0,0.3,27.35,2.5
1.0,"2019-08-03 17:38:40.000000","2019-08-03 18:07:06.000000",1.0,5.3,1.0,Y,226.0,234.0,2.0,22.0,2.5,0.5,0.0,0.0,0.3,25.3,2.5
2.0,"2019-08-04 11:52:11.000000","2019-08-04 12:23:00.000000",1.0,5.81,1.0,N,226.0,234.0,1.0,23.5,0.0,0.5,5.36,0.0,0.3,32.16,2.5
2.0,"2019-08-04 18:01:45.000000","2019-08-04 18:14:57.000000",1.0,3.72,2.0,N,226.0,234.0,1.0,52.0,0.0,0.5,12.28,6.12,0.3,73.7,2.5
2.0,"2019-08-05 06:15:07.000000","2019-08-05 06:29:35.000000",1.0,5.0,1.0,N,226.0,234.0,1.0,16.0,0.0,0.5,3.86,0.0,0.3,23.16,2.5
1.0,"2019-08-06 06:45:19.000000","2019-08-06 07:02:59.000000",1.0,4.8,1.0,N,226.0,234.0,1.0,17.0,2.5,0.5,4.05,0.0,0.3,24.35,2.5
1.0,"2019-08-06 07:14:59.000000","2019-08-06 07:38:31.000000",1.0,5.0,1.0,N,226.0,234.0,1.0,19.5,2.5,0.5,4.55,0.0,0.3,27.35,2.5
2.0,"2019-08-06 07:47:37.000000","2019-08-06 08:08:16.000000",1.0,4.7,1.0,N,226.0,234.0,1.0,18.0,0.0,0.5,4.26,0.0,0.3,25.56,2.5
2.0,"2019-08-06 21:43:18.000000","2019-08-06 22:00:20.000000",1.0,4.44,1.0,N,226.0,234.0,1.0,16.5,0.5,0.5,4.06,0.0,0.3,24.36,2.5
1.0,"2019-08-07 06:31:28.000000","2019-08-07 06:49:25.000000",1.0,4.7,1.0,N,226.0,234.0,1.0,16.5,2.5,0.5,3.95,0.0,0.3,23.75,2.5
2.0,"2019-08-07 06:52:56.000000","2019-08-07 07:10:23.000000",3.0,5.28,1.0,N,226.0,234.0,1.0,17.5,0.0,0.5,4.16,0.0,0.3,24.96,2.5
1.0,"2019-08-07 07:17:19.000000","2019-08-07 07:41:50.000000",1.0,5.3,1.0,N,226.0,234.0,1.0,20.5,2.5,0.5,4.75,0.0,0.3,28.55,2.5
2.0,"2019-08-07 10:02:52.000000","2019-08-07 10:23:44.000000",3.0,4.55,1.0,N,226.0,234.0,1.0,17.0,0.0,0.5,5.28,6.12,0.3,31.7,2.5
2.0,"2019-08-07 12:20:22.000000","2019-08-07 13:00:29.000000",3.0,5.75,1.0,N,226.0,234.0,1.0,28.5,0.0,0.5,9.54,0.0,0.3,41.34,2.5
2.0,"2019-08-08 07:13:18.000000","2019-08-08 07:47:01.000000",2.0,5.24,1.0,N,226.0,234.0,1.0,23.0,0.0,0.5,5.26,0.0,0.3,31.56,2.5
2.0,"2019-08-08 07:01:34.000000","2019-08-08 07:32:03.000000",1.0,4.41,1.0,N,226.0,234.0,1.0,21.5,0.0,0.5,2.0,6.12,0.3,32.92,2.5
1.0,"2019-08-08 07:16:07.000000","2019-08-08 07:33:42.000000",2.0,3.3,2.0,N,226.0,234.0,1.0,52.0,2.5,0.5,5.0,6.12,0.3,66.42,2.5
2.0,"2019-08-08 15:35:30.000000","2019-08-08 16:12:59.000000",1.0,5.48,1.0,N,226.0,234.0,2.0,26.0,0.0,0.5,0.0,0.0,0.3,29.3,2.5
2.0,"2019-08-09 07:22:53.000000","2019-08-09 07:48:47.000000",1.0,5.65,1.0,N,226.0,234.0,1.0,21.0,0.0,0.5,3.0,0.0,0.3,27.3,2.5
1.0,"2019-08-09 07:21:13.000000","2019-08-09 07:38:24.000000",1.0,5.0,1.0,N,226.0,234.0,1.0,17.5,2.5,0.5,4.15,0.0,0.3,24.95,2.5
2.0,"2019-08-09 19:00:57.000000","2019-08-09 19:16:30.000000",3.0,3.87,2.0,N,226.0,234.0,1.0,52.0,4.5,0.5,16.48,6.12,0.3,82.4,2.5
2.0,"2019-08-10 10:41:54.000000","2019-08-10 11:06:27.000000",1.0,3.83,1.0,N,226.0,234.0,1.0,17.5,0.0,0.5,6.73,6.12,0.3,33.65,2.5
1.0,"2019-08-10 10:04:23.000000","2019-08-10 10:22:36.000000",1.0,4.1,2.0,N,226.0,234.0,1.0,52.0,2.5,0.5,12.25,6.12,0.3,73.67,2.5
1.0,"2019-08-10 23:15:57.000000","2019-08-10 23:39:57.000000",3.0,5.6,1.0,N,226.0,234.0,1.0,21.0,3.0,0.5,4.95,0.0,0.3,29.75,2.5
2.0,"2019-08-12 06:51:24.000000","2019-08-12 07:03:17.000000",1.0,4.36,2.0,N,226.0,234.0,1.0,52.0,0.0,0.5,12.28,6.12,0.3,73.7,2.5
1.0,"2019-08-12 07:36:35.000000","2019-08-12 07:54:40.000000",1.0,4.7,1.0,N,226.0,234.0,1.0,17.0,2.5,0.5,4.05,0.0,0.3,24.35,2.5
2.0,"2019-10-08 09:28:32.000000","2019-10-09 07:32:25.000000",2.0,5.21,1.0,N,226.0,234.0,1.0,19.5,2.5,0.5,4.56,0.0,0.3,27.36,0.0
2.0,"2019-08-12 13:34:43.000000","2019-08-12 13:57:30.000000",1.0,4.4,2.0,N,226.0,234.0,1.0,52.0,0.0,0.5,12.28,6.12,0.3,73.7,2.5
2.0,"2019-08-13 07:34:56.000000","2019-08-13 08:02:17.000000",2.0,4.85,1.0,N,226.0,234.0,1.0,20.5,0.0,0.5,4.76,0.0,0.3,28.56,2.5
1.0,"2019-08-13 07:10:45.000000","2019-08-13 07:35:21.000000",1.0,5.2,1.0,N,226.0,234.0,1.0,20.0,2.5,0.5,4.65,0.0,0.3,27.95,2.5
2.0,"2019-08-13 16:07:41.000000","2019-08-13 16:37:05.000000",5.0,5.14,1.0,N,226.0,234.0,1.0,21.5,1.0,0.5,4.0,0.0,0.3,29.8,2.5
2.0,"2019-08-14 07:01:48.000000","2019-08-14 07:21:00.000000",2.0,5.3,1.0,N,226.0,234.0,1.0,18.0,0.0,0.5,4.26,0.0,0.3,25.56,2.5
1.0,"2019-08-14 07:11:40.000000","2019-08-14 07:42:17.000000",1.0,5.4,1.0,N,226.0,234.0,1.0,23.0,2.5,0.5,5.25,0.0,0.3,31.55,2.5
2.0,"2019-08-14 18:58:29.000000","2019-08-14 19:53:48.000000",1.0,12.37,2.0,N,226.0,234.0,2.0,52.0,4.5,0.5,0.0,6.12,0.3,65.92,2.5
2.0,"2019-08-15 01:35:56.000000","2019-08-15 01:47:02.000000",1.0,4.34,2.0,N,226.0,234.0,1.0,52.0,0.0,0.5,12.28,6.12,0.3,73.7,2.5
1.0,"2019-08-15 07:13:19.000000","2019-08-15 07:36:41.000000",1.0,5.2,1.0,N,226.0,234.0,1.0,20.0,2.5,0.5,4.65,0.0,0.3,27.95,2.5
2.0,"2019-08-15 15:17:56.000000","2019-08-15 15:48:18.000000",2.0,4.82,1.0,N,226.0,234.0,1.0,21.5,0.0,0.5,9.28,6.12,0.3,40.2,2.5
2.0,"2019-08-15 21:19:32.000000","2019-08-15 21:43:25.000000",2.0,4.7,1.0,N,226.0,234.0,2.0,19.5,0.5,0.5,0.0,0.0,0.3,23.3,2.5
2.0,"2019-08-16 07:11:21.000000","2019-08-16 07:32:17.000000",1.0,5.21,1.0,N,226.0,234.0,1.0,19.0,0.0,0.5,4.46,0.0,0.3,26.76,2.5
1.0,"2019-08-16 10:21:01.000000","2019-08-16 10:44:23.000000",1.0,4.3,2.0,N,226.0,234.0,1.0,52.0,2.5,0.5,16.45,10.62,0.3,82.37,2.5
1.0,"2019-08-16 11:54:17.000000","2019-08-16 12:26:35.000000",1.0,5.6,1.0,N,226.0,234.0,1.0,25.0,2.5,0.5,5.65,0.0,0.3,33.95,2.5
2.0,"2019-08-16 22:18:26.000000","2019-08-16 22:30:03.000000",1.0,3.67,2.0,N,226.0,234.0,1.0,52.0,0.0,0.5,18.43,6.12,0.3,79.85,2.5
2.0,"2019-08-18 06:23:15.000000","2019-08-18 06:38:40.000000",1.0,4.87,1.0,N,226.0,234.0,1.0,17.0,0.0,0.5,4.06,0.0,0.3,24.36,2.5
2.0,"2019-08-18 08:51:11.000000","2019-08-18 09:13:52.000000",2.0,5.35,1.0,N,226.0,234.0,1.0,20.5,0.0,0.5,3.3,0.0,0.3,27.1,2.5
2.0,"2019-08-19 07:07:27.000000","2019-08-19 07:25:51.000000",2.0,5.2,1.0,N,226.0,234.0,1.0,18.0,0.0,0.5,4.26,0.0,0.3,25.56,2.5
2.0,"2019-08-19 10:28:53.000000","2019-08-19 11:03:26.000000",2.0,3.99,2.0,N,226.0,234.0,1.0,52.0,0.0,0.5,12.28,6.12,0.3,73.7,2.5
2.0,"2019-08-19 11:36:25.000000","2019-08-19 12:02:17.000000",1.0,4.91,1.0,N,226.0,234.0,2.0,20.0,0.0,0.5,0.0,6.12,0.3,29.42,2.5
2.0,"2019-08-19 23:48:52.000000","2019-08-20 00:00:09.000000",1.0,3.7,2.0,N,226.0,234.0,1.0,52.0,0.0,0.5,15.36,6.12,0.3,76.78,2.5
2.0,"2019-08-20 05:12:11.000000","2019-08-20 05:24:05.000000",6.0,4.08,1.0,N,226.0,234.0,2.0,13.5,0.5,0.5,0.0,0.0,0.3,17.3,2.5
1.0,"2019-08-20 06:40:41.000000","2019-08-20 06:56:24.000000",1.0,4.5,1.0,N,226.0,234.0,1.0,16.0,2.5,0.5,3.85,0.0,0.3,23.15,2.5
1.0,"2019-08-20 07:15:13.000000","2019-08-20 07:36:49.000000",1.0,5.2,1.0,N,226.0,234.0,1.0,19.0,2.5,0.5,4.45,0.0,0.3,26.75,2.5
2.0,"2019-08-20 07:09:42.000000","2019-08-20 07:29:57.000000",1.0,5.27,1.0,N,226.0,234.0,1.0,18.5,0.0,0.5,4.36,0.0,0.3,26.16,2.5
2.0,"2019-08-20 16:41:33.000000","2019-08-20 17:08:08.000000",1.0,5.01,1.0,N,226.0,234.0,1.0,20.0,1.0,0.5,6.08,0.0,0.3,30.38,2.5
1.0,"2019-08-21 07:06:37.000000","2019-08-21 07:27:43.000000",1.0,5.2,1.0,N,226.0,234.0,1.0,19.0,2.5,0.5,4.45,0.0,0.3,26.75,2.5
2.0,"2019-08-22 01:34:38.000000","2019-08-22 01:44:44.000000",5.0,3.66,2.0,N,226.0,234.0,1.0,52.0,0.0,0.5,12.28,6.12,0.3,73.7,2.5
1.0,"2019-08-22 07:11:24.000000","2019-08-22 07:35:03.000000",1.0,5.3,1.0,N,226.0,234.0,1.0,20.0,2.5,0.5,4.65,0.0,0.3,27.95,2.5
2.0,"2019-08-22 08:34:19.000000","2019-08-22 09:27:46.000000",1.0,4.93,1.0,N,226.0,234.0,1.0,31.5,0.0,0.5,4.0,0.0,0.3,38.8,2.5
2.0,"2019-08-23 00:12:51.000000","2019-08-23 00:23:11.000000",1.0,3.73,2.0,N,226.0,234.0,1.0,52.0,0.0,0.5,12.28,6.12,0.3,73.7,2.5
1.0,"2019-08-23 07:18:52.000000","2019-08-23 07:41:28.000000",1.0,5.2,1.0,N,226.0,234.0,1.0,19.5,2.5,0.5,4.55,0.0,0.3,27.35,2.5
2.0,"2019-08-23 08:12:21.000000","2019-08-23 08:42:22.000000",1.0,5.44,1.0,N,226.0,234.0,1.0,22.0,0.0,0.5,5.06,0.0,0.3,30.36,2.5
2.0,"2019-08-23 17:18:39.000000","2019-08-23 17:21:19.000000",4.0,0.96,2.0,N,226.0,234.0,1.0,52.0,4.5,0.5,12.68,6.12,0.3,76.1,0.0
2.0,"2019-08-23 19:42:13.000000","2019-08-23 20:11:47.000000",1.0,5.46,1.0,N,226.0,234.0,2.0,22.5,1.0,0.5,0.0,0.0,0.3,26.8,2.5
2.0,"2019-08-24 11:03:05.000000","2019-08-24 11:36:48.000000",1.0,5.79,1.0,N,226.0,234.0,1.0,25.0,0.0,0.5,0.0,0.0,0.3,28.3,2.5
2.0,"2019-08-24 18:00:42.000000","2019-08-24 18:13:22.000000",1.0,3.5,2.0,N,226.0,234.0,2.0,52.0,0.0,0.5,0.0,6.12,0.3,61.42,2.5
1.0,"2019-08-25 06:06:34.000000","2019-08-25 06:23:40.000000",1.0,4.9,1.0,N,226.0,234.0,1.0,17.5,2.5,0.5,4.15,0.0,0.3,24.95,2.5
1.0,"2019-08-25 09:36:14.000000","2019-08-25 09:57:46.000000",1.0,5.2,1.0,N,226.0,234.0,1.0,19.0,2.5,0.5,4.45,0.0,0.3,26.75,2.5
2.0,"2019-08-26 07:41:31.000000","2019-08-26 08:08:15.000000",6.0,5.05,1.0,N,226.0,234.0,1.0,21.0,0.0,0.5,4.86,0.0,0.3,29.16,2.5
2.0,"2019-08-26 07:12:38.000000","2019-08-26 07:32:54.000000",1.0,5.49,1.0,N,226.0,234.0,1.0,19.5,0.0,0.5,3.0,0.0,0.3,25.8,2.5
2.0,"2019-08-26 07:59:52.000000","2019-08-26 08:30:02.000000",1.0,5.87,1.0,N,226.0,234.0,1.0,24.0,0.0,0.5,5.46,0.0,0.3,32.76,2.5
2.0,"2019-08-26 08:56:00.000000","2019-08-26 09:39:13.000000",1.0,5.73,1.0,N,226.0,234.0,1.0,29.0,0.0,0.5,6.46,0.0,0.3,38.76,2.5
2.0,"2019-08-26 09:44:06.000000","2019-08-26 09:58:58.000000",1.0,4.39,2.0,N,226.0,234.0,1.0,52.0,0.0,0.5,12.28,6.12,0.3,73.7,2.5
1.0,"2019-08-26 18:51:19.000000","2019-08-26 19:12:30.000000",0.0,4.8,1.0,N,226.0,234.0,1.0,18.5,3.5,0.5,4.0,0.0,0.3,26.8,2.5
1.0,"2019-08-27 07:08:41.000000","2019-08-27 07:31:12.000000",1.0,5.3,1.0,N,226.0,234.0,1.0,19.5,2.5,0.5,4.55,0.0,0.3,27.35,2.5
2.0,"2019-08-28 06:48:16.000000","2019-08-28 07:05:22.000000",5.0,4.01,1.0,N,226.0,234.0,1.0,15.0,0.0,0.5,3.66,0.0,0.3,21.96,2.5
2.0,"2019-08-28 06:30:19.000000","2019-08-28 06:44:50.000000",5.0,5.1,1.0,N,226.0,234.0,1.0,16.5,0.0,0.5,1.2,0.0,0.3,21.0,2.5
2.0,"2019-08-28 06:59:59.000000","2019-08-28 07:21:20.000000",5.0,5.58,1.0,N,226.0,234.0,1.0,19.5,0.0,0.5,4.56,0.0,0.3,27.36,2.5
1.0,"2019-08-28 07:08:26.000000","2019-08-28 07:30:59.000000",1.0,5.2,1.0,N,226.0,234.0,1.0,19.5,2.5,0.5,4.55,0.0,0.3,27.35,2.5
1.0,"2019-08-28 09:07:46.000000","2019-08-28 09:35:59.000000",1.0,4.9,1.0,N,226.0,234.0,1.0,21.5,2.5,0.5,4.95,0.0,0.3,29.75,2.5
1.0,"2019-08-29 07:07:56.000000","2019-08-29 07:29:45.000000",1.0,5.4,1.0,N,226.0,234.0,1.0,19.0,2.5,0.5,4.45,0.0,0.3,26.75,2.5
1.0,"2019-08-30 04:55:18.000000","2019-08-30 05:12:35.000000",2.0,4.7,1.0,N,226.0,234.0,2.0,17.0,3.0,0.5,0.0,0.0,0.3,20.8,2.5
1.0,"2019-08-30 07:19:02.000000","2019-08-30 07:35:43.000000",1.0,4.8,1.0,N,226.0,234.0,1.0,16.5,2.5,0.5,3.95,0.0,0.3,23.75,2.5
1.0,"2019-08-30 12:07:44.000000","2019-08-30 12:38:55.000000",1.0,5.7,1.0,N,226.0,234.0,1.0,24.0,2.5,0.5,4.1,0.0,0.3,31.4,2.5
1.0,"2019-08-31 05:36:35.000000","2019-08-31 05:50:35.000000",1.0,4.8,1.0,N,226.0,234.0,1.0,16.0,3.0,0.5,3.95,0.0,0.3,23.75,2.5
2.0,"2019-08-31 10:25:27.000000","2019-08-31 10:48:45.000000",1.0,5.33,1.0,N,226.0,234.0,1.0,20.0,0.0,0.5,4.66,0.0,0.3,27.96,2.5
1.0,"2019-08-31 12:51:08.000000","2019-08-31 13:15:41.000000",1.0,5.4,2.0,N,226.0,234.0,1.0,52.0,2.5,0.5,13.15,10.62,0.3,79.07,2.5
2.0,"2019-08-31 18:21:40.000000","2019-08-31 18:39:52.000000",2.0,4.35,1.0,N,226.0,234.0,2.0,16.5,0.0,0.5,0.0,0.0,0.3,19.8,2.5
,"2019-08-19 09:05:37.000000","2019-08-19 09:26:59.000000",,4.43,,,226.0,234.0,,20.23,2.75,0.0,0.0,6.12,0.3,29.4,0.0
