2.0,"2019-08-01 09:15:27.000000","2019-08-01 09:29:43.000000",2.0,2.09,1.0,N,232.0,234.0,1.0,11.5,0.0,0.5,0.0,0.0,0.3,12.3,0.0
1.0,"2019-08-01 10:57:43.000000","2019-08-01 11:20:22.000000",1.0,2.5,1.0,N,232.0,234.0,2.0,15.0,2.5,0.5,0.0,0.0,0.3,18.3,2.5
1.0,"2019-08-01 16:20:02.000000","2019-08-01 16:39:50.000000",3.0,2.8,1.0,N,232.0,234.0,2.0,14.0,3.5,0.5,0.0,0.0,0.3,18.3,2.5
2.0,"2019-08-01 17:38:50.000000","2019-08-01 17:59:53.000000",1.0,2.42,1.0,N,232.0,234.0,1.0,14.5,1.0,0.5,2.2,0.0,0.3,21.0,2.5
2.0,"2019-08-02 09:12:00.000000","2019-08-02 09:24:36.000000",2.0,1.82,1.0,N,232.0,234.0,1.0,9.5,0.0,0.5,0.0,0.0,0.3,14.75,2.5
2.0,"2019-08-02 09:58:59.000000","2019-08-02 10:14:21.000000",1.0,1.85,1.0,N,232.0,234.0,1.0,11.5,0.0,0.5,2.96,0.0,0.3,17.76,2.5
1.0,"2019-08-02 12:35:55.000000","2019-08-02 12:54:58.000000",1.0,3.5,1.0,N,232.0,234.0,1.0,16.0,0.0,0.5,0.0,0.0,0.3,16.8,0.0
2.0,"2019-08-02 14:35:18.000000","2019-08-02 14:53:18.000000",1.0,2.69,1.0,N,232.0,234.0,1.0,13.5,0.0,0.5,3.36,0.0,0.3,20.16,2.5
1.0,"2019-08-02 18:06:10.000000","2019-08-02 18:26:27.000000",1.0,2.4,1.0,N,232.0,234.0,2.0,14.0,3.5,0.5,0.0,0.0,0.3,18.3,2.5
1.0,"2019-08-02 20:35:40.000000","2019-08-02 20:52:34.000000",3.0,2.4,1.0,N,232.0,234.0,1.0,12.5,3.0,0.5,3.25,0.0,0.3,19.55,2.5
2.0,"2019-08-02 20:31:15.000000","2019-08-02 20:49:08.000000",4.0,2.35,1.0,N,232.0,234.0,1.0,12.5,0.5,0.5,4.89,0.0,0.3,21.19,2.5
1.0,"2019-08-03 00:40:05.000000","2019-08-03 00:57:46.000000",2.0,2.6,1.0,N,232.0,234.0,1.0,13.0,3.0,0.5,1.5,0.0,0.3,18.3,2.5
1.0,"2019-08-03 08:41:49.000000","2019-08-03 08:55:33.000000",1.0,2.0,1.0,N,232.0,234.0,1.0,11.0,2.5,0.5,1.0,0.0,0.3,15.3,2.5
2.0,"2019-08-03 13:01:35.000000","2019-08-03 13:24:17.000000",5.0,2.88,1.0,N,232.0,234.0,2.0,15.0,0.0,0.5,0.0,0.0,0.3,18.3,2.5
1.0,"2019-08-03 20:44:59.000000","2019-08-03 21:03:52.000000",0.0,2.4,1.0,N,232.0,234.0,2.0,13.0,3.0,0.5,0.0,0.0,0.3,16.8,2.5
2.0,"2019-08-03 21:08:39.000000","2019-08-03 21:24:04.000000",5.0,2.11,1.0,N,232.0,234.0,1.0,11.5,0.5,0.5,3.82,0.0,0.3,19.12,2.5
2.0,"2019-08-03 23:28:10.000000","2019-08-03 23:46:16.000000",1.0,3.37,1.0,N,232.0,234.0,1.0,15.0,0.5,0.5,2.82,0.0,0.3,21.62,2.5
1.0,"2019-08-03 23:49:40.000000","2019-08-04 00:10:59.000000",1.0,2.4,1.0,N,232.0,234.0,1.0,14.5,3.0,0.5,3.65,0.0,0.3,21.95,2.5
2.0,"2019-08-05 00:27:33.000000","2019-08-05 00:35:40.000000",5.0,1.85,1.0,N,232.0,234.0,2.0,8.5,0.5,0.5,0.0,0.0,0.3,12.3,2.5
1.0,"2019-08-05 06:26:59.000000","2019-08-05 06:40:40.000000",1.0,2.5,1.0,N,232.0,234.0,1.0,11.5,2.5,0.5,2.22,0.0,0.3,17.02,2.5
2.0,"2019-08-05 07:14:08.000000","2019-08-05 07:22:01.000000",3.0,1.47,1.0,N,232.0,234.0,1.0,7.5,0.0,0.5,2.16,0.0,0.3,12.96,2.5
2.0,"2019-08-05 10:29:59.000000","2019-08-05 10:53:22.000000",6.0,2.71,1.0,N,232.0,234.0,2.0,15.5,0.0,0.5,0.0,0.0,0.3,18.8,2.5
2.0,"2019-08-05 11:59:39.000000","2019-08-05 12:20:52.000000",1.0,2.87,1.0,N,232.0,234.0,1.0,15.0,0.0,0.5,3.66,0.0,0.3,21.96,2.5
2.0,"2019-08-05 22:53:57.000000","2019-08-05 23:08:49.000000",1.0,2.65,1.0,N,232.0,234.0,1.0,12.5,0.5,0.5,3.26,0.0,0.3,19.56,2.5
2.0,"2019-08-05 22:25:33.000000","2019-08-05 22:41:20.000000",1.0,2.61,1.0,N,232.0,234.0,1.0,12.5,0.5,0.5,3.26,0.0,0.3,19.56,2.5
2.0,"2019-08-07 08:40:17.000000","2019-08-07 08:52:28.000000",1.0,2.0,1.0,N,232.0,234.0,1.0,10.0,0.0,0.5,3.33,0.0,0.3,18.58,2.5
1.0,"2019-08-07 09:29:45.000000","2019-08-07 09:48:24.000000",1.0,2.1,1.0,N,232.0,234.0,1.0,13.0,0.0,0.5,0.0,0.0,0.3,13.8,0.0
2.0,"2019-08-07 11:53:56.000000","2019-08-07 12:08:41.000000",1.0,2.03,1.0,N,232.0,234.0,1.0,11.0,0.0,0.5,1.0,0.0,0.3,15.3,2.5
2.0,"2019-08-07 15:51:39.000000","2019-08-08 15:08:04.000000",1.0,2.74,1.0,N,232.0,234.0,1.0,12.5,1.0,0.5,3.36,0.0,0.3,20.16,2.5
2.0,"2019-08-07 21:12:26.000000","2019-08-07 21:25:53.000000",1.0,1.71,1.0,N,232.0,234.0,1.0,10.0,0.5,0.5,3.45,0.0,0.3,17.25,2.5
2.0,"2019-08-07 23:42:32.000000","2019-08-07 23:53:30.000000",1.0,2.16,1.0,N,232.0,234.0,1.0,10.0,0.5,0.5,4.14,0.0,0.3,17.94,2.5
2.0,"2019-08-08 15:42:09.000000","2019-08-08 16:01:54.000000",1.0,2.46,1.0,N,232.0,234.0,2.0,14.0,0.0,0.5,0.0,0.0,0.3,17.3,2.5
2.0,"2019-08-08 17:34:07.000000","2019-08-08 18:04:42.000000",1.0,3.7,1.0,N,232.0,234.0,1.0,20.0,1.0,0.5,5.0,0.0,0.3,29.3,2.5
2.0,"2019-08-08 18:14:44.000000","2019-08-08 18:38:27.000000",1.0,2.4,1.0,N,232.0,234.0,2.0,15.5,1.0,0.5,0.0,0.0,0.3,19.8,2.5
2.0,"2019-08-08 19:46:22.000000","2019-08-08 20:13:02.000000",1.0,2.37,1.0,N,232.0,234.0,1.0,17.0,1.0,0.5,4.26,0.0,0.3,25.56,2.5
2.0,"2019-08-08 21:46:38.000000","2019-08-08 21:58:01.000000",1.0,2.31,1.0,N,232.0,234.0,1.0,10.0,0.5,0.5,2.76,0.0,0.3,16.56,2.5
2.0,"2019-08-09 00:46:11.000000","2019-08-09 00:55:27.000000",1.0,1.8,1.0,N,232.0,234.0,1.0,8.5,0.5,0.5,2.46,0.0,0.3,14.76,2.5
2.0,"2019-08-09 04:47:57.000000","2019-08-09 04:59:54.000000",2.0,2.56,1.0,N,232.0,234.0,1.0,11.0,0.5,0.5,2.96,0.0,0.3,17.76,2.5
2.0,"2019-08-09 09:43:22.000000","2019-08-09 09:58:44.000000",2.0,2.38,1.0,N,232.0,234.0,1.0,12.0,0.0,0.5,3.06,0.0,0.3,18.36,2.5
1.0,"2019-08-09 12:11:59.000000","2019-08-09 12:37:12.000000",2.0,2.8,1.0,N,232.0,234.0,1.0,16.5,2.5,0.5,0.0,0.0,0.3,19.8,2.5
2.0,"2019-08-09 15:00:18.000000","2019-08-09 15:12:09.000000",1.0,2.91,1.0,N,232.0,234.0,1.0,11.5,0.0,0.5,2.96,0.0,0.3,17.76,2.5
1.0,"2019-08-09 15:38:25.000000","2019-08-09 15:56:20.000000",1.0,3.4,1.0,N,232.0,234.0,1.0,15.0,2.5,0.5,3.65,0.0,0.3,21.95,2.5
2.0,"2019-08-09 23:15:39.000000","2019-08-09 23:32:08.000000",1.0,2.16,1.0,N,232.0,234.0,1.0,11.5,0.5,0.5,3.06,0.0,0.3,18.36,2.5
2.0,"2019-08-10 00:56:14.000000","2019-08-10 01:10:16.000000",2.0,2.33,1.0,N,232.0,234.0,2.0,11.5,0.5,0.5,0.0,0.0,0.3,15.3,2.5
2.0,"2019-08-10 02:27:04.000000","2019-08-10 02:39:43.000000",1.0,2.41,1.0,N,232.0,234.0,1.0,10.5,0.5,0.5,2.86,0.0,0.3,17.16,2.5
2.0,"2019-08-10 02:12:26.000000","2019-08-10 02:24:25.000000",1.0,2.49,1.0,N,232.0,234.0,1.0,11.0,0.5,0.5,2.96,0.0,0.3,17.76,2.5
1.0,"2019-08-10 08:09:53.000000","2019-08-10 08:25:52.000000",1.0,3.0,1.0,N,232.0,234.0,1.0,13.5,2.5,0.5,3.35,0.0,0.3,20.15,2.5
1.0,"2019-08-10 12:30:04.000000","2019-08-10 12:47:30.000000",1.0,3.3,1.0,N,232.0,234.0,2.0,15.0,2.5,0.5,0.0,0.0,0.3,18.3,2.5
2.0,"2019-08-10 13:50:13.000000","2019-08-10 14:04:35.000000",3.0,3.1,1.0,N,232.0,234.0,1.0,13.0,0.0,0.5,3.26,0.0,0.3,19.56,2.5
1.0,"2019-08-10 14:00:37.000000","2019-08-10 14:23:54.000000",3.0,2.7,1.0,N,232.0,234.0,1.0,15.5,2.5,0.5,3.75,0.0,0.3,22.55,2.5
2.0,"2019-08-10 14:48:38.000000","2019-08-10 15:03:05.000000",1.0,2.95,1.0,N,232.0,234.0,1.0,13.0,0.0,0.5,4.08,0.0,0.3,20.38,2.5
2.0,"2019-08-10 15:29:26.000000","2019-08-10 15:53:55.000000",1.0,3.14,1.0,N,232.0,234.0,1.0,17.0,0.0,0.5,4.06,0.0,0.3,24.36,2.5
1.0,"2019-08-10 15:21:10.000000","2019-08-10 15:36:24.000000",1.0,2.9,1.0,N,232.0,234.0,1.0,13.0,2.5,0.5,4.05,0.0,0.3,20.35,2.5
2.0,"2019-08-10 15:37:31.000000","2019-08-10 15:50:49.000000",5.0,3.08,1.0,N,232.0,234.0,1.0,12.0,0.0,0.5,2.0,0.0,0.3,17.3,2.5
2.0,"2019-08-10 15:01:31.000000","2019-08-10 15:16:36.000000",1.0,3.11,1.0,N,232.0,234.0,1.0,13.0,0.0,0.5,5.0,0.0,0.3,21.3,2.5
2.0,"2019-08-10 15:11:48.000000","2019-08-10 15:30:30.000000",1.0,3.12,1.0,N,232.0,234.0,1.0,14.5,0.0,0.5,3.0,0.0,0.3,20.8,2.5
1.0,"2019-08-10 16:41:36.000000","2019-08-10 16:57:06.000000",1.0,3.3,1.0,N,232.0,234.0,1.0,13.0,2.5,0.5,3.25,0.0,0.3,19.55,2.5
2.0,"2019-08-10 17:35:32.000000","2019-08-10 17:52:49.000000",2.0,2.51,1.0,N,232.0,234.0,1.0,13.0,0.0,0.5,3.26,0.0,0.3,19.56,2.5
2.0,"2019-08-10 17:25:25.000000","2019-08-10 17:51:40.000000",1.0,3.31,1.0,N,232.0,234.0,1.0,18.0,0.0,0.5,4.26,0.0,0.3,25.56,2.5
1.0,"2019-08-10 18:30:17.000000","2019-08-10 18:44:42.000000",1.0,1.9,1.0,N,232.0,234.0,1.0,11.0,2.5,0.5,2.85,0.0,0.3,17.15,2.5
2.0,"2019-08-10 23:45:42.000000","2019-08-10 23:55:56.000000",1.0,1.69,1.0,N,232.0,234.0,1.0,8.5,0.5,0.5,1.84,0.0,0.3,16.09,2.5
1.0,"2019-08-11 00:44:51.000000","2019-08-11 01:00:08.000000",3.0,2.1,1.0,N,232.0,234.0,1.0,11.5,3.0,0.5,3.05,0.0,0.3,18.35,2.5
1.0,"2019-08-11 12:30:08.000000","2019-08-11 12:43:20.000000",1.0,3.0,1.0,N,232.0,234.0,1.0,12.0,2.5,0.5,1.0,0.0,0.3,16.3,2.5
1.0,"2019-08-11 13:49:51.000000","2019-08-11 14:03:47.000000",0.0,3.1,1.0,N,232.0,234.0,1.0,13.5,2.5,0.5,2.2,0.0,0.3,19.0,2.5
2.0,"2019-08-11 14:08:09.000000","2019-08-11 14:21:02.000000",1.0,3.12,1.0,N,232.0,234.0,1.0,12.5,0.0,0.5,3.95,0.0,0.3,19.75,2.5
1.0,"2019-08-11 15:30:10.000000","2019-08-11 15:45:06.000000",2.0,3.1,1.0,N,232.0,234.0,2.0,13.5,2.5,0.5,0.0,0.0,0.3,16.8,2.5
2.0,"2019-08-11 15:33:10.000000","2019-08-11 15:43:16.000000",1.0,2.03,1.0,N,232.0,234.0,1.0,9.5,0.0,0.5,1.0,0.0,0.3,13.8,2.5
1.0,"2019-08-11 17:25:31.000000","2019-08-11 17:41:08.000000",1.0,2.9,1.0,N,232.0,234.0,1.0,13.0,2.5,0.5,3.25,0.0,0.3,19.55,2.5
1.0,"2019-08-11 17:08:36.000000","2019-08-11 17:25:08.000000",1.0,3.7,1.0,N,232.0,234.0,3.0,15.0,2.5,0.5,0.0,0.0,0.3,18.3,2.5
1.0,"2019-08-11 18:06:38.000000","2019-08-11 18:23:02.000000",1.0,2.6,1.0,N,232.0,234.0,2.0,13.0,2.5,0.5,0.0,0.0,0.3,16.3,2.5
2.0,"2019-08-12 07:54:28.000000","2019-08-12 08:07:36.000000",1.0,1.84,1.0,N,232.0,234.0,1.0,10.5,0.0,0.5,0.0,0.0,0.3,11.3,0.0
2.0,"2019-08-12 11:56:59.000000","2019-08-12 12:14:03.000000",2.0,3.03,1.0,N,232.0,234.0,1.0,14.5,0.0,0.5,3.56,0.0,0.3,21.36,2.5
2.0,"2019-08-12 11:45:38.000000","2019-08-12 12:01:49.000000",1.0,3.1,1.0,N,232.0,234.0,2.0,14.5,0.0,0.5,0.0,0.0,0.3,17.8,2.5
1.0,"2019-08-12 12:21:24.000000","2019-08-12 12:41:48.000000",2.0,2.8,1.0,N,232.0,234.0,1.0,14.5,2.5,0.5,2.0,0.0,0.3,19.8,2.5
2.0,"2019-08-12 13:23:12.000000","2019-08-12 13:34:42.000000",1.0,3.12,1.0,N,232.0,234.0,1.0,12.5,0.0,0.5,3.95,0.0,0.3,19.75,2.5
2.0,"2019-08-12 13:39:02.000000","2019-08-12 13:51:33.000000",5.0,3.02,1.0,N,232.0,234.0,2.0,12.0,0.0,0.5,0.0,0.0,0.3,15.3,2.5
2.0,"2019-08-12 13:00:13.000000","2019-08-12 13:21:21.000000",1.0,3.55,1.0,N,232.0,234.0,1.0,17.0,0.0,0.5,4.06,0.0,0.3,24.36,2.5
2.0,"2019-08-12 15:15:15.000000","2019-08-12 15:28:01.000000",1.0,3.08,1.0,N,232.0,234.0,1.0,13.0,0.0,0.5,3.26,0.0,0.3,19.56,2.5
2.0,"2019-08-12 15:42:25.000000","2019-08-12 15:55:46.000000",1.0,3.07,1.0,N,232.0,234.0,1.0,12.5,0.0,0.5,3.16,0.0,0.3,18.96,2.5
1.0,"2019-08-12 17:46:03.000000","2019-08-12 17:59:17.000000",1.0,2.1,1.0,N,232.0,234.0,1.0,11.0,3.5,0.5,2.0,0.0,0.3,17.3,2.5
2.0,"2019-08-12 18:36:00.000000","2019-08-12 18:47:51.000000",1.0,2.06,1.0,N,232.0,234.0,2.0,10.0,1.0,0.5,0.0,0.0,0.3,14.3,2.5
2.0,"2019-08-12 18:21:18.000000","2019-08-12 18:37:48.000000",1.0,3.04,1.0,N,232.0,234.0,1.0,14.0,1.0,0.5,3.66,0.0,0.3,21.96,2.5
2.0,"2019-08-13 08:32:24.000000","2019-08-13 08:47:33.000000",1.0,2.21,1.0,N,232.0,234.0,1.0,11.5,0.0,0.5,2.0,0.0,0.3,16.8,2.5
2.0,"2019-08-13 10:04:24.000000","2019-08-13 10:24:22.000000",6.0,2.67,1.0,N,232.0,234.0,1.0,14.0,0.0,0.5,0.0,0.0,0.3,14.8,0.0
2.0,"2019-08-13 14:37:27.000000","2019-08-13 14:55:13.000000",1.0,2.31,1.0,N,232.0,234.0,2.0,12.5,0.0,0.5,0.0,0.0,0.3,15.8,2.5
2.0,"2019-08-13 20:27:05.000000","2019-08-13 20:44:13.000000",1.0,2.37,1.0,N,232.0,234.0,1.0,12.5,0.5,0.5,3.26,0.0,0.3,19.56,2.5
2.0,"2019-08-14 07:41:28.000000","2019-08-14 07:54:58.000000",1.0,2.14,1.0,N,232.0,234.0,1.0,11.0,0.0,0.5,1.8,0.0,0.3,16.1,2.5
2.0,"2019-08-14 17:44:49.000000","2019-08-14 18:00:17.000000",1.0,2.03,1.0,N,232.0,234.0,1.0,11.5,1.0,0.5,3.16,0.0,0.3,18.96,2.5
1.0,"2019-08-14 18:48:58.000000","2019-08-14 19:08:50.000000",1.0,2.4,1.0,N,232.0,234.0,2.0,13.5,3.5,0.5,0.0,0.0,0.3,17.8,2.5
2.0,"2019-08-14 21:02:55.000000","2019-08-14 21:17:54.000000",5.0,2.25,1.0,N,232.0,234.0,1.0,12.0,0.5,0.5,3.16,0.0,0.3,18.96,2.5
1.0,"2019-08-14 23:51:27.000000","2019-08-15 00:02:02.000000",1.0,2.1,1.0,Y,232.0,234.0,2.0,9.5,3.0,0.5,0.0,0.0,0.3,13.3,2.5
2.0,"2019-08-14 23:10:10.000000","2019-08-14 23:22:18.000000",1.0,2.15,1.0,N,232.0,234.0,1.0,10.0,0.5,0.5,2.76,0.0,0.3,16.56,2.5
2.0,"2019-08-15 07:53:46.000000","2019-08-15 08:05:37.000000",1.0,1.84,1.0,N,232.0,234.0,1.0,9.5,0.0,0.5,2.56,0.0,0.3,15.36,2.5
2.0,"2019-08-15 07:49:24.000000","2019-08-15 08:03:24.000000",6.0,2.27,1.0,N,232.0,234.0,1.0,11.0,0.0,0.5,0.0,0.0,0.3,11.8,0.0
2.0,"2019-08-15 09:40:12.000000","2019-08-15 09:55:13.000000",2.0,1.98,1.0,N,232.0,234.0,1.0,11.0,0.0,0.5,3.58,0.0,0.3,19.83,2.5
2.0,"2019-08-15 10:57:17.000000","2019-08-15 11:25:12.000000",4.0,3.53,1.0,N,232.0,234.0,2.0,17.5,0.0,0.5,0.0,0.0,0.3,20.8,2.5
2.0,"2019-08-15 11:36:34.000000","2019-08-15 11:48:21.000000",1.0,1.77,1.0,N,232.0,234.0,2.0,9.5,0.0,0.5,0.0,0.0,0.3,12.8,2.5
2.0,"2019-08-15 13:28:44.000000","2019-08-15 13:47:26.000000",6.0,3.1,1.0,N,232.0,234.0,2.0,15.0,0.0,0.5,0.0,0.0,0.3,18.3,2.5
2.0,"2019-08-15 15:45:52.000000","2019-08-15 15:59:56.000000",5.0,2.49,1.0,N,232.0,234.0,2.0,11.5,0.0,0.5,0.0,0.0,0.3,14.8,2.5
2.0,"2019-08-15 21:55:41.000000","2019-08-15 22:13:46.000000",2.0,2.62,1.0,N,232.0,234.0,1.0,13.5,0.5,0.5,4.32,0.0,0.3,21.62,2.5
2.0,"2019-08-16 20:24:31.000000","2019-08-16 20:44:17.000000",2.0,2.3,1.0,N,232.0,234.0,1.0,14.0,0.5,0.5,3.56,0.0,0.3,21.36,2.5
2.0,"2019-08-16 23:10:51.000000","2019-08-16 23:31:46.000000",1.0,3.54,1.0,N,232.0,234.0,1.0,15.5,0.5,0.5,0.0,0.0,0.3,19.3,2.5
2.0,"2019-08-17 01:22:57.000000","2019-08-17 01:38:55.000000",2.0,3.01,1.0,N,232.0,234.0,1.0,13.0,0.5,0.5,0.84,0.0,0.3,17.64,2.5
1.0,"2019-08-17 01:39:44.000000","2019-08-17 01:51:13.000000",1.0,2.2,1.0,N,232.0,234.0,1.0,10.0,3.0,0.5,2.75,0.0,0.3,16.55,2.5
1.0,"2019-08-17 11:43:07.000000","2019-08-17 12:05:38.000000",2.0,3.0,1.0,N,232.0,234.0,1.0,16.0,2.5,0.5,3.47,0.0,0.3,22.77,2.5
2.0,"2019-08-17 17:50:27.000000","2019-08-17 18:00:05.000000",1.0,2.04,1.0,N,232.0,234.0,1.0,9.0,0.0,0.5,2.46,0.0,0.3,14.76,2.5
1.0,"2019-08-18 01:54:52.000000","2019-08-18 02:08:04.000000",1.0,2.3,1.0,N,232.0,234.0,1.0,10.5,3.0,0.5,1.5,0.0,0.3,15.8,2.5
2.0,"2019-08-18 02:39:21.000000","2019-08-18 02:51:56.000000",1.0,2.71,1.0,N,232.0,234.0,1.0,11.5,0.5,0.5,3.06,0.0,0.3,18.36,2.5
1.0,"2019-08-18 03:02:58.000000","2019-08-18 03:17:45.000000",1.0,2.6,1.0,N,232.0,234.0,1.0,12.0,3.0,0.5,3.15,0.0,0.3,18.95,2.5
2.0,"2019-08-18 11:23:25.000000","2019-08-18 11:40:03.000000",5.0,2.52,1.0,N,232.0,234.0,1.0,13.0,0.0,0.5,2.0,0.0,0.3,18.3,2.5
2.0,"2019-08-18 19:17:08.000000","2019-08-18 19:34:31.000000",1.0,2.93,1.0,N,232.0,234.0,1.0,13.5,0.0,0.5,3.36,0.0,0.3,20.16,2.5
2.0,"2019-08-20 20:56:51.000000","2019-08-20 21:06:35.000000",3.0,1.86,1.0,N,232.0,234.0,1.0,9.0,0.5,0.5,3.2,0.0,0.3,16.0,2.5
1.0,"2019-08-21 07:59:24.000000","2019-08-21 08:19:17.000000",1.0,2.3,1.0,Y,232.0,234.0,1.0,14.5,2.5,0.5,2.67,0.0,0.3,20.47,2.5
2.0,"2019-08-21 09:38:25.000000","2019-08-21 09:53:59.000000",6.0,2.36,1.0,N,232.0,234.0,1.0,11.5,0.0,0.5,0.0,0.0,0.3,12.3,0.0
2.0,"2019-08-21 09:06:18.000000","2019-08-21 09:26:26.000000",1.0,2.32,1.0,N,232.0,234.0,1.0,14.0,0.0,0.5,0.0,0.0,0.3,14.8,0.0
2.0,"2019-08-21 12:41:18.000000","2019-08-21 12:55:25.000000",2.0,2.61,1.0,N,232.0,234.0,1.0,12.5,0.0,0.5,1.0,0.0,0.3,16.8,2.5
2.0,"2019-08-21 12:14:32.000000","2019-08-21 12:27:03.000000",1.0,2.22,1.0,N,232.0,234.0,1.0,10.0,0.0,0.5,2.66,0.0,0.3,15.96,2.5
1.0,"2019-08-21 18:18:28.000000","2019-08-21 18:40:53.000000",1.0,2.5,1.0,N,232.0,234.0,1.0,16.0,3.5,0.5,1.0,0.0,0.3,21.3,2.5
2.0,"2019-08-22 12:57:51.000000","2019-08-22 13:24:09.000000",4.0,2.76,1.0,N,232.0,234.0,2.0,15.5,0.0,0.5,0.0,0.0,0.3,18.8,2.5
2.0,"2019-08-22 14:56:49.000000","2019-08-22 15:15:47.000000",1.0,2.25,1.0,N,232.0,234.0,2.0,13.5,0.0,0.5,0.0,0.0,0.3,16.8,2.5
2.0,"2019-08-22 20:43:56.000000","2019-08-22 20:58:43.000000",1.0,2.12,1.0,N,232.0,234.0,1.0,11.0,0.5,0.5,2.96,0.0,0.3,17.76,2.5
2.0,"2019-08-23 01:51:59.000000","2019-08-23 02:04:48.000000",2.0,2.63,1.0,N,232.0,234.0,1.0,11.5,0.5,0.5,3.06,0.0,0.3,18.36,2.5
2.0,"2019-08-23 17:50:59.000000","2019-08-23 18:10:31.000000",6.0,3.07,1.0,N,232.0,234.0,2.0,14.5,1.0,0.5,0.0,0.0,0.3,18.8,2.5
1.0,"2019-08-24 00:00:47.000000","2019-08-24 00:17:07.000000",2.0,2.3,1.0,N,232.0,234.0,1.0,12.5,3.0,0.5,3.25,0.0,0.3,19.55,2.5
2.0,"2019-08-24 01:18:56.000000","2019-08-24 01:31:47.000000",2.0,2.46,1.0,N,232.0,234.0,1.0,11.0,0.5,0.5,2.96,0.0,0.3,17.76,2.5
2.0,"2019-08-24 00:56:56.000000","2019-08-24 01:08:16.000000",2.0,2.11,1.0,N,232.0,234.0,1.0,10.0,0.5,0.5,2.0,0.0,0.3,15.8,2.5
2.0,"2019-08-24 01:58:34.000000","2019-08-24 02:13:00.000000",6.0,2.4,1.0,N,232.0,234.0,1.0,12.0,0.5,0.5,3.95,0.0,0.3,19.75,2.5
1.0,"2019-08-24 09:42:26.000000","2019-08-24 09:54:33.000000",1.0,2.2,1.0,Y,232.0,234.0,1.0,10.5,2.5,0.5,2.75,0.0,0.3,16.55,2.5
1.0,"2019-08-24 14:05:26.000000","2019-08-24 14:20:25.000000",1.0,2.0,1.0,N,232.0,234.0,1.0,11.5,2.5,0.5,2.95,0.0,0.3,17.75,2.5
1.0,"2019-08-24 21:44:20.000000","2019-08-24 21:58:25.000000",2.0,2.1,1.0,N,232.0,234.0,4.0,11.0,3.0,0.5,0.0,0.0,0.3,14.8,2.5
2.0,"2019-08-25 01:44:42.000000","2019-08-25 02:01:48.000000",1.0,2.49,1.0,N,232.0,234.0,1.0,12.5,0.5,0.5,2.0,0.0,0.3,18.3,2.5
2.0,"2019-08-25 01:36:41.000000","2019-08-25 01:49:34.000000",1.0,1.69,1.0,N,232.0,234.0,1.0,10.0,0.5,0.5,1.0,0.0,0.3,14.8,2.5
1.0,"2019-08-25 15:26:46.000000","2019-08-25 15:43:47.000000",2.0,2.1,1.0,N,232.0,234.0,2.0,12.0,2.5,0.5,0.0,0.0,0.3,15.3,2.5
2.0,"2019-08-25 21:26:26.000000","2019-08-25 21:38:23.000000",1.0,2.17,2.0,N,232.0,234.0,1.0,52.0,0.0,0.5,11.06,0.0,0.3,66.36,2.5
2.0,"2019-08-26 09:44:10.000000","2019-08-26 10:05:01.000000",1.0,2.49,1.0,N,232.0,234.0,1.0,14.5,0.0,0.5,4.45,0.0,0.3,22.25,2.5
1.0,"2019-08-26 12:13:53.000000","2019-08-26 12:29:29.000000",2.0,2.3,1.0,N,232.0,234.0,1.0,12.0,0.0,0.5,0.0,0.0,0.3,12.8,0.0
1.0,"2019-08-26 20:05:29.000000","2019-08-26 20:17:13.000000",1.0,2.1,1.0,N,232.0,234.0,1.0,10.0,3.0,0.5,2.0,0.0,0.3,15.8,2.5
2.0,"2019-08-27 17:33:05.000000","2019-08-27 17:48:06.000000",1.0,2.39,1.0,N,232.0,234.0,1.0,11.5,1.0,0.5,2.5,0.0,0.3,18.3,2.5
2.0,"2019-08-27 20:35:06.000000","2019-08-27 20:52:09.000000",3.0,2.59,1.0,N,232.0,234.0,1.0,13.0,0.5,0.5,5.04,0.0,0.3,21.84,2.5
1.0,"2019-08-28 00:24:03.000000","2019-08-28 00:33:13.000000",2.0,2.5,1.0,N,232.0,234.0,2.0,9.5,3.0,0.5,0.0,0.0,0.3,13.3,2.5
2.0,"2019-08-28 10:17:51.000000","2019-08-28 10:38:16.000000",2.0,2.58,1.0,N,232.0,234.0,1.0,14.0,0.0,0.5,0.0,0.0,0.3,14.8,0.0
2.0,"2019-08-28 11:34:17.000000","2019-08-28 11:48:49.000000",1.0,2.01,1.0,N,232.0,234.0,1.0,11.0,0.0,0.5,5.0,0.0,0.3,19.3,2.5
2.0,"2019-08-28 21:11:21.000000","2019-08-28 21:27:19.000000",1.0,2.41,1.0,N,232.0,234.0,2.0,11.5,0.5,0.5,0.0,0.0,0.3,15.3,2.5
2.0,"2019-08-29 12:06:57.000000","2019-08-29 12:25:27.000000",1.0,1.85,1.0,N,232.0,234.0,1.0,12.5,0.0,0.5,3.16,0.0,0.3,18.96,2.5
1.0,"2019-08-29 15:22:00.000000","2019-08-29 15:35:24.000000",1.0,1.6,1.0,N,232.0,234.0,1.0,10.0,2.5,0.5,3.0,0.0,0.3,16.3,2.5
2.0,"2019-08-29 16:53:24.000000","2019-08-29 17:11:15.000000",1.0,2.68,1.0,N,232.0,234.0,2.0,13.0,1.0,0.5,0.0,0.0,0.3,17.3,2.5
2.0,"2019-08-29 22:16:55.000000","2019-08-29 22:30:29.000000",1.0,2.3,1.0,N,232.0,234.0,1.0,11.0,0.5,0.5,2.96,0.0,0.3,17.76,2.5
2.0,"2019-08-30 01:28:47.000000","2019-08-30 01:35:16.000000",1.0,2.05,1.0,N,232.0,234.0,1.0,8.5,0.5,0.5,2.46,0.0,0.3,14.76,2.5
1.0,"2019-08-30 13:26:52.000000","2019-08-30 13:43:57.000000",1.0,2.9,1.0,N,232.0,234.0,2.0,13.5,2.5,0.5,0.0,0.0,0.3,16.8,2.5
1.0,"2019-08-30 18:16:13.000000","2019-08-30 18:35:20.000000",0.0,2.4,1.0,N,232.0,234.0,1.0,14.0,3.5,0.5,1.0,0.0,0.3,19.3,2.5
2.0,"2019-08-31 01:13:29.000000","2019-08-31 01:24:07.000000",6.0,2.39,1.0,N,232.0,234.0,2.0,10.0,0.5,0.5,0.0,0.0,0.3,13.8,2.5
2.0,"2019-08-31 01:31:00.000000","2019-08-31 01:52:31.000000",1.0,2.88,1.0,N,232.0,234.0,2.0,16.0,0.5,0.5,0.0,0.0,0.3,19.8,2.5
2.0,"2019-08-31 12:38:13.000000","2019-08-31 12:50:04.000000",1.0,2.29,1.0,N,232.0,234.0,2.0,10.5,0.0,0.5,0.0,0.0,0.3,13.8,2.5
2.0,"2019-08-31 17:32:17.000000","2019-08-31 17:51:27.000000",1.0,2.72,1.0,N,232.0,234.0,1.0,14.0,0.0,0.5,1.0,0.0,0.3,18.3,2.5
,"2019-08-16 11:49:00.000000","2019-08-16 12:19:00.000000",,3.46,,,232.0,234.0,,17.12,2.75,0.5,0.0,0.0,0.3,20.67,0.0
