2.0,"2019-08-01 00:02:54.000000","2019-08-01 00:19:25.000000",1.0,5.46,1.0,N,238.0,234.0,2.0,18.5,0.5,0.5,0.0,0.0,0.3,22.3,2.5
2.0,"2019-08-01 05:54:47.000000","2019-08-01 06:09:02.000000",1.0,4.36,1.0,N,238.0,234.0,1.0,15.0,0.5,0.5,2.44,0.0,0.3,21.24,2.5
2.0,"2019-08-01 06:56:07.000000","2019-08-01 07:09:46.000000",1.0,4.06,1.0,N,238.0,234.0,1.0,14.5,0.0,0.5,1.5,0.0,0.3,19.3,2.5
2.0,"2019-08-01 06:40:35.000000","2019-08-01 07:00:09.000000",1.0,3.93,1.0,N,238.0,234.0,1.0,16.5,0.0,0.5,3.96,0.0,0.3,23.76,2.5
1.0,"2019-08-01 07:44:54.000000","2019-08-01 08:04:28.000000",1.0,4.0,1.0,N,238.0,234.0,1.0,16.0,2.5,0.5,3.5,0.0,0.3,22.8,2.5
1.0,"2019-08-01 07:23:19.000000","2019-08-01 07:41:53.000000",1.0,4.3,1.0,N,238.0,234.0,1.0,16.0,2.5,0.5,2.0,0.0,0.3,21.3,2.5
1.0,"2019-08-01 07:31:01.000000","2019-08-01 08:02:36.000000",2.0,4.5,1.0,N,238.0,234.0,1.0,22.5,2.5,0.5,3.87,0.0,0.3,29.67,2.5
2.0,"2019-08-01 08:53:54.000000","2019-08-01 09:22:06.000000",1.0,4.11,1.0,N,238.0,234.0,1.0,19.5,0.0,0.5,4.56,0.0,0.3,27.36,2.5
1.0,"2019-08-01 08:45:15.000000","2019-08-01 09:10:51.000000",1.0,4.5,1.0,N,238.0,234.0,1.0,19.0,2.5,0.5,3.0,0.0,0.3,25.3,2.5
2.0,"2019-08-01 09:30:26.000000","2019-08-01 10:03:18.000000",1.0,3.9,1.0,N,238.0,234.0,1.0,22.0,0.0,0.5,4.5,0.0,0.3,29.8,2.5
2.0,"2019-08-01 09:20:40.000000","2019-08-01 09:53:15.000000",1.0,5.15,1.0,N,238.0,234.0,1.0,22.0,0.0,0.5,2.53,0.0,0.3,27.83,2.5
2.0,"2019-08-01 09:54:41.000000","2019-08-01 10:22:50.000000",1.0,1.82,1.0,N,238.0,234.0,1.0,17.0,0.0,0.5,4.06,0.0,0.3,24.36,2.5
1.0,"2019-08-01 10:58:10.000000","2019-08-01 11:30:42.000000",2.0,4.9,1.0,N,238.0,234.0,2.0,23.5,2.5,0.5,0.0,0.0,0.3,26.8,2.5
2.0,"2019-08-01 11:09:22.000000","2019-08-01 11:38:19.000000",1.0,6.19,1.0,N,238.0,234.0,1.0,23.5,0.0,0.5,3.0,0.0,0.3,29.8,2.5
1.0,"2019-08-01 12:29:15.000000","2019-08-01 13:11:13.000000",2.0,4.1,1.0,N,238.0,234.0,1.0,25.5,2.5,0.5,2.88,0.0,0.3,31.68,2.5
2.0,"2019-08-01 12:44:23.000000","2019-08-01 13:23:11.000000",1.0,3.9,1.0,N,238.0,234.0,1.0,24.5,0.0,0.5,5.56,0.0,0.3,33.36,2.5
1.0,"2019-08-01 13:08:52.000000","2019-08-01 13:27:19.000000",1.0,4.8,1.0,N,238.0,234.0,1.0,17.5,2.5,0.5,4.0,0.0,0.3,24.8,2.5
1.0,"2019-08-01 13:29:20.000000","2019-08-01 13:57:31.000000",1.0,5.9,1.0,N,238.0,234.0,1.0,23.5,2.5,0.5,5.35,0.0,0.3,32.15,2.5
2.0,"2019-08-01 14:16:56.000000","2019-08-01 14:40:39.000000",1.0,5.59,1.0,N,238.0,234.0,1.0,21.0,0.0,0.5,2.0,0.0,0.3,26.3,2.5
1.0,"2019-08-01 14:31:59.000000","2019-08-01 14:59:46.000000",0.0,6.4,1.0,N,238.0,234.0,1.0,24.0,2.5,0.5,5.45,0.0,0.3,32.75,2.5
2.0,"2019-08-01 14:01:28.000000","2019-08-01 14:23:39.000000",2.0,5.33,1.0,N,238.0,234.0,1.0,21.0,0.0,0.5,4.86,0.0,0.3,29.16,2.5
2.0,"2019-08-01 18:12:58.000000","2019-08-01 18:42:39.000000",1.0,4.82,1.0,N,238.0,234.0,2.0,22.0,1.0,0.5,0.0,0.0,0.3,26.3,2.5
1.0,"2019-08-01 19:54:55.000000","2019-08-01 20:15:54.000000",1.0,4.9,1.0,N,238.0,234.0,1.0,19.0,3.5,0.5,2.5,0.0,0.3,25.8,2.5
1.0,"2019-08-01 19:20:52.000000","2019-08-01 19:49:45.000000",2.0,5.1,1.0,N,238.0,234.0,1.0,22.0,3.5,0.5,2.7,0.0,0.3,29.0,2.5
2.0,"2019-08-01 20:13:12.000000","2019-08-01 20:36:08.000000",2.0,3.83,1.0,N,238.0,234.0,1.0,17.0,0.5,0.5,3.12,0.0,0.3,23.92,2.5
2.0,"2019-08-01 21:59:39.000000","2019-08-01 22:18:37.000000",5.0,4.06,1.0,N,238.0,234.0,1.0,16.0,0.5,0.5,4.95,0.0,0.3,24.75,2.5
2.0,"2019-08-01 23:32:22.000000","2019-08-01 23:54:11.000000",1.0,3.91,1.0,N,238.0,234.0,2.0,16.0,0.5,0.5,0.0,0.0,0.3,19.8,2.5
2.0,"2019-08-02 05:39:27.000000","2019-08-02 05:54:55.000000",1.0,4.44,1.0,N,238.0,234.0,1.0,15.5,0.5,0.5,2.51,0.0,0.3,21.81,2.5
1.0,"2019-08-02 06:48:47.000000","2019-08-02 07:01:53.000000",1.0,3.7,1.0,N,238.0,234.0,1.0,13.5,2.5,0.5,3.36,0.0,0.3,20.16,2.5
1.0,"2019-08-02 07:34:01.000000","2019-08-02 07:49:42.000000",2.0,4.5,1.0,N,238.0,234.0,1.0,15.5,2.5,0.5,2.82,0.0,0.3,21.62,2.5
2.0,"2019-08-02 08:44:34.000000","2019-08-02 09:06:06.000000",1.0,4.14,1.0,N,238.0,234.0,1.0,16.5,0.0,0.5,4.95,0.0,0.3,24.75,2.5
2.0,"2019-08-02 08:12:20.000000","2019-08-02 08:35:02.000000",1.0,3.99,1.0,N,238.0,234.0,1.0,17.0,0.0,0.5,5.08,0.0,0.3,25.38,2.5
2.0,"2019-08-02 09:16:50.000000","2019-08-02 09:46:05.000000",1.0,4.38,1.0,N,238.0,234.0,2.0,20.5,0.0,0.5,0.0,0.0,0.3,23.8,2.5
2.0,"2019-08-02 10:02:35.000000","2019-08-02 10:18:11.000000",1.0,4.92,1.0,N,238.0,234.0,2.0,16.5,0.0,0.5,0.0,0.0,0.3,19.8,2.5
2.0,"2019-08-02 11:59:20.000000","2019-08-02 12:25:45.000000",1.0,4.15,1.0,N,238.0,234.0,1.0,18.5,0.0,0.5,4.36,0.0,0.3,26.16,2.5
1.0,"2019-08-02 12:57:52.000000","2019-08-02 13:22:53.000000",1.0,5.1,1.0,N,238.0,234.0,1.0,21.0,2.5,0.5,1.0,0.0,0.3,25.3,2.5
2.0,"2019-08-02 16:34:31.000000","2019-08-02 17:08:22.000000",1.0,5.47,1.0,N,238.0,234.0,1.0,25.5,1.0,0.5,0.0,0.0,0.3,27.3,0.0
1.0,"2019-08-02 16:57:47.000000","2019-08-02 17:28:33.000000",0.0,5.3,1.0,N,238.0,234.0,1.0,23.5,1.0,0.5,0.0,0.0,0.3,25.3,0.0
2.0,"2019-08-02 17:30:37.000000","2019-08-02 18:01:03.000000",1.0,4.35,1.0,N,238.0,234.0,1.0,21.5,1.0,0.5,5.16,0.0,0.3,30.96,2.5
1.0,"2019-08-02 18:24:31.000000","2019-08-02 18:51:14.000000",1.0,4.1,1.0,N,238.0,234.0,1.0,19.0,3.5,0.5,4.65,0.0,0.3,27.95,2.5
2.0,"2019-08-02 18:02:26.000000","2019-08-02 18:30:09.000000",2.0,4.09,1.0,N,238.0,234.0,1.0,20.0,1.0,0.5,6.08,0.0,0.3,30.38,2.5
2.0,"2019-08-02 19:24:50.000000","2019-08-02 19:44:46.000000",1.0,5.36,1.0,N,238.0,234.0,2.0,19.0,1.0,0.5,0.0,0.0,0.3,23.3,2.5
1.0,"2019-08-02 19:52:15.000000","2019-08-02 20:14:40.000000",1.0,4.2,1.0,N,238.0,234.0,1.0,16.5,3.5,0.5,3.0,0.0,0.3,23.8,2.5
2.0,"2019-08-02 20:00:11.000000","2019-08-02 20:21:52.000000",1.0,4.32,1.0,N,238.0,234.0,1.0,17.5,0.5,0.5,2.59,0.0,0.3,23.89,2.5
1.0,"2019-08-02 20:01:28.000000","2019-08-02 20:23:35.000000",1.0,4.3,1.0,N,238.0,234.0,1.0,17.5,3.0,0.5,2.0,0.0,0.3,23.3,2.5
2.0,"2019-08-03 07:55:55.000000","2019-08-03 08:12:07.000000",2.0,4.12,1.0,N,238.0,234.0,1.0,15.0,0.0,0.5,3.66,0.0,0.3,21.96,2.5
2.0,"2019-08-03 07:13:33.000000","2019-08-03 07:30:22.000000",1.0,4.36,1.0,N,238.0,234.0,1.0,16.0,0.0,0.5,3.86,0.0,0.3,23.16,2.5
2.0,"2019-08-03 07:58:04.000000","2019-08-03 08:16:42.000000",1.0,4.89,1.0,N,238.0,234.0,1.0,18.5,0.0,0.5,6.54,0.0,0.3,28.34,2.5
2.0,"2019-08-03 07:59:46.000000","2019-08-03 08:11:14.000000",1.0,3.89,1.0,N,238.0,234.0,1.0,13.0,0.0,0.5,1.5,0.0,0.3,17.8,2.5
2.0,"2019-08-03 08:30:00.000000","2019-08-03 08:44:49.000000",1.0,4.13,1.0,N,238.0,234.0,2.0,15.0,0.0,0.5,0.0,0.0,0.3,18.3,2.5
2.0,"2019-08-03 09:28:34.000000","2019-08-03 09:47:07.000000",1.0,4.61,1.0,N,238.0,234.0,1.0,17.0,0.0,0.5,4.06,0.0,0.3,24.36,2.5
2.0,"2019-08-03 11:00:36.000000","2019-08-03 11:30:29.000000",1.0,5.56,1.0,N,238.0,234.0,1.0,23.0,0.0,0.5,2.0,0.0,0.3,28.3,2.5
2.0,"2019-08-03 12:30:25.000000","2019-08-03 12:53:46.000000",1.0,4.37,1.0,N,238.0,234.0,1.0,18.0,0.0,0.5,4.26,0.0,0.3,25.56,2.5
2.0,"2019-08-03 12:06:43.000000","2019-08-03 12:28:34.000000",1.0,4.36,1.0,N,238.0,234.0,1.0,18.0,0.0,0.5,4.26,0.0,0.3,25.56,2.5
1.0,"2019-08-03 13:51:11.000000","2019-08-03 14:16:51.000000",1.0,5.0,1.0,N,238.0,234.0,1.0,20.5,2.5,0.5,4.75,0.0,0.3,28.55,2.5
1.0,"2019-08-03 13:57:56.000000","2019-08-03 14:22:46.000000",0.0,4.3,1.0,N,238.0,234.0,1.0,19.0,2.5,0.5,5.58,0.0,0.3,27.88,2.5
2.0,"2019-08-03 16:33:53.000000","2019-08-03 17:00:54.000000",1.0,5.35,1.0,N,238.0,234.0,1.0,21.5,0.0,0.5,3.0,0.0,0.3,27.8,2.5
1.0,"2019-08-03 18:36:10.000000","2019-08-03 19:05:04.000000",1.0,5.7,1.0,N,238.0,234.0,1.0,24.0,2.5,0.5,6.8,0.0,0.3,34.1,2.5
1.0,"2019-08-03 18:41:39.000000","2019-08-03 19:06:11.000000",1.0,4.6,1.0,N,238.0,234.0,1.0,20.0,2.5,0.5,4.65,0.0,0.3,27.95,2.5
2.0,"2019-08-03 19:05:36.000000","2019-08-03 19:33:22.000000",1.0,4.4,1.0,N,238.0,234.0,1.0,19.5,0.0,0.5,4.56,0.0,0.3,27.36,2.5
2.0,"2019-08-03 19:45:47.000000","2019-08-03 20:09:36.000000",1.0,5.17,1.0,N,238.0,234.0,2.0,20.0,0.0,0.5,0.0,0.0,0.3,23.3,2.5
1.0,"2019-08-03 19:10:00.000000","2019-08-03 19:40:41.000000",2.0,4.0,1.0,N,238.0,234.0,1.0,21.0,2.5,0.5,3.0,0.0,0.3,27.3,2.5
1.0,"2019-08-03 19:11:37.000000","2019-08-03 19:36:33.000000",2.0,6.0,1.0,N,238.0,234.0,1.0,21.5,2.5,0.5,4.96,0.0,0.3,29.76,2.5
2.0,"2019-08-03 19:15:57.000000","2019-08-03 19:49:37.000000",2.0,4.36,1.0,N,238.0,234.0,1.0,22.0,0.0,0.5,4.0,0.0,0.3,29.3,2.5
2.0,"2019-08-03 22:46:05.000000","2019-08-03 23:05:20.000000",1.0,4.94,1.0,N,238.0,234.0,2.0,18.5,0.5,0.5,0.0,0.0,0.3,22.3,2.5
1.0,"2019-08-03 22:38:56.000000","2019-08-03 23:01:26.000000",1.0,3.6,1.0,N,238.0,234.0,2.0,16.0,3.0,0.5,0.0,0.0,0.3,19.8,2.5
2.0,"2019-08-04 00:07:45.000000","2019-08-04 00:29:49.000000",1.0,4.85,1.0,N,238.0,234.0,1.0,18.0,0.5,0.5,5.45,0.0,0.3,27.25,2.5
2.0,"2019-08-04 02:04:14.000000","2019-08-04 02:22:50.000000",1.0,4.75,1.0,N,238.0,234.0,1.0,17.0,0.5,0.5,4.16,0.0,0.3,24.96,2.5
2.0,"2019-08-04 06:58:08.000000","2019-08-04 07:09:54.000000",1.0,4.12,1.0,N,238.0,234.0,2.0,13.5,0.0,0.5,0.0,0.0,0.3,16.8,2.5
2.0,"2019-08-04 09:20:36.000000","2019-08-04 09:30:50.000000",5.0,3.55,1.0,N,238.0,234.0,2.0,12.0,0.0,0.5,0.0,0.0,0.3,15.3,2.5
2.0,"2019-08-04 10:18:25.000000","2019-08-04 10:39:54.000000",1.0,5.6,1.0,N,238.0,234.0,1.0,20.5,0.0,0.5,4.76,0.0,0.3,28.56,2.5
2.0,"2019-08-04 10:29:05.000000","2019-08-04 10:44:53.000000",5.0,3.9,1.0,N,238.0,234.0,1.0,15.0,0.0,0.5,2.74,0.0,0.3,21.04,2.5
2.0,"2019-08-04 10:23:49.000000","2019-08-04 10:43:37.000000",1.0,4.94,1.0,N,238.0,234.0,1.0,18.0,0.0,0.5,4.26,0.0,0.3,25.56,2.5
1.0,"2019-08-04 11:35:49.000000","2019-08-04 11:54:43.000000",1.0,4.1,1.0,N,238.0,234.0,1.0,16.5,2.5,0.5,3.96,0.0,0.3,23.76,2.5
2.0,"2019-08-04 12:30:12.000000","2019-08-04 12:49:12.000000",1.0,4.55,1.0,N,238.0,234.0,2.0,16.5,0.0,0.5,0.0,0.0,0.3,19.8,2.5
1.0,"2019-08-04 15:02:15.000000","2019-08-04 15:19:39.000000",1.0,4.2,1.0,N,238.0,234.0,1.0,15.5,2.5,0.5,2.0,0.0,0.3,20.8,2.5
1.0,"2019-08-04 16:10:22.000000","2019-08-04 16:41:22.000000",1.0,4.2,1.0,N,238.0,234.0,1.0,21.0,2.5,0.5,3.7,0.0,0.3,28.0,2.5
1.0,"2019-08-04 16:49:22.000000","2019-08-04 17:14:46.000000",4.0,5.0,1.0,N,238.0,234.0,1.0,19.5,2.5,0.5,0.2,0.0,0.3,23.0,2.5
2.0,"2019-08-04 17:31:15.000000","2019-08-04 17:53:15.000000",1.0,4.5,1.0,N,238.0,234.0,1.0,18.0,0.0,0.5,4.26,0.0,0.3,25.56,2.5
1.0,"2019-08-04 18:18:23.000000","2019-08-04 18:39:49.000000",1.0,4.1,1.0,N,238.0,234.0,1.0,17.0,2.5,0.5,0.0,0.0,0.3,20.3,2.5
2.0,"2019-08-04 19:49:56.000000","2019-08-04 20:11:44.000000",5.0,4.79,1.0,N,238.0,234.0,1.0,18.5,0.0,0.5,3.27,0.0,0.3,25.07,2.5
2.0,"2019-08-04 20:31:21.000000","2019-08-04 20:50:55.000000",1.0,5.0,1.0,N,238.0,234.0,1.0,18.0,0.5,0.5,2.18,0.0,0.3,23.98,2.5
2.0,"2019-08-05 05:37:02.000000","2019-08-05 05:52:58.000000",4.0,4.41,1.0,N,238.0,234.0,1.0,16.0,0.5,0.5,2.57,0.0,0.3,22.37,2.5
2.0,"2019-08-05 05:37:34.000000","2019-08-05 05:57:12.000000",1.0,4.38,1.0,N,238.0,234.0,1.0,17.0,0.5,0.5,3.0,0.0,0.3,23.8,2.5
1.0,"2019-08-05 06:55:13.000000","2019-08-05 07:09:06.000000",1.0,3.9,1.0,N,238.0,234.0,1.0,13.5,2.5,0.5,1.5,0.0,0.3,18.3,2.5
2.0,"2019-08-05 06:54:38.000000","2019-08-05 07:17:13.000000",1.0,5.27,1.0,N,238.0,234.0,1.0,19.5,0.0,0.5,4.56,0.0,0.3,27.36,2.5
1.0,"2019-08-05 07:14:48.000000","2019-08-05 07:36:28.000000",0.0,5.3,1.0,N,238.0,234.0,1.0,20.0,2.5,0.5,4.65,0.0,0.3,27.95,2.5
2.0,"2019-08-05 08:11:46.000000","2019-08-05 08:38:13.000000",2.0,3.75,1.0,N,238.0,234.0,1.0,18.5,0.0,0.5,2.0,0.0,0.3,23.8,2.5
2.0,"2019-08-05 08:19:02.000000","2019-08-05 08:42:14.000000",1.0,3.98,1.0,N,238.0,234.0,1.0,17.5,0.0,0.5,4.0,0.0,0.3,24.8,2.5
2.0,"2019-08-05 12:58:07.000000","2019-08-05 13:16:37.000000",1.0,4.5,1.0,N,238.0,234.0,2.0,16.5,0.0,0.5,0.0,0.0,0.3,19.8,2.5
2.0,"2019-08-05 11:59:35.000000","2019-08-05 12:32:19.000000",1.0,4.13,1.0,N,238.0,234.0,1.0,21.5,0.0,0.5,4.0,0.0,0.3,28.8,2.5
2.0,"2019-08-05 12:56:57.000000","2019-08-05 13:21:15.000000",1.0,4.94,1.0,N,238.0,234.0,2.0,20.5,0.0,0.5,0.0,0.0,0.3,23.8,2.5
2.0,"2019-08-05 14:26:09.000000","2019-08-05 14:48:07.000000",1.0,5.65,1.0,N,238.0,234.0,2.0,20.5,0.0,0.5,0.0,0.0,0.3,23.8,2.5
2.0,"2019-08-05 15:40:47.000000","2019-08-05 16:06:31.000000",4.0,5.11,1.0,N,238.0,234.0,1.0,21.5,0.0,0.5,4.0,0.0,0.3,28.8,2.5
1.0,"2019-08-05 16:27:56.000000","2019-08-05 16:49:50.000000",1.0,3.9,1.0,N,238.0,234.0,1.0,17.5,3.5,0.5,6.5,0.0,0.3,28.3,2.5
2.0,"2019-08-05 18:49:09.000000","2019-08-05 19:15:15.000000",1.0,4.91,1.0,N,238.0,234.0,1.0,21.0,1.0,0.5,6.32,0.0,0.3,31.62,2.5
1.0,"2019-08-06 05:53:57.000000","2019-08-06 06:11:54.000000",1.0,4.3,1.0,N,238.0,234.0,2.0,16.5,2.5,0.5,0.0,0.0,0.3,19.8,2.5
2.0,"2019-08-06 05:39:46.000000","2019-08-06 05:51:44.000000",5.0,4.4,1.0,N,238.0,234.0,1.0,14.5,0.5,0.5,2.38,0.0,0.3,20.68,2.5
2.0,"2019-08-06 07:27:55.000000","2019-08-06 07:45:48.000000",1.0,3.78,1.0,N,238.0,234.0,1.0,15.0,0.0,0.5,2.5,0.0,0.3,20.8,2.5
2.0,"2019-08-06 07:00:01.000000","2019-08-06 07:20:24.000000",1.0,4.34,1.0,N,238.0,234.0,1.0,17.0,0.0,0.5,4.06,0.0,0.3,24.36,2.5
2.0,"2019-08-06 07:31:22.000000","2019-08-06 07:50:12.000000",2.0,4.26,1.0,N,238.0,234.0,1.0,16.0,0.0,0.5,4.82,0.0,0.3,24.12,2.5
1.0,"2019-08-06 07:59:19.000000","2019-08-06 08:19:13.000000",1.0,4.2,1.0,N,238.0,234.0,1.0,16.0,2.5,0.5,4.83,0.0,0.3,24.13,2.5
1.0,"2019-08-06 07:23:02.000000","2019-08-06 07:41:15.000000",1.0,4.4,1.0,N,238.0,234.0,1.0,16.5,2.5,0.5,1.98,0.0,0.3,21.78,2.5
2.0,"2019-08-06 08:31:04.000000","2019-08-06 09:04:49.000000",5.0,4.18,1.0,N,238.0,234.0,1.0,22.0,0.0,0.5,4.0,0.0,0.3,29.3,2.5
2.0,"2019-08-06 08:42:03.000000","2019-08-06 09:10:58.000000",4.0,4.31,1.0,N,238.0,234.0,1.0,20.0,0.0,0.5,2.5,0.0,0.3,25.8,2.5
2.0,"2019-08-06 09:02:10.000000","2019-08-06 09:35:29.000000",1.0,4.45,1.0,N,238.0,234.0,1.0,22.0,0.0,0.5,5.06,0.0,0.3,30.36,2.5
1.0,"2019-08-06 11:28:22.000000","2019-08-06 11:58:45.000000",1.0,5.1,1.0,N,238.0,234.0,1.0,22.5,2.5,0.5,5.15,0.0,0.3,30.95,2.5
1.0,"2019-08-06 12:02:54.000000","2019-08-06 12:40:34.000000",1.0,4.0,1.0,N,238.0,234.0,1.0,23.5,2.5,0.5,2.0,0.0,0.3,28.8,2.5
1.0,"2019-08-06 12:06:13.000000","2019-08-06 12:32:45.000000",1.0,4.6,1.0,N,238.0,234.0,1.0,20.5,2.5,0.5,4.0,0.0,0.3,27.8,2.5
2.0,"2019-08-06 12:44:16.000000","2019-08-06 13:08:15.000000",1.0,5.52,1.0,N,238.0,234.0,1.0,21.5,0.0,0.5,6.2,0.0,0.3,31.0,2.5
2.0,"2019-08-06 13:28:48.000000","2019-08-06 13:54:52.000000",1.0,4.93,1.0,N,238.0,234.0,1.0,20.5,0.0,0.5,2.2,0.0,0.3,26.0,2.5
2.0,"2019-08-06 15:01:27.000000","2019-08-06 15:27:20.000000",1.0,4.91,1.0,N,238.0,234.0,1.0,20.0,0.0,0.5,4.66,0.0,0.3,27.96,2.5
1.0,"2019-08-06 15:53:50.000000","2019-08-06 16:13:28.000000",1.0,4.8,1.0,N,238.0,234.0,1.0,17.5,2.5,0.5,6.2,0.0,0.3,27.0,2.5
2.0,"2019-08-06 17:58:25.000000","2019-08-06 18:41:55.000000",1.0,4.45,1.0,N,238.0,234.0,1.0,27.5,1.0,0.5,6.36,0.0,0.3,38.16,2.5
2.0,"2019-08-06 18:28:28.000000","2019-08-06 18:48:42.000000",1.0,4.47,1.0,N,238.0,234.0,2.0,17.5,1.0,0.5,0.0,0.0,0.3,21.8,2.5
2.0,"2019-08-06 18:24:08.000000","2019-08-06 18:53:14.000000",1.0,4.35,1.0,N,238.0,234.0,1.0,21.0,1.0,0.5,6.33,0.0,0.3,31.63,2.5
1.0,"2019-08-06 19:11:34.000000","2019-08-06 19:34:30.000000",0.0,5.0,1.0,N,238.0,234.0,1.0,20.0,3.5,0.5,4.86,0.0,0.3,29.16,2.5
2.0,"2019-08-06 20:16:39.000000","2019-08-06 20:35:06.000000",1.0,4.83,1.0,N,238.0,234.0,1.0,18.0,0.5,0.5,2.0,0.0,0.3,23.8,2.5
2.0,"2019-08-07 05:41:53.000000","2019-08-07 05:54:42.000000",2.0,4.46,1.0,N,238.0,234.0,1.0,15.0,0.5,0.5,2.44,0.0,0.3,21.24,2.5
2.0,"2019-08-07 05:37:08.000000","2019-08-07 05:53:04.000000",6.0,4.43,1.0,N,238.0,234.0,1.0,16.0,0.5,0.5,3.0,0.0,0.3,22.8,2.5
2.0,"2019-08-07 06:23:39.000000","2019-08-07 06:42:00.000000",1.0,4.27,1.0,N,238.0,234.0,1.0,16.0,0.0,0.5,3.86,0.0,0.3,23.16,2.5
1.0,"2019-08-07 07:39:12.000000","2019-08-07 07:59:44.000000",1.0,4.3,1.0,N,238.0,234.0,1.0,17.0,2.5,0.5,2.03,0.0,0.3,22.33,2.5
2.0,"2019-08-07 07:27:28.000000","2019-08-07 07:49:37.000000",1.0,4.48,1.0,N,238.0,234.0,1.0,18.0,0.0,0.5,3.2,0.0,0.3,26.45,2.5
1.0,"2019-08-07 08:44:35.000000","2019-08-07 09:15:29.000000",1.0,4.7,1.0,N,238.0,234.0,1.0,22.0,2.5,0.5,3.0,0.0,0.3,28.3,2.5
2.0,"2019-08-07 08:59:01.000000","2019-08-07 09:31:49.000000",1.0,4.44,1.0,N,238.0,234.0,1.0,22.0,0.0,0.5,0.0,0.0,0.3,25.3,2.5
2.0,"2019-08-07 08:22:25.000000","2019-08-07 08:47:05.000000",1.0,5.69,1.0,N,238.0,234.0,1.0,21.0,0.0,0.5,4.86,0.0,0.3,29.16,2.5
2.0,"2019-08-07 08:34:53.000000","2019-08-07 09:06:24.000000",1.0,4.3,1.0,N,238.0,234.0,1.0,21.5,0.0,0.5,2.5,0.0,0.3,27.3,2.5
1.0,"2019-08-07 08:57:38.000000","2019-08-07 09:23:43.000000",1.0,5.7,1.0,N,238.0,234.0,1.0,21.5,3.0,0.5,4.0,0.0,0.3,29.3,2.5
2.0,"2019-08-07 09:06:23.000000","2019-08-07 09:28:23.000000",1.0,3.82,1.0,N,238.0,234.0,1.0,17.0,0.0,0.5,2.03,0.0,0.3,22.33,2.5
2.0,"2019-08-07 10:50:05.000000","2019-08-07 11:21:28.000000",1.0,5.8,1.0,N,238.0,234.0,1.0,24.0,0.0,0.5,1.0,0.0,0.3,28.3,2.5
2.0,"2019-08-07 10:40:04.000000","2019-08-07 11:14:00.000000",2.0,4.16,1.0,N,238.0,234.0,1.0,22.5,0.0,0.5,5.16,0.0,0.3,30.96,2.5
2.0,"2019-08-07 10:17:55.000000","2019-08-07 10:49:58.000000",1.0,4.18,1.0,N,238.0,234.0,2.0,21.0,0.0,0.5,0.0,0.0,0.3,24.3,2.5
2.0,"2019-08-07 11:56:21.000000","2019-08-07 12:22:18.000000",5.0,4.69,1.0,N,238.0,234.0,1.0,20.0,0.0,0.5,0.0,0.0,0.3,23.3,2.5
2.0,"2019-08-07 11:34:39.000000","2019-08-07 12:04:35.000000",1.0,5.99,1.0,N,238.0,234.0,1.0,24.5,0.0,0.5,8.34,0.0,0.3,36.14,2.5
2.0,"2019-08-07 12:15:05.000000","2019-08-07 12:50:24.000000",1.0,4.6,1.0,N,238.0,234.0,1.0,23.5,0.0,0.5,5.36,0.0,0.3,32.16,2.5
2.0,"2019-08-07 12:02:07.000000","2019-08-07 12:38:35.000000",1.0,4.65,1.0,N,238.0,234.0,1.0,24.5,0.0,0.5,2.0,0.0,0.3,29.8,2.5
2.0,"2019-08-07 13:38:47.000000","2019-08-07 14:03:36.000000",1.0,4.93,1.0,N,238.0,234.0,1.0,20.5,0.0,0.5,5.95,0.0,0.3,29.75,2.5
1.0,"2019-08-07 15:43:02.000000","2019-08-07 16:05:41.000000",1.0,5.3,1.0,N,238.0,234.0,1.0,20.0,3.5,0.5,6.05,0.0,0.3,30.35,2.5
2.0,"2019-08-07 16:12:48.000000","2019-08-07 17:01:07.000000",1.0,7.26,1.0,N,238.0,234.0,1.0,32.5,1.0,0.5,4.0,0.0,0.3,40.8,2.5
2.0,"2019-08-07 17:39:09.000000","2019-08-07 18:20:04.000000",1.0,4.64,1.0,N,238.0,234.0,1.0,26.0,1.0,0.5,6.06,0.0,0.3,38.31,2.5
1.0,"2019-08-07 18:14:04.000000","2019-08-07 18:59:17.000000",1.0,3.9,1.0,N,238.0,234.0,1.0,27.5,3.5,0.5,1.0,0.0,0.3,32.8,2.5
2.0,"2019-08-07 17:57:59.000000","2019-08-07 18:36:34.000000",1.0,4.3,1.0,N,238.0,234.0,1.0,24.5,1.0,0.5,5.76,0.0,0.3,34.56,2.5
2.0,"2019-08-07 18:50:07.000000","2019-08-07 19:25:25.000000",6.0,5.75,1.0,N,238.0,234.0,1.0,25.0,1.0,0.5,2.0,0.0,0.3,31.3,2.5
1.0,"2019-08-07 19:53:56.000000","2019-08-07 20:23:49.000000",1.0,4.6,1.0,N,238.0,234.0,1.0,21.0,3.0,0.5,0.0,0.0,0.3,24.8,2.5
2.0,"2019-08-07 20:16:03.000000","2019-08-07 20:40:09.000000",1.0,3.92,1.0,N,238.0,234.0,1.0,17.5,0.5,0.5,4.26,0.0,0.3,25.56,2.5
2.0,"2019-08-07 22:35:49.000000","2019-08-07 22:56:08.000000",3.0,3.74,1.0,N,238.0,234.0,1.0,15.5,0.5,0.5,3.86,0.0,0.3,23.16,2.5
1.0,"2019-08-08 05:30:06.000000","2019-08-08 05:40:19.000000",1.0,4.3,1.0,N,238.0,234.0,2.0,13.5,3.0,0.5,0.0,0.0,0.3,17.3,2.5
2.0,"2019-08-08 05:40:18.000000","2019-08-08 05:55:50.000000",5.0,4.38,1.0,N,238.0,234.0,1.0,15.5,0.5,0.5,2.51,0.0,0.3,21.81,2.5
1.0,"2019-08-08 06:31:03.000000","2019-08-08 06:46:15.000000",1.0,3.9,1.0,N,238.0,234.0,1.0,14.5,3.0,0.5,3.66,0.0,0.3,21.96,2.5
2.0,"2019-08-08 07:07:10.000000","2019-08-08 07:24:23.000000",1.0,4.42,1.0,N,238.0,234.0,1.0,16.0,0.0,0.5,2.0,0.0,0.3,21.3,2.5
1.0,"2019-08-08 08:37:13.000000","2019-08-08 09:05:00.000000",1.0,4.7,1.0,N,238.0,234.0,1.0,19.5,2.5,0.5,2.5,0.0,0.3,25.3,2.5
2.0,"2019-08-08 08:06:52.000000","2019-08-08 08:33:46.000000",1.0,4.17,1.0,N,238.0,234.0,1.0,19.5,0.0,0.5,4.56,0.0,0.3,27.36,2.5
2.0,"2019-08-08 09:16:39.000000","2019-08-08 09:45:02.000000",1.0,4.18,1.0,N,238.0,234.0,1.0,19.5,0.0,0.5,5.7,0.0,0.3,28.5,2.5
2.0,"2019-08-08 10:48:33.000000","2019-08-08 11:10:03.000000",2.0,4.59,1.0,N,238.0,234.0,1.0,17.0,0.0,0.5,6.09,0.0,0.3,26.39,2.5
2.0,"2019-08-08 13:15:47.000000","2019-08-08 13:49:57.000000",1.0,4.23,1.0,N,238.0,234.0,1.0,22.0,0.0,0.5,5.06,0.0,0.3,30.36,2.5
2.0,"2019-08-08 13:34:16.000000","2019-08-08 14:05:45.000000",1.0,4.03,1.0,N,238.0,234.0,1.0,21.0,0.0,0.5,6.08,0.0,0.3,30.38,2.5
2.0,"2019-08-08 17:45:02.000000","2019-08-08 18:18:12.000000",1.0,5.03,1.0,N,238.0,234.0,2.0,23.5,1.0,0.5,0.0,0.0,0.3,27.8,2.5
2.0,"2019-08-08 18:16:19.000000","2019-08-08 18:54:23.000000",1.0,4.9,1.0,N,238.0,234.0,2.0,25.5,1.0,0.5,0.0,0.0,0.3,29.8,2.5
1.0,"2019-08-08 18:22:51.000000","2019-08-08 19:00:42.000000",1.0,3.9,1.0,N,238.0,234.0,1.0,24.0,3.5,0.5,4.2,0.0,0.3,32.5,2.5
2.0,"2019-08-08 18:45:38.000000","2019-08-08 19:23:59.000000",1.0,4.09,1.0,N,238.0,234.0,1.0,24.5,1.0,0.5,4.0,0.0,0.3,32.8,2.5
2.0,"2019-08-08 23:19:31.000000","2019-08-08 23:37:41.000000",1.0,4.0,1.0,N,238.0,234.0,1.0,15.5,0.5,0.5,3.86,0.0,0.3,23.16,2.5
2.0,"2019-08-09 05:42:36.000000","2019-08-09 05:58:48.000000",1.0,4.43,1.0,N,238.0,234.0,1.0,16.0,0.5,0.5,2.57,0.0,0.3,22.37,2.5
2.0,"2019-08-09 05:29:10.000000","2019-08-09 05:44:56.000000",2.0,4.23,1.0,N,238.0,234.0,2.0,15.5,0.5,0.5,0.0,0.0,0.3,19.3,2.5
2.0,"2019-08-09 05:38:40.000000","2019-08-09 05:52:10.000000",1.0,4.58,1.0,N,238.0,234.0,1.0,15.5,0.5,0.5,3.86,0.0,0.3,23.16,2.5
2.0,"2019-08-09 06:28:40.000000","2019-08-09 06:48:24.000000",1.0,4.27,1.0,N,238.0,234.0,1.0,17.5,0.0,0.5,4.16,0.0,0.3,24.96,2.5
2.0,"2019-08-09 07:23:10.000000","2019-08-09 07:41:05.000000",1.0,4.34,1.0,N,238.0,234.0,1.0,16.0,0.0,0.5,2.0,0.0,0.3,21.3,2.5
2.0,"2019-08-09 07:30:05.000000","2019-08-09 07:48:06.000000",2.0,4.37,1.0,N,238.0,234.0,1.0,15.5,0.0,0.5,2.0,0.0,0.3,20.8,2.5
2.0,"2019-08-09 09:31:33.000000","2019-08-09 09:56:20.000000",1.0,3.98,1.0,N,238.0,234.0,1.0,17.5,0.0,0.5,4.16,0.0,0.3,24.96,2.5
2.0,"2019-08-09 11:22:53.000000","2019-08-09 11:48:00.000000",1.0,5.2,1.0,N,238.0,234.0,2.0,20.5,0.0,0.5,0.0,0.0,0.3,23.8,2.5
2.0,"2019-08-09 11:15:58.000000","2019-08-09 11:47:36.000000",1.0,5.49,1.0,N,238.0,234.0,1.0,24.0,0.0,0.5,3.0,0.0,0.3,30.3,2.5
2.0,"2019-08-09 12:26:04.000000","2019-08-09 13:10:05.000000",1.0,4.83,1.0,N,238.0,234.0,2.0,26.5,0.0,0.5,0.0,0.0,0.3,29.8,2.5
2.0,"2019-08-09 12:31:38.000000","2019-08-09 13:01:12.000000",1.0,4.35,1.0,N,238.0,234.0,2.0,21.0,0.0,0.5,0.0,0.0,0.3,24.3,2.5
2.0,"2019-08-09 13:31:16.000000","2019-08-09 13:56:01.000000",1.0,4.34,1.0,N,238.0,234.0,1.0,18.5,0.0,0.5,4.36,0.0,0.3,26.16,2.5
2.0,"2019-08-09 15:22:48.000000","2019-08-09 16:05:32.000000",1.0,4.91,1.0,N,238.0,234.0,1.0,27.0,0.0,0.5,5.0,0.0,0.3,35.3,2.5
2.0,"2019-08-09 17:57:45.000000","2019-08-09 18:39:02.000000",1.0,4.69,1.0,N,238.0,234.0,1.0,26.5,1.0,0.5,6.16,0.0,0.3,36.96,2.5
2.0,"2019-08-09 17:45:55.000000","2019-08-09 18:42:10.000000",1.0,7.58,1.0,N,238.0,234.0,1.0,31.0,1.0,0.5,8.82,0.0,0.3,44.12,2.5
2.0,"2019-08-09 20:29:22.000000","2019-08-09 20:46:15.000000",3.0,3.95,1.0,N,238.0,234.0,1.0,14.5,0.5,0.5,3.66,0.0,0.3,21.96,2.5
1.0,"2019-08-09 22:06:06.000000","2019-08-09 22:28:49.000000",1.0,4.4,1.0,N,238.0,234.0,1.0,18.0,3.0,0.5,3.0,0.0,0.3,24.8,2.5
2.0,"2019-08-10 00:13:03.000000","2019-08-10 00:32:51.000000",5.0,4.44,1.0,N,238.0,234.0,1.0,17.0,0.5,0.5,5.2,0.0,0.3,26.0,2.5
2.0,"2019-08-10 01:51:59.000000","2019-08-10 02:03:54.000000",1.0,4.32,1.0,N,238.0,234.0,1.0,14.0,0.5,0.5,3.56,0.0,0.3,21.36,2.5
2.0,"2019-08-10 06:59:56.000000","2019-08-10 07:12:16.000000",2.0,4.21,1.0,N,238.0,234.0,1.0,14.0,0.0,0.5,2.0,0.0,0.3,19.3,2.5
2.0,"2019-08-10 09:35:18.000000","2019-08-10 09:58:36.000000",4.0,5.26,1.0,N,238.0,234.0,1.0,21.0,0.0,0.5,4.86,0.0,0.3,29.16,2.5
2.0,"2019-08-10 10:23:23.000000","2019-08-10 10:47:41.000000",2.0,4.72,1.0,N,238.0,234.0,1.0,19.5,0.0,0.5,4.56,0.0,0.3,27.36,2.5
2.0,"2019-08-10 10:35:08.000000","2019-08-10 10:56:24.000000",1.0,4.43,1.0,N,238.0,234.0,1.0,17.5,0.0,0.5,5.2,0.0,0.3,26.0,2.5
2.0,"2019-08-10 10:16:44.000000","2019-08-10 10:39:11.000000",1.0,4.18,1.0,N,238.0,234.0,1.0,17.0,0.0,0.5,3.04,0.0,0.3,23.34,2.5
2.0,"2019-08-10 11:21:05.000000","2019-08-10 11:39:12.000000",2.0,3.79,1.0,N,238.0,234.0,2.0,15.0,0.0,0.5,0.0,0.0,0.3,18.3,2.5
1.0,"2019-08-10 12:47:59.000000","2019-08-10 13:11:13.000000",1.0,4.2,1.0,N,238.0,234.0,1.0,18.0,2.5,0.5,1.11,0.0,0.3,22.41,2.5
1.0,"2019-08-10 13:50:28.000000","2019-08-10 14:08:39.000000",1.0,5.3,1.0,N,238.0,234.0,1.0,18.5,2.5,0.5,0.0,0.0,0.3,21.8,2.5
2.0,"2019-08-10 14:55:52.000000","2019-08-10 15:21:17.000000",1.0,4.96,1.0,N,238.0,234.0,1.0,20.0,0.0,0.5,2.0,0.0,0.3,25.3,2.5
2.0,"2019-08-10 15:18:06.000000","2019-08-10 15:45:35.000000",1.0,4.69,1.0,N,238.0,234.0,2.0,20.5,0.0,0.5,0.0,0.0,0.3,23.8,2.5
2.0,"2019-08-10 16:24:57.000000","2019-08-10 16:51:10.000000",1.0,5.9,1.0,N,238.0,234.0,1.0,22.5,0.0,0.5,1.2,0.0,0.3,27.0,2.5
1.0,"2019-08-10 19:30:40.000000","2019-08-10 19:49:36.000000",2.0,4.8,1.0,N,238.0,234.0,1.0,18.0,2.5,0.5,4.26,0.0,0.3,25.56,2.5
2.0,"2019-08-10 21:17:03.000000","2019-08-10 21:48:07.000000",1.0,5.45,1.0,N,238.0,234.0,1.0,22.5,0.5,0.5,5.26,0.0,0.3,31.56,2.5
1.0,"2019-08-10 22:08:09.000000","2019-08-10 22:25:18.000000",1.0,4.0,1.0,N,238.0,234.0,1.0,15.5,3.0,0.5,3.86,0.0,0.3,23.16,2.5
1.0,"2019-08-10 22:41:45.000000","2019-08-10 23:02:25.000000",1.0,4.4,1.0,N,238.0,234.0,1.0,17.5,3.0,0.5,4.25,0.0,0.3,25.55,2.5
2.0,"2019-08-10 21:58:48.000000","2019-08-10 22:23:25.000000",1.0,4.95,1.0,N,238.0,234.0,1.0,19.5,0.5,0.5,4.66,0.0,0.3,27.96,2.5
1.0,"2019-08-11 00:11:19.000000","2019-08-11 00:28:25.000000",1.0,3.5,1.0,N,238.0,234.0,2.0,14.0,3.0,0.5,0.0,0.0,0.3,17.8,2.5
1.0,"2019-08-11 01:10:26.000000","2019-08-11 01:22:09.000000",1.0,3.6,1.0,N,238.0,234.0,1.0,12.5,3.0,0.5,3.26,0.0,0.3,19.56,2.5
2.0,"2019-08-11 09:06:33.000000","2019-08-11 09:24:15.000000",1.0,3.99,1.0,N,238.0,234.0,1.0,15.5,0.0,0.5,3.76,0.0,0.3,22.56,2.5
1.0,"2019-08-11 10:59:29.000000","2019-08-11 11:23:45.000000",1.0,5.1,1.0,N,238.0,234.0,1.0,19.5,2.5,0.5,4.55,0.0,0.3,27.35,2.5
2.0,"2019-08-11 11:04:26.000000","2019-08-11 11:28:25.000000",3.0,5.79,1.0,N,238.0,234.0,1.0,21.0,0.0,0.5,4.86,0.0,0.3,29.16,2.5
2.0,"2019-08-11 12:41:23.000000","2019-08-11 13:15:14.000000",1.0,5.63,1.0,N,238.0,234.0,1.0,24.0,0.0,0.5,5.46,0.0,0.3,32.76,2.5
2.0,"2019-08-11 13:07:07.000000","2019-08-11 13:23:17.000000",1.0,4.06,1.0,N,238.0,234.0,1.0,15.0,0.0,0.5,2.74,0.0,0.3,21.04,2.5
1.0,"2019-08-11 13:28:39.000000","2019-08-11 13:52:07.000000",2.0,4.9,1.0,N,238.0,234.0,1.0,20.0,2.5,0.5,4.19,0.0,0.3,27.49,2.5
2.0,"2019-08-11 13:00:24.000000","2019-08-11 13:21:41.000000",1.0,4.76,1.0,N,238.0,234.0,1.0,18.5,0.0,0.5,4.36,0.0,0.3,26.16,2.5
2.0,"2019-08-11 13:30:40.000000","2019-08-11 13:53:37.000000",1.0,4.66,1.0,N,238.0,234.0,1.0,19.0,0.0,0.5,4.46,0.0,0.3,26.76,2.5
1.0,"2019-08-11 16:07:08.000000","2019-08-11 16:50:37.000000",1.0,5.7,1.0,N,238.0,234.0,1.0,29.0,2.5,0.5,8.05,0.0,0.3,40.35,2.5
2.0,"2019-08-11 17:10:47.000000","2019-08-11 17:41:51.000000",1.0,5.12,1.0,N,238.0,234.0,1.0,22.5,0.0,0.5,5.16,0.0,0.3,30.96,2.5
2.0,"2019-08-11 17:29:21.000000","2019-08-11 17:51:44.000000",2.0,4.37,1.0,N,238.0,234.0,1.0,18.0,0.0,0.5,4.26,0.0,0.3,25.56,2.5
1.0,"2019-08-11 19:15:36.000000","2019-08-11 19:33:50.000000",1.0,4.3,1.0,Y,238.0,234.0,1.0,16.5,2.5,0.5,2.0,0.0,0.3,21.8,2.5
2.0,"2019-08-11 19:34:56.000000","2019-08-11 19:51:52.000000",1.0,5.72,1.0,N,238.0,234.0,1.0,19.0,0.0,0.5,4.46,0.0,0.3,26.76,2.5
2.0,"2019-08-12 06:22:47.000000","2019-08-12 06:37:21.000000",1.0,4.24,1.0,N,238.0,234.0,1.0,15.0,0.0,0.5,3.66,0.0,0.3,21.96,2.5
2.0,"2019-08-12 06:02:54.000000","2019-08-12 06:14:42.000000",1.0,3.87,1.0,N,238.0,234.0,1.0,13.5,0.0,0.5,1.0,0.0,0.3,17.8,2.5
2.0,"2019-08-12 05:54:50.000000","2019-08-12 06:09:45.000000",3.0,4.39,1.0,N,238.0,234.0,1.0,15.5,0.0,0.5,2.44,0.0,0.3,21.24,2.5
1.0,"2019-08-12 07:45:47.000000","2019-08-12 08:05:26.000000",1.0,4.1,1.0,N,238.0,234.0,1.0,16.5,2.5,0.5,3.0,0.0,0.3,22.8,2.5
2.0,"2019-08-12 07:33:39.000000","2019-08-12 07:51:38.000000",1.0,4.0,1.0,N,238.0,234.0,1.0,15.5,0.0,0.5,2.82,0.0,0.3,21.62,2.5
2.0,"2019-08-12 07:23:17.000000","2019-08-12 07:40:03.000000",2.0,5.47,1.0,N,238.0,234.0,1.0,18.5,0.0,0.5,4.36,0.0,0.3,26.16,2.5
1.0,"2019-08-12 07:37:04.000000","2019-08-12 07:55:44.000000",1.0,4.2,1.0,N,238.0,234.0,1.0,16.0,2.5,0.5,2.0,0.0,0.3,21.3,2.5
1.0,"2019-08-12 08:04:33.000000","2019-08-12 08:30:19.000000",1.0,4.6,1.0,N,238.0,234.0,1.0,19.5,2.5,0.5,4.0,0.0,0.3,26.8,2.5
2.0,"2019-08-12 08:21:05.000000","2019-08-12 08:45:03.000000",1.0,3.8,1.0,N,238.0,234.0,1.0,17.5,0.0,0.5,5.2,0.0,0.3,26.0,2.5
1.0,"2019-08-12 09:18:17.000000","2019-08-12 09:45:52.000000",1.0,3.6,1.0,N,238.0,234.0,1.0,18.5,2.5,0.5,4.36,0.0,0.3,26.16,2.5
2.0,"2019-08-12 09:21:09.000000","2019-08-12 09:50:07.000000",1.0,4.49,1.0,N,238.0,234.0,1.0,20.0,0.0,0.5,2.33,0.0,0.3,27.58,2.5
2.0,"2019-08-12 09:15:07.000000","2019-08-12 09:33:42.000000",1.0,4.72,1.0,N,238.0,234.0,1.0,17.0,0.0,0.5,2.03,0.0,0.3,22.33,2.5
1.0,"2019-08-12 09:20:36.000000","2019-08-12 09:53:35.000000",2.0,3.9,1.0,N,238.0,234.0,1.0,22.0,2.5,0.5,4.0,0.0,0.3,29.3,2.5
2.0,"2019-08-12 10:15:11.000000","2019-08-12 10:49:13.000000",1.0,4.66,1.0,N,238.0,234.0,1.0,23.0,0.0,0.5,5.26,0.0,0.3,31.56,2.5
2.0,"2019-08-12 10:48:38.000000","2019-08-12 11:18:27.000000",1.0,4.82,1.0,N,238.0,234.0,2.0,20.5,0.0,0.5,0.0,0.0,0.3,23.8,2.5
2.0,"2019-08-12 11:45:39.000000","2019-08-12 12:17:09.000000",2.0,5.86,1.0,N,238.0,234.0,2.0,23.0,0.0,0.5,0.0,0.0,0.3,26.3,2.5
1.0,"2019-08-12 12:06:48.000000","2019-08-12 12:37:58.000000",1.0,4.4,1.0,N,238.0,234.0,2.0,21.5,2.5,0.5,0.0,0.0,0.3,24.8,2.5
2.0,"2019-08-12 13:21:27.000000","2019-08-12 13:48:55.000000",3.0,3.95,1.0,N,238.0,234.0,1.0,19.0,0.0,0.5,4.46,0.0,0.3,26.76,2.5
1.0,"2019-08-12 13:27:01.000000","2019-08-12 13:49:19.000000",1.0,3.6,1.0,N,238.0,234.0,1.0,16.5,2.5,0.5,3.95,0.0,0.3,23.75,2.5
1.0,"2019-08-12 15:58:46.000000","2019-08-12 16:17:51.000000",2.0,3.6,1.0,N,238.0,234.0,1.0,15.0,3.5,0.5,3.85,0.0,0.3,23.15,2.5
2.0,"2019-08-12 15:13:36.000000","2019-08-12 15:36:52.000000",1.0,4.66,1.0,N,238.0,234.0,1.0,18.5,0.0,0.5,3.27,0.0,0.3,25.07,2.5
1.0,"2019-08-12 17:26:27.000000","2019-08-12 17:47:18.000000",2.0,5.8,1.0,N,238.0,234.0,1.0,21.0,3.5,0.5,2.0,0.0,0.3,27.3,2.5
2.0,"2019-08-12 18:06:21.000000","2019-08-12 18:31:23.000000",3.0,5.4,1.0,N,238.0,234.0,1.0,21.0,1.0,0.5,4.0,0.0,0.3,29.3,2.5
2.0,"2019-08-12 20:23:04.000000","2019-08-12 20:40:14.000000",2.0,4.38,1.0,N,238.0,234.0,1.0,16.0,0.5,0.5,3.96,0.0,0.3,23.76,2.5
2.0,"2019-08-12 21:21:49.000000","2019-08-12 21:41:17.000000",1.0,4.07,1.0,N,238.0,234.0,1.0,16.5,0.5,0.5,4.06,0.0,0.3,24.36,2.5
1.0,"2019-08-12 21:04:50.000000","2019-08-12 21:28:28.000000",1.0,5.1,1.0,Y,238.0,234.0,1.0,20.0,3.0,0.5,3.0,0.0,0.3,26.8,2.5
1.0,"2019-08-13 05:46:07.000000","2019-08-13 06:00:12.000000",1.0,4.3,1.0,N,238.0,234.0,2.0,15.0,3.0,0.5,0.0,0.0,0.3,18.8,2.5
2.0,"2019-08-13 05:48:53.000000","2019-08-13 06:05:18.000000",6.0,4.48,1.0,N,238.0,234.0,1.0,16.0,0.5,0.5,2.57,0.0,0.3,22.37,2.5
1.0,"2019-08-13 07:53:15.000000","2019-08-13 08:16:29.000000",1.0,3.7,1.0,N,238.0,234.0,1.0,17.0,2.5,0.5,4.05,0.0,0.3,24.35,2.5
2.0,"2019-08-13 07:46:04.000000","2019-08-13 08:07:24.000000",1.0,4.43,1.0,N,238.0,234.0,1.0,17.0,0.0,0.5,2.0,0.0,0.3,22.3,2.5
2.0,"2019-08-13 08:16:56.000000","2019-08-13 08:40:28.000000",1.0,4.18,1.0,N,238.0,234.0,1.0,17.5,0.0,0.5,4.16,0.0,0.3,24.96,2.5
2.0,"2019-08-13 08:06:35.000000","2019-08-13 08:29:58.000000",4.0,4.08,1.0,N,238.0,234.0,1.0,17.5,0.0,0.5,4.16,0.0,0.3,24.96,2.5
2.0,"2019-08-13 08:37:35.000000","2019-08-13 09:04:30.000000",1.0,4.75,1.0,N,238.0,234.0,1.0,20.0,0.0,0.5,2.33,0.0,0.3,25.63,2.5
2.0,"2019-08-13 08:46:07.000000","2019-08-13 09:15:24.000000",3.0,4.81,1.0,N,238.0,234.0,1.0,21.0,0.0,0.5,3.0,0.0,0.3,27.3,2.5
1.0,"2019-08-13 09:17:38.000000","2019-08-13 09:44:18.000000",1.0,4.7,1.0,N,238.0,234.0,1.0,19.5,2.5,0.5,3.5,0.0,0.3,26.3,2.5
1.0,"2019-08-13 09:47:55.000000","2019-08-13 10:19:08.000000",1.0,3.7,1.0,N,238.0,234.0,1.0,20.0,2.5,0.5,3.5,0.0,0.3,26.8,2.5
1.0,"2019-08-13 11:31:15.000000","2019-08-13 12:02:38.000000",1.0,4.2,1.0,N,238.0,234.0,1.0,21.0,2.5,0.5,2.5,0.0,0.3,26.8,2.5
1.0,"2019-08-13 12:47:46.000000","2019-08-13 13:26:44.000000",1.0,4.4,1.0,N,238.0,234.0,1.0,24.5,2.5,0.5,3.0,0.0,0.3,30.8,2.5
2.0,"2019-08-13 12:32:54.000000","2019-08-13 13:05:17.000000",1.0,4.43,1.0,N,238.0,234.0,1.0,22.0,0.0,0.5,1.5,0.0,0.3,26.8,2.5
2.0,"2019-08-13 18:00:51.000000","2019-08-13 18:23:34.000000",6.0,5.03,1.0,N,238.0,234.0,1.0,18.5,1.0,0.5,6.84,0.0,0.3,29.64,2.5
1.0,"2019-08-13 18:41:42.000000","2019-08-13 19:04:13.000000",2.0,6.2,1.0,N,238.0,234.0,1.0,21.5,3.5,0.5,5.15,0.0,0.3,30.95,2.5
2.0,"2019-08-13 18:04:38.000000","2019-08-13 18:28:32.000000",1.0,5.84,1.0,N,238.0,234.0,1.0,22.0,1.0,0.5,2.63,0.0,0.3,28.93,2.5
2.0,"2019-08-13 19:06:18.000000","2019-08-13 19:30:16.000000",1.0,6.09,1.0,N,238.0,234.0,1.0,22.5,1.0,0.5,8.04,0.0,0.3,34.84,2.5
2.0,"2019-08-13 19:35:08.000000","2019-08-13 19:52:14.000000",1.0,5.49,1.0,N,238.0,234.0,1.0,19.0,1.0,0.5,2.5,0.0,0.3,25.8,2.5
2.0,"2019-08-13 20:07:47.000000","2019-08-13 20:27:18.000000",1.0,4.87,1.0,N,238.0,234.0,1.0,18.5,0.5,0.5,2.0,0.0,0.3,24.3,2.5
2.0,"2019-08-13 22:13:00.000000","2019-08-13 22:36:28.000000",1.0,5.15,1.0,N,238.0,234.0,1.0,21.0,0.5,0.5,4.96,0.0,0.3,29.76,2.5
2.0,"2019-08-13 22:56:16.000000","2019-08-13 23:11:54.000000",6.0,4.4,1.0,N,238.0,234.0,1.0,15.0,0.5,0.5,1.0,0.0,0.3,19.8,2.5
2.0,"2019-08-14 05:56:26.000000","2019-08-14 06:12:33.000000",1.0,4.38,1.0,N,238.0,234.0,1.0,16.0,0.5,0.5,2.57,0.0,0.3,22.37,2.5
1.0,"2019-08-14 06:21:03.000000","2019-08-14 06:38:45.000000",1.0,4.2,1.0,N,238.0,234.0,1.0,16.0,2.5,0.5,3.86,0.0,0.3,23.16,2.5
2.0,"2019-08-14 07:51:48.000000","2019-08-14 08:15:10.000000",3.0,4.16,1.0,N,238.0,234.0,1.0,18.0,0.0,0.5,3.5,0.0,0.3,24.8,2.5
2.0,"2019-08-14 07:08:39.000000","2019-08-14 07:24:31.000000",1.0,4.78,1.0,N,238.0,234.0,1.0,16.5,0.0,0.5,3.0,0.0,0.3,22.8,2.5
1.0,"2019-08-14 08:15:53.000000","2019-08-14 08:42:10.000000",1.0,4.8,1.0,N,238.0,234.0,2.0,20.5,2.5,0.5,0.0,0.0,0.3,23.8,2.5
1.0,"2019-08-14 09:23:25.000000","2019-08-14 09:49:47.000000",1.0,5.4,1.0,N,238.0,234.0,1.0,21.5,2.5,0.5,6.2,0.0,0.3,31.0,2.5
2.0,"2019-08-14 09:44:49.000000","2019-08-14 10:17:46.000000",1.0,5.78,1.0,N,238.0,234.0,1.0,26.0,0.0,0.5,4.39,0.0,0.3,35.64,2.5
2.0,"2019-08-14 11:31:29.000000","2019-08-14 12:01:02.000000",1.0,4.26,1.0,N,238.0,234.0,1.0,21.0,0.0,0.5,4.86,0.0,0.3,29.16,2.5
2.0,"2019-08-14 11:22:43.000000","2019-08-14 11:55:52.000000",1.0,4.19,1.0,N,238.0,234.0,1.0,22.0,0.0,0.5,4.0,0.0,0.3,29.3,2.5
1.0,"2019-08-14 13:23:13.000000","2019-08-14 13:49:39.000000",1.0,4.7,1.0,N,238.0,234.0,2.0,20.5,2.5,0.5,0.0,0.0,0.3,23.8,2.5
2.0,"2019-08-14 14:14:03.000000","2019-08-14 14:43:45.000000",1.0,4.27,1.0,N,238.0,234.0,2.0,20.5,0.0,0.5,0.0,0.0,0.3,23.8,2.5
2.0,"2019-08-14 15:10:22.000000","2019-08-14 15:34:58.000000",1.0,4.85,1.0,N,238.0,234.0,1.0,19.5,0.0,0.5,3.0,0.0,0.3,25.8,2.5
2.0,"2019-08-14 15:27:42.000000","2019-08-14 15:45:52.000000",3.0,4.62,1.0,N,238.0,234.0,2.0,16.5,0.0,0.5,0.0,0.0,0.3,19.8,2.5
2.0,"2019-08-14 15:53:32.000000","2019-08-14 16:24:29.000000",2.0,5.86,1.0,N,238.0,234.0,1.0,23.5,0.0,0.5,5.36,0.0,0.3,32.16,2.5
1.0,"2019-08-14 16:35:27.000000","2019-08-14 17:10:26.000000",1.0,5.0,1.0,N,238.0,234.0,1.0,24.0,3.5,0.5,2.0,0.0,0.3,30.3,2.5
1.0,"2019-08-14 17:17:08.000000","2019-08-14 17:51:24.000000",0.0,4.2,1.0,N,238.0,234.0,1.0,22.5,3.5,0.5,5.35,0.0,0.3,32.15,2.5
2.0,"2019-08-14 19:50:41.000000","2019-08-14 20:11:20.000000",1.0,4.83,1.0,N,238.0,234.0,1.0,18.0,1.0,0.5,4.46,0.0,0.3,26.76,2.5
2.0,"2019-08-14 19:28:48.000000","2019-08-14 19:47:52.000000",1.0,4.79,1.0,N,238.0,234.0,1.0,18.5,1.0,0.5,4.57,0.0,0.3,27.37,2.5
2.0,"2019-08-14 20:52:06.000000","2019-08-14 21:10:39.000000",1.0,4.18,1.0,N,238.0,234.0,1.0,15.5,0.5,0.5,2.9,0.0,0.3,22.2,2.5
2.0,"2019-08-14 20:33:04.000000","2019-08-14 20:55:34.000000",6.0,5.2,1.0,N,238.0,234.0,1.0,20.0,0.5,0.5,4.76,0.0,0.3,28.56,2.5
2.0,"2019-08-14 21:19:05.000000","2019-08-14 21:42:28.000000",3.0,4.66,1.0,N,238.0,234.0,1.0,18.5,0.5,0.5,3.0,0.0,0.3,25.3,2.5
2.0,"2019-08-14 23:36:36.000000","2019-08-14 23:57:08.000000",1.0,5.41,1.0,N,238.0,234.0,1.0,19.0,0.5,0.5,4.56,0.0,0.3,27.36,2.5
1.0,"2019-08-14 23:05:51.000000","2019-08-14 23:27:39.000000",1.0,4.8,1.0,N,238.0,234.0,2.0,18.0,3.0,0.5,0.0,0.0,0.3,21.8,2.5
2.0,"2019-08-15 06:46:21.000000","2019-08-15 07:00:01.000000",1.0,4.12,1.0,N,238.0,234.0,1.0,14.5,0.0,0.5,3.56,0.0,0.3,21.36,2.5
2.0,"2019-08-15 07:33:42.000000","2019-08-15 07:54:23.000000",1.0,4.55,1.0,N,238.0,234.0,1.0,17.0,0.0,0.5,4.06,0.0,0.3,24.36,2.5
2.0,"2019-08-15 08:19:38.000000","2019-08-15 08:51:12.000000",1.0,4.11,1.0,N,238.0,234.0,1.0,21.0,0.0,0.5,5.59,0.0,0.3,29.89,2.5
2.0,"2019-08-15 08:10:27.000000","2019-08-15 08:35:37.000000",6.0,4.69,1.0,N,238.0,234.0,1.0,19.5,0.0,0.5,2.28,0.0,0.3,25.08,2.5
2.0,"2019-08-15 08:12:10.000000","2019-08-15 08:37:36.000000",1.0,4.37,1.0,N,238.0,234.0,1.0,19.0,0.0,0.5,3.35,0.0,0.3,25.65,2.5
1.0,"2019-08-15 09:35:42.000000","2019-08-15 10:16:14.000000",1.0,4.1,1.0,N,238.0,234.0,1.0,25.5,2.5,0.5,5.75,0.0,0.3,34.55,2.5
1.0,"2019-08-15 09:19:19.000000","2019-08-15 09:56:17.000000",1.0,3.6,1.0,N,238.0,234.0,1.0,23.0,2.5,0.5,6.58,0.0,0.3,32.88,2.5
1.0,"2019-08-15 10:59:36.000000","2019-08-15 11:29:33.000000",1.0,4.3,1.0,N,238.0,234.0,1.0,20.5,2.5,0.5,2.0,0.0,0.3,25.8,2.5
2.0,"2019-08-15 11:31:46.000000","2019-08-15 12:04:33.000000",2.0,4.47,1.0,N,238.0,234.0,1.0,22.0,0.0,0.5,6.32,0.0,0.3,31.62,2.5
1.0,"2019-08-15 11:27:51.000000","2019-08-15 11:59:31.000000",1.0,4.2,1.0,N,238.0,234.0,1.0,21.5,0.0,0.5,0.0,0.0,0.3,22.3,0.0
2.0,"2019-08-15 11:36:44.000000","2019-08-15 12:04:31.000000",2.0,4.62,1.0,N,238.0,234.0,1.0,21.5,0.0,0.5,4.96,0.0,0.3,29.76,2.5
2.0,"2019-08-15 12:15:26.000000","2019-08-15 12:39:51.000000",1.0,5.8,1.0,N,238.0,234.0,2.0,22.0,0.0,0.5,0.0,0.0,0.3,25.3,2.5
1.0,"2019-08-15 12:57:50.000000","2019-08-15 13:21:53.000000",1.0,5.0,1.0,N,238.0,234.0,1.0,20.0,2.5,0.5,4.65,0.0,0.3,27.95,2.5
2.0,"2019-08-15 15:34:39.000000","2019-08-15 16:03:54.000000",1.0,3.65,1.0,N,238.0,234.0,1.0,19.5,0.0,0.5,2.0,0.0,0.3,24.8,2.5
2.0,"2019-08-15 15:15:54.000000","2019-08-15 15:44:10.000000",1.0,5.22,1.0,N,238.0,234.0,1.0,22.5,0.0,0.5,7.74,0.0,0.3,33.54,2.5
1.0,"2019-08-15 15:31:18.000000","2019-08-15 16:04:15.000000",1.0,4.5,1.0,N,238.0,234.0,1.0,22.5,2.5,0.5,5.15,0.0,0.3,30.95,2.5
2.0,"2019-08-15 18:16:53.000000","2019-08-15 18:47:33.000000",1.0,4.13,1.0,N,238.0,234.0,1.0,20.5,1.0,0.5,3.72,0.0,0.3,28.52,2.5
1.0,"2019-08-15 19:36:52.000000","2019-08-15 19:56:36.000000",1.0,4.9,1.0,N,238.0,234.0,1.0,18.0,3.5,0.5,4.45,0.0,0.3,26.75,2.5
2.0,"2019-08-15 21:25:22.000000","2019-08-15 21:46:58.000000",1.0,4.05,1.0,N,238.0,234.0,1.0,16.5,0.5,0.5,4.06,0.0,0.3,24.36,2.5
2.0,"2019-08-16 05:42:51.000000","2019-08-16 05:57:27.000000",1.0,4.33,1.0,N,238.0,234.0,1.0,15.5,0.5,0.5,2.51,0.0,0.3,21.81,2.5
2.0,"2019-08-16 06:35:46.000000","2019-08-16 06:53:09.000000",5.0,3.83,1.0,N,238.0,234.0,1.0,15.0,0.0,0.5,3.66,0.0,0.3,21.96,2.5
1.0,"2019-08-16 06:45:22.000000","2019-08-16 07:03:06.000000",1.0,4.2,1.0,N,238.0,234.0,1.0,16.0,2.5,0.5,3.86,0.0,0.3,23.16,2.5
1.0,"2019-08-16 07:33:12.000000","2019-08-16 08:00:24.000000",1.0,3.9,1.0,N,238.0,234.0,1.0,19.5,2.5,0.5,5.7,0.0,0.3,28.5,2.5
2.0,"2019-08-16 07:07:23.000000","2019-08-16 07:30:38.000000",1.0,4.79,1.0,N,238.0,234.0,1.0,18.5,0.0,0.5,3.27,0.0,0.3,25.07,2.5
1.0,"2019-08-16 07:50:40.000000","2019-08-16 08:09:55.000000",1.0,4.7,1.0,N,238.0,234.0,2.0,17.0,2.5,0.5,0.0,0.0,0.3,20.3,2.5
2.0,"2019-08-16 08:12:00.000000","2019-08-16 08:35:47.000000",1.0,4.46,1.0,N,238.0,234.0,1.0,18.0,0.0,0.5,2.0,0.0,0.3,23.3,2.5
2.0,"2019-08-16 08:45:03.000000","2019-08-16 09:10:19.000000",4.0,3.97,1.0,N,238.0,234.0,1.0,18.5,0.0,0.5,4.36,0.0,0.3,26.16,2.5
1.0,"2019-08-16 09:54:23.000000","2019-08-16 10:19:39.000000",4.0,3.8,1.0,N,238.0,234.0,1.0,17.5,2.5,0.5,5.2,0.0,0.3,26.0,2.5
2.0,"2019-08-16 09:04:53.000000","2019-08-16 09:39:19.000000",1.0,4.57,1.0,N,238.0,234.0,1.0,23.5,0.0,0.5,5.36,0.0,0.3,32.16,2.5
2.0,"2019-08-16 09:41:55.000000","2019-08-16 10:20:53.000000",2.0,4.46,1.0,N,238.0,234.0,1.0,24.5,0.0,0.5,4.17,0.0,0.3,31.97,2.5
1.0,"2019-08-16 10:11:35.000000","2019-08-16 10:29:28.000000",1.0,3.4,1.0,N,238.0,234.0,1.0,14.5,2.5,0.5,3.55,0.0,0.3,21.35,2.5
2.0,"2019-08-16 10:52:42.000000","2019-08-16 11:27:30.000000",1.0,4.64,1.0,N,238.0,234.0,1.0,23.0,0.0,0.5,5.26,0.0,0.3,31.56,2.5
2.0,"2019-08-16 10:27:00.000000","2019-08-16 10:56:14.000000",1.0,4.34,1.0,N,238.0,234.0,2.0,20.5,0.0,0.5,0.0,0.0,0.3,23.8,2.5
1.0,"2019-08-16 12:21:13.000000","2019-08-16 12:41:31.000000",1.0,4.8,1.0,N,238.0,234.0,1.0,18.5,2.5,0.5,4.35,0.0,0.3,26.15,2.5
2.0,"2019-08-16 12:36:08.000000","2019-08-16 13:02:58.000000",5.0,5.66,1.0,N,238.0,234.0,1.0,23.0,0.0,0.5,5.26,0.0,0.3,31.56,2.5
1.0,"2019-08-16 13:44:28.000000","2019-08-16 14:09:26.000000",1.0,4.2,1.0,N,238.0,234.0,1.0,18.5,2.5,0.5,4.35,0.0,0.3,26.15,2.5
2.0,"2019-08-16 17:00:55.000000","2019-08-16 17:39:15.000000",6.0,4.03,1.0,N,238.0,234.0,1.0,24.5,1.0,0.5,2.5,0.0,0.3,31.3,2.5
2.0,"2019-08-16 18:35:23.000000","2019-08-16 18:58:56.000000",1.0,4.91,1.0,N,238.0,234.0,1.0,20.0,1.0,0.5,2.0,0.0,0.3,26.3,2.5
1.0,"2019-08-16 19:22:58.000000","2019-08-16 19:43:28.000000",1.0,4.0,1.0,N,238.0,234.0,1.0,16.5,3.5,0.5,4.15,0.0,0.3,24.95,2.5
2.0,"2019-08-17 07:59:59.000000","2019-08-17 08:17:54.000000",1.0,5.3,1.0,N,238.0,234.0,1.0,19.0,0.0,0.5,4.46,0.0,0.3,26.76,2.5
1.0,"2019-08-17 08:25:12.000000","2019-08-17 08:46:38.000000",1.0,5.4,1.0,N,238.0,234.0,1.0,20.5,2.5,0.5,4.75,0.0,0.3,28.55,2.5
2.0,"2019-08-17 08:42:18.000000","2019-08-17 09:04:18.000000",1.0,5.36,1.0,N,238.0,234.0,1.0,21.0,0.0,0.5,4.86,0.0,0.3,29.16,2.5
2.0,"2019-08-17 08:08:34.000000","2019-08-17 08:31:57.000000",2.0,4.66,1.0,N,238.0,234.0,2.0,19.0,0.0,0.5,0.0,0.0,0.3,22.3,2.5
2.0,"2019-08-17 08:41:41.000000","2019-08-17 08:55:10.000000",1.0,4.1,1.0,N,238.0,234.0,1.0,14.0,0.0,0.5,1.0,0.0,0.3,18.3,2.5
1.0,"2019-08-17 09:13:51.000000","2019-08-17 09:32:57.000000",1.0,4.1,1.0,N,238.0,234.0,2.0,16.0,2.5,0.5,0.0,0.0,0.3,19.3,2.5
2.0,"2019-08-17 09:28:06.000000","2019-08-17 09:48:24.000000",5.0,4.68,1.0,N,238.0,234.0,1.0,17.0,0.0,0.5,1.02,0.0,0.3,21.32,2.5
1.0,"2019-08-17 09:40:45.000000","2019-08-17 09:59:39.000000",0.0,4.0,1.0,N,238.0,234.0,1.0,15.5,2.5,0.5,1.2,0.0,0.3,20.0,2.5
1.0,"2019-08-17 10:47:55.000000","2019-08-17 11:08:20.000000",1.0,4.4,1.0,N,238.0,234.0,1.0,17.0,2.5,0.5,4.05,0.0,0.3,24.35,2.5
2.0,"2019-08-17 10:27:35.000000","2019-08-17 10:47:55.000000",1.0,5.64,1.0,N,238.0,234.0,1.0,20.0,0.0,0.5,1.5,0.0,0.3,24.8,2.5
1.0,"2019-08-17 10:06:32.000000","2019-08-17 10:29:14.000000",1.0,3.8,1.0,N,238.0,234.0,1.0,17.0,2.5,0.5,4.05,0.0,0.3,24.35,2.5
2.0,"2019-08-17 11:22:39.000000","2019-08-17 11:52:30.000000",6.0,5.06,1.0,N,238.0,234.0,1.0,22.5,0.0,0.5,3.87,0.0,0.3,29.67,2.5
2.0,"2019-08-17 11:51:24.000000","2019-08-17 12:15:35.000000",2.0,5.6,1.0,N,238.0,234.0,1.0,21.5,0.0,0.5,4.96,0.0,0.3,29.76,2.5
2.0,"2019-08-17 10:13:30.000000","2019-08-17 10:43:55.000000",5.0,5.57,1.0,N,238.0,234.0,1.0,23.5,0.0,0.5,5.36,0.0,0.3,32.16,2.5
1.0,"2019-08-17 11:03:36.000000","2019-08-17 11:23:27.000000",1.0,5.5,1.0,N,238.0,234.0,1.0,20.0,2.5,0.5,3.5,0.0,0.3,26.8,2.5
2.0,"2019-08-17 11:05:19.000000","2019-08-17 11:21:08.000000",1.0,3.77,1.0,N,238.0,234.0,1.0,14.5,0.0,0.5,3.56,0.0,0.3,21.36,2.5
2.0,"2019-08-17 11:25:36.000000","2019-08-17 11:48:29.000000",1.0,4.79,1.0,N,238.0,234.0,1.0,19.0,0.0,0.5,4.46,0.0,0.3,26.76,2.5
2.0,"2019-08-17 11:03:15.000000","2019-08-17 11:23:53.000000",1.0,4.51,1.0,N,238.0,234.0,1.0,17.5,0.0,0.5,2.5,0.0,0.3,23.3,2.5
2.0,"2019-08-17 11:22:17.000000","2019-08-17 11:42:02.000000",1.0,4.48,1.0,N,238.0,234.0,1.0,17.0,0.0,0.5,1.0,0.0,0.3,21.3,2.5
2.0,"2019-08-17 10:56:28.000000","2019-08-17 11:20:12.000000",5.0,6.04,1.0,N,238.0,234.0,1.0,22.0,0.0,0.5,5.06,0.0,0.3,30.36,2.5
1.0,"2019-08-17 12:38:18.000000","2019-08-17 13:04:17.000000",1.0,6.1,1.0,N,238.0,234.0,1.0,23.5,2.5,0.5,1.0,0.0,0.3,27.8,2.5
2.0,"2019-08-17 12:38:20.000000","2019-08-17 13:03:01.000000",2.0,5.29,1.0,N,238.0,234.0,1.0,21.0,0.0,0.5,4.86,0.0,0.3,29.16,2.5
1.0,"2019-08-17 13:19:54.000000","2019-08-17 13:48:27.000000",1.0,4.9,1.0,N,238.0,234.0,2.0,21.0,2.5,0.5,0.0,0.0,0.3,24.3,2.5
1.0,"2019-08-17 13:22:17.000000","2019-08-17 13:41:39.000000",1.0,4.6,1.0,N,238.0,234.0,1.0,17.0,2.5,0.5,3.0,0.0,0.3,23.3,2.5
1.0,"2019-08-17 13:00:18.000000","2019-08-17 13:21:50.000000",1.0,4.8,1.0,N,238.0,234.0,1.0,19.0,2.5,0.5,3.0,0.0,0.3,25.3,2.5
2.0,"2019-08-17 13:38:43.000000","2019-08-17 13:58:42.000000",1.0,4.03,1.0,N,238.0,234.0,2.0,17.0,0.0,0.5,0.0,0.0,0.3,20.3,2.5
2.0,"2019-08-17 13:31:39.000000","2019-08-17 13:55:16.000000",1.0,5.92,1.0,N,238.0,234.0,1.0,22.0,0.0,0.5,0.0,0.0,0.3,25.3,2.5
2.0,"2019-08-17 12:59:29.000000","2019-08-18 12:30:48.000000",1.0,5.05,1.0,N,238.0,234.0,2.0,19.5,0.0,0.5,0.0,0.0,0.3,22.8,2.5
2.0,"2019-08-17 13:23:08.000000","2019-08-17 13:51:38.000000",1.0,3.65,1.0,N,238.0,234.0,1.0,19.0,0.0,0.5,0.0,0.0,0.3,19.8,0.0
2.0,"2019-08-17 13:00:52.000000","2019-08-17 13:28:25.000000",3.0,6.1,1.0,N,238.0,234.0,2.0,23.0,0.0,0.5,0.0,0.0,0.3,26.3,2.5
1.0,"2019-08-17 14:31:30.000000","2019-08-17 14:51:58.000000",0.0,6.0,1.0,N,238.0,234.0,2.0,21.5,2.5,0.5,0.0,0.0,0.3,24.8,2.5
2.0,"2019-08-17 16:00:35.000000","2019-08-17 16:29:06.000000",1.0,4.83,1.0,N,238.0,234.0,2.0,21.0,0.0,0.5,0.0,0.0,0.3,24.3,2.5
2.0,"2019-08-17 16:05:54.000000","2019-08-17 16:34:37.000000",1.0,5.61,1.0,N,238.0,234.0,1.0,23.0,0.0,0.5,5.26,0.0,0.3,31.56,2.5
2.0,"2019-08-17 17:45:42.000000","2019-08-17 18:06:59.000000",2.0,4.81,1.0,N,238.0,234.0,1.0,18.0,0.0,0.5,4.0,0.0,0.3,25.3,2.5
1.0,"2019-08-17 18:52:27.000000","2019-08-17 19:17:50.000000",2.0,4.8,1.0,N,238.0,234.0,1.0,19.5,2.5,0.5,4.55,0.0,0.3,27.35,2.5
1.0,"2019-08-17 18:04:26.000000","2019-08-17 18:25:09.000000",4.0,4.5,1.0,N,238.0,234.0,1.0,18.0,2.5,0.5,5.33,0.0,0.3,26.63,2.5
1.0,"2019-08-17 18:39:42.000000","2019-08-17 19:04:57.000000",2.0,5.8,1.0,N,238.0,234.0,1.0,22.0,2.5,0.5,5.06,0.0,0.3,30.36,2.5
2.0,"2019-08-17 18:32:46.000000","2019-08-17 18:59:18.000000",5.0,6.36,1.0,N,238.0,234.0,1.0,24.5,0.0,0.5,5.56,0.0,0.3,33.36,2.5
1.0,"2019-08-17 18:06:28.000000","2019-08-17 18:39:50.000000",1.0,4.7,1.0,N,238.0,234.0,2.0,22.0,2.5,0.5,0.0,0.0,0.3,25.3,2.5
2.0,"2019-08-17 18:53:32.000000","2019-08-17 19:17:28.000000",2.0,4.63,1.0,N,238.0,234.0,1.0,19.5,0.0,0.5,4.56,0.0,0.3,27.36,2.5
2.0,"2019-08-17 19:40:57.000000","2019-08-17 20:05:28.000000",3.0,6.0,1.0,N,238.0,234.0,1.0,22.5,0.0,0.5,6.45,0.0,0.3,32.25,2.5
2.0,"2019-08-17 19:56:14.000000","2019-08-17 20:21:04.000000",3.0,6.35,1.0,N,238.0,234.0,1.0,23.0,0.0,0.5,3.0,0.0,0.3,29.3,2.5
2.0,"2019-08-17 21:31:12.000000","2019-08-17 21:53:17.000000",1.0,4.72,1.0,N,238.0,234.0,1.0,18.0,0.5,0.5,4.36,0.0,0.3,26.16,2.5
2.0,"2019-08-17 22:42:19.000000","2019-08-17 23:04:35.000000",1.0,4.3,1.0,N,238.0,234.0,2.0,17.5,0.5,0.5,0.0,0.0,0.3,21.3,2.5
2.0,"2019-08-18 00:25:02.000000","2019-08-18 00:41:29.000000",2.0,4.91,1.0,N,238.0,234.0,1.0,16.5,0.5,0.5,4.06,0.0,0.3,24.36,2.5
2.0,"2019-08-18 00:44:59.000000","2019-08-18 01:03:17.000000",1.0,3.92,1.0,N,238.0,234.0,1.0,15.5,0.5,0.5,3.86,0.0,0.3,23.16,2.5
2.0,"2019-08-18 01:47:53.000000","2019-08-18 02:05:20.000000",1.0,4.77,1.0,N,238.0,234.0,1.0,16.5,0.5,0.5,4.06,0.0,0.3,24.36,2.5
2.0,"2019-08-18 02:39:21.000000","2019-08-18 02:58:20.000000",2.0,4.19,1.0,N,238.0,234.0,1.0,16.5,0.5,0.5,4.06,0.0,0.3,24.36,2.5
2.0,"2019-08-18 06:52:54.000000","2019-08-18 07:06:54.000000",1.0,5.53,1.0,N,238.0,234.0,1.0,18.0,0.0,0.5,6.39,0.0,0.3,27.69,2.5
2.0,"2019-08-18 07:02:42.000000","2019-08-18 07:13:54.000000",1.0,4.11,1.0,N,238.0,234.0,1.0,13.5,0.0,0.5,3.36,0.0,0.3,20.16,2.5
1.0,"2019-08-18 08:30:27.000000","2019-08-18 08:46:48.000000",1.0,4.2,1.0,N,238.0,234.0,1.0,16.0,2.5,0.5,3.85,0.0,0.3,23.15,2.5
2.0,"2019-08-18 08:01:39.000000","2019-08-18 08:22:15.000000",1.0,5.6,1.0,N,238.0,234.0,1.0,20.0,0.0,0.5,4.66,0.0,0.3,27.96,2.5
1.0,"2019-08-18 09:43:08.000000","2019-08-18 09:57:12.000000",2.0,3.7,1.0,N,238.0,234.0,1.0,13.5,2.5,0.5,4.2,0.0,0.3,21.0,2.5
2.0,"2019-08-18 09:54:09.000000","2019-08-18 10:14:17.000000",1.0,5.15,1.0,N,238.0,234.0,1.0,19.0,0.0,0.5,4.46,0.0,0.3,26.76,2.5
2.0,"2019-08-18 09:21:38.000000","2019-08-18 09:37:58.000000",1.0,4.58,1.0,N,238.0,234.0,1.0,15.5,0.0,0.5,1.0,0.0,0.3,19.8,2.5
2.0,"2019-08-18 10:19:47.000000","2019-08-18 10:34:24.000000",1.0,3.92,1.0,N,238.0,234.0,1.0,15.0,0.0,0.5,2.75,0.0,0.3,21.05,2.5
2.0,"2019-08-18 10:22:23.000000","2019-08-18 10:43:49.000000",2.0,4.5,1.0,N,238.0,234.0,2.0,17.5,0.0,0.5,0.0,0.0,0.3,20.8,2.5
2.0,"2019-08-18 10:34:11.000000","2019-08-18 10:53:25.000000",1.0,5.44,1.0,N,238.0,234.0,1.0,20.0,0.0,0.5,4.66,0.0,0.3,27.96,2.5
2.0,"2019-08-18 10:56:18.000000","2019-08-18 11:22:57.000000",1.0,4.67,1.0,N,238.0,234.0,2.0,20.5,0.0,0.5,0.0,0.0,0.3,23.8,2.5
1.0,"2019-08-18 11:36:40.000000","2019-08-18 11:56:27.000000",1.0,5.7,1.0,N,238.0,234.0,1.0,20.5,2.5,0.5,4.75,0.0,0.3,28.55,2.5
1.0,"2019-08-18 11:54:28.000000","2019-08-18 12:19:54.000000",1.0,4.6,1.0,N,238.0,234.0,1.0,20.0,2.5,0.5,1.0,0.0,0.3,24.3,2.5
2.0,"2019-08-18 12:51:42.000000","2019-08-18 13:23:31.000000",6.0,4.73,1.0,N,238.0,234.0,1.0,22.0,0.0,0.5,5.06,0.0,0.3,30.36,2.5
2.0,"2019-08-18 13:18:01.000000","2019-08-18 13:45:25.000000",1.0,4.44,1.0,N,238.0,234.0,1.0,20.0,0.0,0.5,4.66,0.0,0.3,27.96,2.5
2.0,"2019-08-18 14:14:05.000000","2019-08-18 14:37:24.000000",2.0,5.32,1.0,N,238.0,234.0,1.0,20.5,0.0,0.5,5.95,0.0,0.3,29.75,2.5
1.0,"2019-08-18 14:29:51.000000","2019-08-18 14:52:53.000000",1.0,5.0,1.0,N,238.0,234.0,2.0,20.0,2.5,0.5,0.0,0.0,0.3,23.3,2.5
2.0,"2019-08-18 14:44:59.000000","2019-08-18 15:15:11.000000",1.0,5.41,1.0,N,238.0,234.0,1.0,23.5,0.0,0.5,5.9,0.0,0.3,32.7,2.5
2.0,"2019-08-18 14:23:01.000000","2019-08-18 14:48:04.000000",2.0,5.86,1.0,N,238.0,234.0,1.0,22.5,0.0,0.5,5.16,0.0,0.3,30.96,2.5
1.0,"2019-08-18 15:16:25.000000","2019-08-18 15:39:55.000000",1.0,4.3,1.0,N,238.0,234.0,2.0,19.0,2.5,0.5,0.0,0.0,0.3,22.3,2.5
1.0,"2019-08-18 16:39:21.000000","2019-08-18 17:09:35.000000",1.0,0.0,1.0,N,238.0,234.0,1.0,22.2,0.0,0.5,0.0,0.0,0.3,23.0,0.0
2.0,"2019-08-18 17:08:17.000000","2019-08-18 17:32:55.000000",1.0,4.7,1.0,N,238.0,234.0,1.0,19.5,0.0,0.5,4.56,0.0,0.3,27.36,2.5
2.0,"2019-08-18 17:20:45.000000","2019-08-18 17:39:51.000000",2.0,5.42,1.0,N,238.0,234.0,1.0,20.0,0.0,0.5,3.5,0.0,0.3,26.8,2.5
2.0,"2019-08-18 19:38:03.000000","2019-08-18 20:03:50.000000",1.0,5.35,1.0,N,238.0,234.0,1.0,20.5,0.0,0.5,4.76,0.0,0.3,28.56,2.5
2.0,"2019-08-18 21:20:41.000000","2019-08-18 21:40:31.000000",2.0,4.58,1.0,N,238.0,234.0,1.0,17.0,0.5,0.5,4.16,0.0,0.3,24.96,2.5
2.0,"2019-08-18 22:07:52.000000","2019-08-18 22:32:01.000000",1.0,4.9,1.0,N,238.0,234.0,2.0,19.5,0.5,0.5,0.0,0.0,0.3,23.3,2.5
2.0,"2019-08-18 22:37:55.000000","2019-08-18 23:03:23.000000",1.0,4.27,1.0,N,238.0,234.0,1.0,17.0,0.5,0.5,4.16,0.0,0.3,24.96,2.5
2.0,"2019-08-19 04:18:01.000000","2019-08-19 04:30:51.000000",1.0,4.02,1.0,N,238.0,234.0,1.0,14.0,0.5,0.5,3.56,0.0,0.3,21.36,2.5
2.0,"2019-08-19 05:52:51.000000","2019-08-19 06:05:07.000000",1.0,4.41,1.0,N,238.0,234.0,1.0,14.5,0.5,0.5,2.38,0.0,0.3,20.68,2.5
2.0,"2019-08-19 06:34:01.000000","2019-08-19 06:47:19.000000",1.0,4.03,1.0,N,238.0,234.0,1.0,14.0,0.0,0.5,3.46,0.0,0.3,20.76,2.5
2.0,"2019-08-19 06:35:44.000000","2019-08-19 06:48:23.000000",1.0,4.0,1.0,N,238.0,234.0,1.0,13.5,0.0,0.5,3.36,0.0,0.3,20.16,2.5
2.0,"2019-08-19 06:22:25.000000","2019-08-19 06:34:01.000000",2.0,4.27,1.0,N,238.0,234.0,1.0,14.0,0.0,0.5,2.0,0.0,0.3,19.3,2.5
1.0,"2019-08-19 08:59:00.000000","2019-08-19 09:19:45.000000",1.0,4.4,1.0,N,238.0,234.0,1.0,17.5,2.5,0.5,4.15,0.0,0.3,24.95,2.5
2.0,"2019-08-19 08:22:57.000000","2019-08-19 08:41:34.000000",2.0,4.05,1.0,N,238.0,234.0,1.0,16.0,0.0,0.5,4.82,0.0,0.3,24.12,2.5
2.0,"2019-08-19 08:32:37.000000","2019-08-19 08:58:39.000000",1.0,3.86,1.0,N,238.0,234.0,1.0,18.0,0.0,0.5,4.0,0.0,0.3,25.3,2.5
2.0,"2019-08-19 09:37:14.000000","2019-08-19 10:03:36.000000",2.0,4.41,1.0,N,238.0,234.0,1.0,19.0,0.0,0.5,4.46,0.0,0.3,26.76,2.5
2.0,"2019-08-19 09:02:38.000000","2019-08-19 09:27:22.000000",1.0,4.52,1.0,N,238.0,234.0,1.0,19.0,0.0,0.5,3.0,0.0,0.3,25.3,2.5
1.0,"2019-08-19 12:41:20.000000","2019-08-19 13:00:42.000000",1.0,5.5,1.0,N,238.0,234.0,1.0,20.0,2.5,0.5,4.65,0.0,0.3,27.95,2.5
1.0,"2019-08-19 12:15:57.000000","2019-08-19 12:40:39.000000",1.0,5.2,1.0,N,238.0,234.0,1.0,21.0,2.5,0.5,4.85,0.0,0.3,29.15,2.5
1.0,"2019-08-19 12:39:39.000000","2019-08-19 13:11:37.000000",1.0,4.7,1.0,N,238.0,234.0,2.0,23.0,2.5,0.5,0.0,0.0,0.3,26.3,2.5
2.0,"2019-08-19 13:11:45.000000","2019-08-19 13:39:14.000000",2.0,3.95,1.0,N,238.0,234.0,1.0,19.5,0.0,0.5,4.56,0.0,0.3,27.36,2.5
1.0,"2019-08-19 16:37:05.000000","2019-08-19 17:02:20.000000",1.0,4.5,1.0,N,238.0,234.0,1.0,19.0,3.5,0.5,4.65,0.0,0.3,27.95,2.5
1.0,"2019-08-19 19:51:27.000000","2019-08-19 20:15:05.000000",1.0,4.6,1.0,N,238.0,234.0,1.0,18.5,3.5,0.5,4.56,0.0,0.3,27.36,2.5
2.0,"2019-08-20 05:42:21.000000","2019-08-20 05:57:23.000000",1.0,4.37,1.0,N,238.0,234.0,1.0,15.5,0.5,0.5,2.51,0.0,0.3,21.81,2.5
2.0,"2019-08-20 06:22:50.000000","2019-08-20 06:35:01.000000",1.0,4.35,1.0,N,238.0,234.0,1.0,14.5,0.0,0.5,2.0,0.0,0.3,19.8,2.5
2.0,"2019-08-20 06:27:50.000000","2019-08-20 06:47:24.000000",5.0,4.1,1.0,N,238.0,234.0,1.0,16.5,0.0,0.5,3.96,0.0,0.3,23.76,2.5
2.0,"2019-08-20 07:18:32.000000","2019-08-20 07:34:57.000000",1.0,3.96,1.0,N,238.0,234.0,1.0,14.0,0.0,0.5,4.33,0.0,0.3,21.63,2.5
1.0,"2019-08-20 07:19:27.000000","2019-08-20 07:37:48.000000",1.0,3.9,1.0,N,238.0,234.0,1.0,15.5,2.5,0.5,1.0,0.0,0.3,19.8,2.5
1.0,"2019-08-20 08:46:11.000000","2019-08-20 09:15:50.000000",1.0,4.8,1.0,N,238.0,234.0,1.0,21.0,2.5,0.5,3.0,0.0,0.3,27.3,2.5
2.0,"2019-08-20 08:18:43.000000","2019-08-20 08:39:05.000000",1.0,3.69,1.0,N,238.0,234.0,1.0,16.0,0.0,0.5,3.86,0.0,0.3,23.16,2.5
2.0,"2019-08-20 08:02:20.000000","2019-08-20 08:34:45.000000",1.0,3.87,1.0,N,238.0,234.0,1.0,21.0,0.0,0.5,4.86,0.0,0.3,29.16,2.5
2.0,"2019-08-20 08:40:16.000000","2019-08-20 09:09:22.000000",1.0,4.94,1.0,N,238.0,234.0,1.0,20.5,0.0,0.5,4.76,0.0,0.3,28.56,2.5
2.0,"2019-08-20 09:03:19.000000","2019-08-20 09:31:27.000000",1.0,4.96,1.0,N,238.0,234.0,1.0,21.0,0.0,0.5,2.43,0.0,0.3,26.73,2.5
1.0,"2019-08-20 10:08:30.000000","2019-08-20 10:41:50.000000",1.0,4.2,1.0,N,238.0,234.0,1.0,22.5,2.5,0.5,5.15,0.0,0.3,30.95,2.5
1.0,"2019-08-20 11:26:10.000000","2019-08-20 12:02:05.000000",1.0,3.8,1.0,N,238.0,234.0,1.0,23.0,2.5,0.5,5.25,0.0,0.3,31.55,2.5
2.0,"2019-08-20 11:10:56.000000","2019-08-20 11:30:38.000000",1.0,4.52,1.0,N,238.0,234.0,1.0,17.5,0.0,0.5,4.16,0.0,0.3,24.96,2.5
1.0,"2019-08-20 12:43:37.000000","2019-08-20 13:16:35.000000",1.0,4.1,1.0,N,238.0,234.0,1.0,21.0,2.5,0.5,4.85,0.0,0.3,29.15,2.5
2.0,"2019-08-20 12:30:20.000000","2019-08-20 12:56:44.000000",1.0,5.04,1.0,N,238.0,234.0,1.0,20.5,0.0,0.5,4.76,0.0,0.3,28.56,2.5
1.0,"2019-08-20 13:34:32.000000","2019-08-20 14:04:29.000000",1.0,3.7,1.0,N,238.0,234.0,1.0,19.5,2.5,0.5,6.8,0.0,0.3,29.6,2.5
2.0,"2019-08-20 13:19:04.000000","2019-08-20 13:52:01.000000",1.0,4.22,1.0,N,238.0,234.0,1.0,22.0,0.0,0.5,7.59,0.0,0.3,32.89,2.5
2.0,"2019-08-20 17:20:47.000000","2019-08-20 17:57:51.000000",1.0,4.42,1.0,N,238.0,234.0,1.0,24.0,1.0,0.5,2.5,0.0,0.3,30.8,2.5
2.0,"2019-08-20 18:08:01.000000","2019-08-20 18:36:28.000000",1.0,4.72,1.0,N,238.0,234.0,2.0,21.0,1.0,0.5,0.0,0.0,0.3,25.3,2.5
1.0,"2019-08-20 20:12:15.000000","2019-08-20 20:34:58.000000",1.0,4.5,1.0,N,238.0,234.0,1.0,17.5,3.0,0.5,2.0,0.0,0.3,23.3,2.5
2.0,"2019-08-20 21:10:09.000000","2019-08-20 21:31:46.000000",1.0,5.8,1.0,N,238.0,234.0,1.0,21.5,0.5,0.5,6.32,0.0,0.3,31.62,2.5
1.0,"2019-08-21 05:51:24.000000","2019-08-21 06:08:57.000000",1.0,4.4,1.0,N,238.0,234.0,1.0,16.5,3.0,0.5,2.0,0.0,0.3,22.3,2.5
2.0,"2019-08-21 06:01:54.000000","2019-08-21 06:12:17.000000",1.0,4.37,1.0,N,238.0,234.0,1.0,14.0,0.5,0.5,2.31,0.0,0.3,20.11,2.5
2.0,"2019-08-21 07:02:36.000000","2019-08-21 07:22:02.000000",1.0,5.6,1.0,N,238.0,234.0,2.0,20.0,0.0,0.5,0.0,0.0,0.3,23.3,2.5
2.0,"2019-08-21 07:04:59.000000","2019-08-21 07:21:23.000000",1.0,4.09,1.0,N,238.0,234.0,2.0,15.0,0.0,0.5,0.0,0.0,0.3,18.3,2.5
1.0,"2019-08-21 07:35:29.000000","2019-08-21 07:55:00.000000",1.0,4.3,1.0,N,238.0,234.0,1.0,16.5,2.5,0.5,3.95,0.0,0.3,23.75,2.5
2.0,"2019-08-21 07:43:23.000000","2019-08-21 08:01:00.000000",1.0,4.63,1.0,N,238.0,234.0,1.0,16.5,0.0,0.5,3.96,0.0,0.3,23.76,2.5
2.0,"2019-08-21 07:41:46.000000","2019-08-21 08:01:33.000000",1.0,4.16,1.0,N,238.0,234.0,1.0,16.5,0.0,0.5,3.96,0.0,0.3,23.76,2.5
1.0,"2019-08-21 08:01:26.000000","2019-08-21 08:26:14.000000",1.0,4.1,1.0,N,238.0,234.0,1.0,18.0,2.5,0.5,5.3,0.0,0.3,26.6,2.5
2.0,"2019-08-21 08:27:28.000000","2019-08-21 08:49:25.000000",1.0,3.71,1.0,N,238.0,234.0,1.0,16.0,0.0,0.5,3.86,0.0,0.3,23.16,2.5
2.0,"2019-08-21 08:40:05.000000","2019-08-21 08:59:55.000000",1.0,4.74,1.0,N,238.0,234.0,1.0,17.0,0.0,0.5,2.03,0.0,0.3,22.33,2.5
1.0,"2019-08-21 08:30:12.000000","2019-08-21 08:58:05.000000",1.0,3.9,1.0,N,238.0,234.0,1.0,19.0,2.5,0.5,4.46,0.0,0.3,26.76,2.5
1.0,"2019-08-21 09:11:19.000000","2019-08-21 09:45:11.000000",1.0,4.5,1.0,N,238.0,234.0,1.0,22.5,2.5,0.5,5.15,0.0,0.3,30.95,2.5
2.0,"2019-08-21 09:04:27.000000","2019-08-21 09:35:30.000000",1.0,4.03,1.0,N,238.0,234.0,1.0,21.0,0.0,0.5,4.5,0.0,0.3,28.8,2.5
1.0,"2019-08-21 10:08:02.000000","2019-08-21 10:31:17.000000",1.0,4.5,1.0,N,238.0,234.0,1.0,19.0,2.5,0.5,3.0,0.0,0.3,25.3,2.5
2.0,"2019-08-21 10:06:58.000000","2019-08-21 10:32:11.000000",1.0,5.7,1.0,N,238.0,234.0,1.0,22.5,0.0,0.5,5.16,0.0,0.3,30.96,2.5
1.0,"2019-08-21 10:29:34.000000","2019-08-21 10:53:15.000000",1.0,5.9,1.0,N,238.0,234.0,1.0,22.0,2.5,0.5,2.53,0.0,0.3,27.83,2.5
2.0,"2019-08-21 09:59:49.000000","2019-08-21 10:27:26.000000",1.0,4.24,1.0,N,238.0,234.0,1.0,19.5,0.0,0.5,4.56,0.0,0.3,27.36,2.5
2.0,"2019-08-21 10:32:00.000000","2019-08-21 10:59:54.000000",1.0,5.22,1.0,N,238.0,234.0,1.0,20.5,0.0,0.5,0.0,0.0,0.3,21.3,0.0
1.0,"2019-08-21 11:18:02.000000","2019-08-21 11:45:58.000000",1.0,3.6,1.0,N,238.0,234.0,2.0,18.5,2.5,0.5,0.0,0.0,0.3,21.8,2.5
2.0,"2019-08-21 11:19:45.000000","2019-08-21 11:42:15.000000",1.0,5.78,1.0,N,238.0,234.0,1.0,21.0,0.0,0.5,6.08,0.0,0.3,30.38,2.5
1.0,"2019-08-21 12:01:58.000000","2019-08-21 12:26:39.000000",1.0,3.9,1.0,N,238.0,234.0,2.0,17.5,2.5,0.5,0.0,0.0,0.3,20.8,2.5
2.0,"2019-08-21 12:31:54.000000","2019-08-21 13:07:52.000000",1.0,4.72,1.0,N,238.0,234.0,1.0,24.0,0.0,0.5,8.19,0.0,0.3,35.49,2.5
1.0,"2019-08-21 14:43:59.000000","2019-08-21 15:08:52.000000",1.0,3.9,1.0,N,238.0,234.0,1.0,18.0,2.5,0.5,4.25,0.0,0.3,25.55,2.5
2.0,"2019-08-21 14:02:47.000000","2019-08-21 14:26:49.000000",6.0,5.54,1.0,N,238.0,234.0,1.0,21.0,0.0,0.5,6.08,0.0,0.3,30.38,2.5
2.0,"2019-08-21 18:10:20.000000","2019-08-21 18:35:22.000000",1.0,4.83,1.0,N,238.0,234.0,1.0,21.0,1.0,0.5,5.06,0.0,0.3,30.36,2.5
1.0,"2019-08-21 18:35:59.000000","2019-08-21 19:10:56.000000",1.0,4.7,1.0,N,238.0,234.0,2.0,24.0,3.5,0.5,0.0,0.0,0.3,28.3,2.5
2.0,"2019-08-21 20:22:38.000000","2019-08-21 20:43:25.000000",1.0,4.62,1.0,N,238.0,234.0,2.0,17.0,0.5,0.5,0.0,0.0,0.3,20.8,2.5
2.0,"2019-08-21 20:03:09.000000","2019-08-21 20:25:56.000000",1.0,4.04,1.0,N,238.0,234.0,1.0,17.0,0.5,0.5,4.16,0.0,0.3,24.96,2.5
1.0,"2019-08-22 00:56:01.000000","2019-08-22 01:13:08.000000",2.0,4.4,1.0,N,238.0,234.0,1.0,16.0,3.0,0.5,1.98,0.0,0.3,21.78,2.5
1.0,"2019-08-22 05:53:05.000000","2019-08-22 06:06:20.000000",0.0,4.4,1.0,N,238.0,234.0,1.0,15.0,2.5,0.5,2.38,0.0,0.3,20.68,2.5
2.0,"2019-08-22 06:20:29.000000","2019-08-22 06:38:14.000000",3.0,4.27,1.0,N,238.0,234.0,1.0,16.5,0.0,0.5,3.96,0.0,0.3,23.76,2.5
2.0,"2019-08-22 06:57:35.000000","2019-08-22 07:16:01.000000",1.0,4.74,1.0,N,238.0,234.0,2.0,16.5,0.0,0.5,0.0,0.0,0.3,19.8,2.5
2.0,"2019-08-22 07:07:11.000000","2019-08-22 07:23:35.000000",1.0,4.1,1.0,N,238.0,234.0,1.0,15.0,0.0,0.5,3.66,0.0,0.3,21.96,2.5
1.0,"2019-08-22 07:41:27.000000","2019-08-22 07:59:19.000000",1.0,4.4,1.0,N,238.0,234.0,1.0,16.0,2.5,0.5,1.93,0.0,0.3,21.23,2.5
1.0,"2019-08-22 08:33:18.000000","2019-08-22 08:58:04.000000",1.0,4.0,1.0,N,238.0,234.0,1.0,17.5,2.5,0.5,3.0,0.0,0.3,23.8,2.5
2.0,"2019-08-22 08:42:22.000000","2019-08-22 09:03:35.000000",1.0,4.12,1.0,N,238.0,234.0,1.0,16.0,0.0,0.5,3.86,0.0,0.3,23.16,2.5
1.0,"2019-08-22 09:16:30.000000","2019-08-22 09:52:15.000000",1.0,4.5,1.0,N,238.0,234.0,1.0,24.0,2.5,0.5,1.0,0.0,0.3,28.3,2.5
1.0,"2019-08-22 09:37:37.000000","2019-08-22 10:10:47.000000",1.0,4.2,1.0,N,238.0,234.0,2.0,22.0,2.5,0.5,0.0,0.0,0.3,25.3,2.5
1.0,"2019-08-22 09:51:11.000000","2019-08-22 10:20:39.000000",1.0,4.3,1.0,N,238.0,234.0,1.0,20.5,2.5,0.5,4.75,0.0,0.3,28.55,2.5
2.0,"2019-08-22 09:37:14.000000","2019-08-22 10:03:31.000000",1.0,6.03,1.0,N,238.0,234.0,1.0,23.0,0.0,0.5,2.63,0.0,0.3,30.88,2.5
2.0,"2019-08-22 09:24:10.000000","2019-08-22 09:46:37.000000",1.0,4.98,1.0,N,238.0,234.0,1.0,19.0,0.0,0.5,2.23,0.0,0.3,24.53,2.5
1.0,"2019-08-22 10:14:33.000000","2019-08-22 10:49:30.000000",1.0,4.7,1.0,N,238.0,234.0,1.0,23.5,2.5,0.5,0.0,0.0,0.3,26.8,2.5
2.0,"2019-08-22 10:20:13.000000","2019-08-22 10:41:01.000000",1.0,4.96,1.0,N,238.0,234.0,1.0,19.0,0.0,0.5,4.46,0.0,0.3,26.76,2.5
2.0,"2019-08-22 10:34:18.000000","2019-08-22 11:22:22.000000",2.0,4.29,1.0,N,238.0,234.0,1.0,28.5,0.0,0.5,15.0,0.0,0.3,46.8,2.5
1.0,"2019-08-22 12:59:46.000000","2019-08-22 13:25:42.000000",1.0,3.7,1.0,N,238.0,234.0,1.0,18.5,2.5,0.5,4.0,0.0,0.3,25.8,2.5
2.0,"2019-08-22 12:59:37.000000","2019-08-22 13:20:42.000000",1.0,5.58,1.0,N,238.0,234.0,1.0,20.0,0.0,0.5,6.99,0.0,0.3,30.29,2.5
2.0,"2019-08-22 13:29:58.000000","2019-08-22 13:50:08.000000",1.0,5.49,1.0,N,238.0,234.0,1.0,19.5,0.0,0.5,4.0,0.0,0.3,26.8,2.5
2.0,"2019-08-22 14:15:10.000000","2019-08-22 14:45:17.000000",1.0,5.11,1.0,N,238.0,234.0,1.0,22.5,0.0,0.5,5.16,0.0,0.3,30.96,2.5
2.0,"2019-08-22 15:54:55.000000","2019-08-22 16:20:25.000000",1.0,4.59,1.0,N,238.0,234.0,1.0,19.5,0.0,0.5,3.42,0.0,0.3,26.22,2.5
2.0,"2019-08-22 15:38:55.000000","2019-08-22 16:05:22.000000",1.0,5.26,1.0,N,238.0,234.0,1.0,21.0,0.0,0.5,4.0,0.0,0.3,28.3,2.5
1.0,"2019-08-22 16:01:26.000000","2019-08-22 16:22:40.000000",1.0,4.6,1.0,N,238.0,234.0,1.0,18.0,3.5,0.5,4.46,0.0,0.3,26.76,2.5
2.0,"2019-08-22 17:29:54.000000","2019-08-23 16:58:06.000000",1.0,3.83,1.0,N,238.0,234.0,1.0,19.0,1.0,0.5,4.66,0.0,0.3,27.96,2.5
2.0,"2019-08-22 21:50:37.000000","2019-08-22 22:18:47.000000",1.0,5.15,1.0,N,238.0,234.0,1.0,21.0,0.5,0.5,4.96,0.0,0.3,29.76,2.5
2.0,"2019-08-22 22:18:43.000000","2019-08-22 22:45:53.000000",1.0,4.66,1.0,N,238.0,234.0,1.0,20.5,0.5,0.5,4.0,0.0,0.3,28.3,2.5
1.0,"2019-08-23 00:01:35.000000","2019-08-23 00:18:50.000000",1.0,4.1,1.0,N,238.0,234.0,1.0,15.5,3.0,0.5,2.9,0.0,0.3,22.2,2.5
2.0,"2019-08-23 05:39:03.000000","2019-08-23 05:52:53.000000",3.0,4.44,1.0,N,238.0,234.0,1.0,15.0,0.5,0.5,2.44,0.0,0.3,21.24,2.5
2.0,"2019-08-23 06:21:33.000000","2019-08-23 06:37:58.000000",2.0,4.25,1.0,N,238.0,234.0,2.0,15.5,0.0,0.5,0.0,0.0,0.3,18.8,2.5
1.0,"2019-08-23 06:58:42.000000","2019-08-23 07:17:48.000000",1.0,4.2,1.0,Y,238.0,234.0,1.0,16.5,2.5,0.5,3.96,0.0,0.3,23.76,2.5
2.0,"2019-08-23 06:28:12.000000","2019-08-23 06:41:24.000000",5.0,4.37,1.0,N,238.0,234.0,1.0,14.5,0.0,0.5,2.0,0.0,0.3,19.8,2.5
1.0,"2019-08-23 07:13:57.000000","2019-08-23 07:30:44.000000",1.0,3.9,1.0,N,238.0,234.0,1.0,15.0,2.5,0.5,3.65,0.0,0.3,21.95,2.5
1.0,"2019-08-23 08:19:59.000000","2019-08-23 08:48:11.000000",1.0,4.0,1.0,N,238.0,234.0,2.0,19.5,2.5,0.5,0.0,0.0,0.3,22.8,2.5
2.0,"2019-08-23 08:31:03.000000","2019-08-23 08:55:31.000000",1.0,3.91,1.0,N,238.0,234.0,1.0,18.0,0.0,0.5,4.26,0.0,0.3,25.56,2.5
1.0,"2019-08-23 08:43:43.000000","2019-08-23 09:13:43.000000",1.0,4.1,1.0,N,238.0,234.0,1.0,20.0,2.5,0.5,4.66,0.0,0.3,27.96,2.5
2.0,"2019-08-23 08:03:53.000000","2019-08-23 08:24:49.000000",1.0,4.15,1.0,N,238.0,234.0,1.0,16.5,0.0,0.5,3.0,0.0,0.3,22.8,2.5
2.0,"2019-08-23 09:32:16.000000","2019-08-23 10:02:51.000000",1.0,5.21,1.0,N,238.0,234.0,1.0,23.0,0.0,0.5,5.26,0.0,0.3,31.56,2.5
2.0,"2019-08-23 09:03:36.000000","2019-08-23 09:26:21.000000",5.0,5.14,1.0,N,238.0,234.0,2.0,19.5,0.0,0.5,0.0,0.0,0.3,22.8,2.5
2.0,"2019-08-23 09:36:45.000000","2019-08-23 10:03:50.000000",1.0,4.9,1.0,N,238.0,234.0,1.0,20.5,0.0,0.5,4.76,0.0,0.3,28.56,2.5
1.0,"2019-08-23 10:55:00.000000","2019-08-23 11:26:11.000000",2.0,5.4,1.0,N,238.0,234.0,2.0,23.0,2.5,0.5,0.0,0.0,0.3,26.3,2.5
1.0,"2019-08-23 12:16:04.000000","2019-08-23 12:50:40.000000",1.0,4.4,1.0,N,238.0,234.0,1.0,23.5,2.5,0.5,3.0,0.0,0.3,29.8,2.5
1.0,"2019-08-23 12:22:39.000000","2019-08-23 12:45:23.000000",1.0,0.0,1.0,N,238.0,234.0,1.0,13.5,2.5,0.5,2.75,0.0,0.3,19.55,2.5
1.0,"2019-08-23 12:38:51.000000","2019-08-23 13:03:40.000000",1.0,4.7,1.0,N,238.0,234.0,1.0,19.5,2.5,0.5,3.42,0.0,0.3,26.22,2.5
2.0,"2019-08-23 13:06:58.000000","2019-08-23 13:42:38.000000",1.0,4.15,1.0,N,238.0,234.0,1.0,22.5,0.0,0.5,5.0,0.0,0.3,30.8,2.5
1.0,"2019-08-23 14:16:44.000000","2019-08-23 14:47:05.000000",1.0,4.9,1.0,N,238.0,234.0,2.0,21.5,2.5,0.5,0.0,0.0,0.3,24.8,2.5
1.0,"2019-08-23 18:23:36.000000","2019-08-23 18:46:52.000000",2.0,4.0,1.0,N,238.0,234.0,1.0,18.0,3.5,0.5,4.46,0.0,0.3,26.76,2.5
1.0,"2019-08-23 20:29:39.000000","2019-08-23 20:55:26.000000",1.0,4.1,1.0,N,238.0,234.0,1.0,18.0,3.0,0.5,4.35,0.0,0.3,26.15,2.5
1.0,"2019-08-23 23:53:56.000000","2019-08-24 00:08:59.000000",1.0,4.0,1.0,N,238.0,234.0,1.0,14.5,3.0,0.5,3.16,0.0,0.3,21.46,2.5
2.0,"2019-08-24 06:17:53.000000","2019-08-24 06:30:28.000000",1.0,4.33,1.0,N,238.0,234.0,1.0,14.5,0.0,0.5,4.45,0.0,0.3,22.25,2.5
2.0,"2019-08-24 06:02:26.000000","2019-08-24 06:12:19.000000",2.0,4.41,1.0,N,238.0,234.0,1.0,13.5,0.0,0.5,3.36,0.0,0.3,20.16,2.5
2.0,"2019-08-24 07:32:27.000000","2019-08-24 07:48:41.000000",3.0,4.6,1.0,N,238.0,234.0,1.0,16.0,0.0,0.5,2.9,0.0,0.3,22.2,2.5
2.0,"2019-08-24 07:23:38.000000","2019-08-24 07:38:16.000000",1.0,4.0,1.0,N,238.0,234.0,1.0,14.0,0.0,0.5,1.73,0.0,0.3,19.03,2.5
2.0,"2019-08-24 07:29:04.000000","2019-08-24 07:52:11.000000",1.0,6.62,1.0,N,238.0,234.0,2.0,21.0,0.0,0.5,0.0,0.0,0.3,24.3,2.5
2.0,"2019-08-24 08:40:53.000000","2019-08-24 09:01:15.000000",1.0,4.77,1.0,N,238.0,234.0,1.0,18.0,0.0,0.5,4.26,0.0,0.3,25.56,2.5
1.0,"2019-08-24 08:36:15.000000","2019-08-24 08:58:06.000000",1.0,5.5,1.0,N,238.0,234.0,1.0,21.5,2.5,0.5,4.95,0.0,0.3,29.75,2.5
2.0,"2019-08-24 09:44:34.000000","2019-08-24 10:04:45.000000",1.0,5.77,1.0,N,238.0,234.0,1.0,20.0,0.0,0.5,1.0,0.0,0.3,24.3,2.5
2.0,"2019-08-24 09:45:30.000000","2019-08-24 10:08:52.000000",1.0,4.43,1.0,N,238.0,234.0,1.0,19.0,0.0,0.5,2.7,0.0,0.3,25.0,2.5
1.0,"2019-08-24 09:32:04.000000","2019-08-24 09:56:37.000000",1.0,4.7,1.0,N,238.0,234.0,2.0,19.0,2.5,0.5,0.0,0.0,0.3,22.3,2.5
2.0,"2019-08-24 10:24:51.000000","2019-08-24 10:49:58.000000",1.0,5.94,1.0,N,238.0,234.0,1.0,23.0,0.0,0.5,5.26,0.0,0.3,31.56,2.5
2.0,"2019-08-24 10:30:31.000000","2019-08-24 10:52:38.000000",1.0,5.88,1.0,N,238.0,234.0,1.0,21.5,0.0,0.5,4.96,0.0,0.3,29.76,2.5
1.0,"2019-08-24 11:42:26.000000","2019-08-24 12:10:03.000000",1.0,5.1,1.0,N,238.0,234.0,1.0,22.0,2.5,0.5,7.55,0.0,0.3,32.85,2.5
2.0,"2019-08-24 11:18:32.000000","2019-08-24 11:38:23.000000",2.0,5.05,1.0,N,238.0,234.0,2.0,18.5,0.0,0.5,0.0,0.0,0.3,21.8,2.5
1.0,"2019-08-24 12:19:42.000000","2019-08-24 12:44:11.000000",1.0,5.5,1.0,N,238.0,234.0,1.0,22.0,2.5,0.5,7.55,0.0,0.3,32.85,2.5
2.0,"2019-08-24 12:15:01.000000","2019-08-24 12:42:00.000000",1.0,4.55,1.0,N,238.0,234.0,2.0,19.0,0.0,0.5,0.0,0.0,0.3,22.3,2.5
2.0,"2019-08-24 12:08:07.000000","2019-08-24 12:38:16.000000",2.0,5.7,1.0,N,238.0,234.0,1.0,24.5,0.0,0.5,5.56,0.0,0.3,33.36,2.5
1.0,"2019-08-24 12:40:13.000000","2019-08-24 13:06:05.000000",1.0,3.8,1.0,N,238.0,234.0,1.0,18.5,2.5,0.5,4.36,0.0,0.3,26.16,2.5
2.0,"2019-08-24 12:40:53.000000","2019-08-24 12:59:12.000000",1.0,5.61,1.0,N,238.0,234.0,1.0,19.5,0.0,0.5,4.56,0.0,0.3,27.36,2.5
2.0,"2019-08-24 13:03:39.000000","2019-08-24 13:23:56.000000",1.0,4.74,1.0,N,238.0,234.0,1.0,18.0,0.0,0.5,3.5,0.0,0.3,24.8,2.5
1.0,"2019-08-24 13:34:08.000000","2019-08-24 13:59:19.000000",1.0,4.0,1.0,N,238.0,234.0,2.0,18.5,2.5,0.5,0.0,0.0,0.3,21.8,2.5
1.0,"2019-08-24 13:21:12.000000","2019-08-24 13:41:37.000000",1.0,4.5,1.0,N,238.0,234.0,1.0,17.5,2.5,0.5,1.2,0.0,0.3,22.0,2.5
2.0,"2019-08-24 13:11:17.000000","2019-08-24 13:35:04.000000",1.0,5.76,1.0,N,238.0,234.0,1.0,21.5,0.0,0.5,3.0,0.0,0.3,27.8,2.5
2.0,"2019-08-24 12:58:32.000000","2019-08-24 13:24:01.000000",1.0,4.36,1.0,N,238.0,234.0,1.0,19.0,0.0,0.5,4.46,0.0,0.3,26.76,2.5
1.0,"2019-08-24 13:44:05.000000","2019-08-24 14:06:02.000000",1.0,6.1,1.0,N,238.0,234.0,1.0,21.5,2.5,0.5,4.95,0.0,0.3,29.75,2.5
1.0,"2019-08-24 14:33:49.000000","2019-08-24 14:53:04.000000",1.0,5.2,1.0,N,238.0,234.0,4.0,19.5,2.5,0.5,0.0,0.0,0.3,22.8,2.5
2.0,"2019-08-24 14:02:12.000000","2019-08-24 14:23:12.000000",2.0,4.33,1.0,N,238.0,234.0,1.0,17.5,0.0,0.5,5.2,0.0,0.3,26.0,2.5
2.0,"2019-08-24 15:03:00.000000","2019-08-24 15:22:32.000000",2.0,3.71,1.0,N,238.0,234.0,1.0,15.5,0.0,0.5,3.76,0.0,0.3,22.56,2.5
2.0,"2019-08-24 15:21:54.000000","2019-08-24 15:51:46.000000",1.0,4.43,1.0,N,238.0,234.0,1.0,20.5,0.0,0.5,4.76,0.0,0.3,28.56,2.5
1.0,"2019-08-24 17:34:20.000000","2019-08-24 17:58:28.000000",1.0,4.9,1.0,N,238.0,234.0,1.0,19.0,2.5,0.5,3.0,0.0,0.3,25.3,2.5
2.0,"2019-08-24 17:27:49.000000","2019-08-24 17:44:18.000000",1.0,3.94,1.0,N,238.0,234.0,1.0,14.5,0.0,0.5,3.56,0.0,0.3,21.36,2.5
1.0,"2019-08-24 17:18:42.000000","2019-08-24 17:47:44.000000",2.0,4.7,1.0,N,238.0,234.0,1.0,21.5,2.5,0.5,4.96,0.0,0.3,29.76,2.5
2.0,"2019-08-24 19:53:42.000000","2019-08-24 20:20:18.000000",5.0,4.89,1.0,N,238.0,234.0,1.0,19.5,0.0,0.5,4.56,0.0,0.3,27.36,2.5
2.0,"2019-08-24 19:07:20.000000","2019-08-24 19:22:46.000000",4.0,4.02,1.0,N,238.0,234.0,1.0,14.5,0.0,0.5,3.56,0.0,0.3,21.36,2.5
2.0,"2019-08-24 19:16:50.000000","2019-08-24 19:44:37.000000",1.0,5.69,1.0,N,238.0,234.0,2.0,24.0,0.0,0.5,0.0,0.0,0.3,27.3,2.5
2.0,"2019-08-24 20:31:17.000000","2019-08-24 20:52:56.000000",2.0,4.51,1.0,N,238.0,234.0,1.0,17.5,0.5,0.5,4.26,0.0,0.3,25.56,2.5
1.0,"2019-08-24 20:42:05.000000","2019-08-24 21:08:18.000000",2.0,4.2,1.0,N,238.0,234.0,2.0,19.0,3.0,0.5,0.0,0.0,0.3,22.8,2.5
2.0,"2019-08-24 20:03:52.000000","2019-08-24 20:33:29.000000",1.0,8.16,1.0,N,238.0,234.0,1.0,27.5,0.5,0.5,2.0,0.0,0.3,33.3,2.5
2.0,"2019-08-24 20:20:32.000000","2019-08-24 20:38:25.000000",1.0,4.22,1.0,N,238.0,234.0,1.0,16.5,0.5,0.5,2.5,0.0,0.3,22.8,2.5
2.0,"2019-08-24 21:23:20.000000","2019-08-24 21:43:15.000000",2.0,5.78,1.0,N,238.0,234.0,1.0,20.5,0.5,0.5,3.64,0.0,0.3,27.94,2.5
2.0,"2019-08-24 21:01:17.000000","2019-08-24 21:19:24.000000",5.0,4.0,1.0,N,238.0,234.0,1.0,15.0,0.5,0.5,1.0,0.0,0.3,19.8,2.5
2.0,"2019-08-25 05:59:48.000000","2019-08-25 06:09:13.000000",5.0,4.24,1.0,N,238.0,234.0,1.0,13.5,0.5,0.5,1.0,0.0,0.3,18.3,2.5
1.0,"2019-08-25 08:20:12.000000","2019-08-25 08:31:42.000000",2.0,4.1,1.0,N,238.0,234.0,2.0,13.5,2.5,0.5,0.0,0.0,0.3,16.8,2.5
2.0,"2019-08-25 08:10:00.000000","2019-08-25 08:21:44.000000",6.0,3.92,1.0,N,238.0,234.0,1.0,13.0,0.0,0.5,1.5,0.0,0.3,17.8,2.5
2.0,"2019-08-25 07:58:26.000000","2019-08-25 08:15:26.000000",1.0,5.68,1.0,N,238.0,234.0,2.0,19.0,0.0,0.5,0.0,0.0,0.3,22.3,2.5
1.0,"2019-08-25 09:38:23.000000","2019-08-25 09:57:33.000000",1.0,4.5,1.0,N,238.0,234.0,1.0,17.0,2.5,0.5,4.05,0.0,0.3,24.35,2.5
2.0,"2019-08-25 09:15:31.000000","2019-08-25 09:29:46.000000",2.0,4.37,1.0,N,238.0,234.0,1.0,14.5,0.0,0.5,3.56,0.0,0.3,21.36,2.5
1.0,"2019-08-25 10:05:01.000000","2019-08-25 10:28:29.000000",1.0,3.9,1.0,N,238.0,234.0,1.0,17.5,2.5,0.5,4.15,0.0,0.3,24.95,2.5
2.0,"2019-08-25 11:31:04.000000","2019-08-25 11:46:43.000000",2.0,3.82,1.0,N,238.0,234.0,2.0,14.0,0.0,0.5,0.0,0.0,0.3,17.3,2.5
1.0,"2019-08-25 11:44:33.000000","2019-08-25 12:05:51.000000",3.0,5.5,1.0,N,238.0,234.0,1.0,21.0,2.5,0.5,7.25,0.0,0.3,31.55,2.5
1.0,"2019-08-25 11:39:58.000000","2019-08-25 12:10:24.000000",1.0,4.5,1.0,N,238.0,234.0,1.0,21.5,2.5,0.5,4.95,0.0,0.3,29.75,2.5
2.0,"2019-08-25 12:09:22.000000","2019-08-25 12:28:43.000000",1.0,4.19,1.0,N,238.0,234.0,1.0,16.0,0.0,0.5,2.9,0.0,0.3,22.2,2.5
2.0,"2019-08-25 12:32:40.000000","2019-08-25 12:53:38.000000",1.0,5.26,1.0,N,238.0,234.0,1.0,20.0,0.0,0.5,4.66,0.0,0.3,27.96,2.5
1.0,"2019-08-25 12:54:21.000000","2019-08-25 13:21:47.000000",1.0,5.4,1.0,N,238.0,234.0,1.0,21.5,2.5,0.5,2.0,0.0,0.3,26.8,2.5
2.0,"2019-08-25 13:59:42.000000","2019-08-25 14:21:57.000000",1.0,4.9,1.0,N,238.0,234.0,1.0,19.0,0.0,0.5,2.08,0.0,0.3,24.38,2.5
2.0,"2019-08-25 15:37:45.000000","2019-08-25 15:56:16.000000",1.0,3.52,1.0,N,238.0,234.0,2.0,15.0,0.0,0.5,0.0,0.0,0.3,18.3,2.5
2.0,"2019-08-25 15:09:59.000000","2019-08-25 15:33:44.000000",1.0,4.32,1.0,N,238.0,234.0,1.0,18.0,0.0,0.5,4.26,0.0,0.3,25.56,2.5
2.0,"2019-08-25 17:33:17.000000","2019-08-25 17:59:10.000000",1.0,4.33,1.0,N,238.0,234.0,1.0,19.0,0.0,0.5,2.5,0.0,0.3,24.8,2.5
2.0,"2019-08-25 18:38:35.000000","2019-08-25 19:03:56.000000",1.0,4.76,1.0,N,238.0,234.0,1.0,20.0,0.0,0.5,4.66,0.0,0.3,27.96,2.5
1.0,"2019-08-25 19:04:59.000000","2019-08-25 19:23:55.000000",1.0,4.9,1.0,N,238.0,234.0,1.0,18.0,2.5,0.5,4.25,0.0,0.3,25.55,2.5
2.0,"2019-08-25 19:45:50.000000","2019-08-25 20:06:46.000000",1.0,4.13,1.0,N,238.0,234.0,1.0,16.0,0.0,0.5,3.86,0.0,0.3,23.16,2.5
1.0,"2019-08-26 00:41:27.000000","2019-08-26 00:54:26.000000",1.0,4.4,1.0,N,238.0,234.0,1.0,14.5,3.0,0.5,3.65,0.0,0.3,21.95,2.5
2.0,"2019-08-26 06:08:10.000000","2019-08-26 06:23:24.000000",1.0,4.54,1.0,N,238.0,234.0,1.0,16.0,0.0,0.5,2.51,0.0,0.3,21.81,2.5
2.0,"2019-08-26 07:58:59.000000","2019-08-26 08:14:49.000000",1.0,5.2,1.0,N,238.0,234.0,1.0,18.0,0.0,0.5,2.0,0.0,0.3,23.3,2.5
2.0,"2019-08-26 07:01:59.000000","2019-08-26 07:20:56.000000",1.0,4.85,1.0,N,238.0,234.0,1.0,17.0,0.0,0.5,4.06,0.0,0.3,24.36,2.5
2.0,"2019-08-26 07:32:08.000000","2019-08-26 07:49:46.000000",1.0,4.37,1.0,N,238.0,234.0,1.0,16.0,0.0,0.5,1.93,0.0,0.3,21.23,2.5
2.0,"2019-08-26 07:17:55.000000","2019-08-26 07:40:59.000000",5.0,6.08,1.0,N,238.0,234.0,1.0,21.5,0.0,0.5,4.96,0.0,0.3,29.76,2.5
1.0,"2019-08-26 09:03:03.000000","2019-08-26 09:31:32.000000",1.0,4.2,1.0,N,238.0,234.0,1.0,20.0,2.5,0.5,4.65,0.0,0.3,27.95,2.5
2.0,"2019-08-26 10:10:04.000000","2019-08-26 10:34:35.000000",6.0,3.94,1.0,N,238.0,234.0,1.0,17.5,0.0,0.5,4.16,0.0,0.3,24.96,2.5
2.0,"2019-08-26 10:56:56.000000","2019-08-26 11:27:29.000000",1.0,4.52,1.0,N,238.0,234.0,2.0,21.0,0.0,0.5,0.0,0.0,0.3,24.3,2.5
2.0,"2019-08-26 11:50:48.000000","2019-08-26 12:14:10.000000",1.0,6.13,1.0,N,238.0,234.0,1.0,22.5,0.0,0.5,5.16,0.0,0.3,30.96,2.5
2.0,"2019-08-26 12:40:58.000000","2019-08-26 13:01:33.000000",3.0,5.82,1.0,N,238.0,234.0,2.0,21.0,0.0,0.5,0.0,0.0,0.3,24.3,2.5
2.0,"2019-08-26 12:29:26.000000","2019-08-26 13:01:29.000000",6.0,4.18,1.0,N,238.0,234.0,1.0,21.5,0.0,0.5,6.2,0.0,0.3,31.0,2.5
2.0,"2019-08-26 12:28:28.000000","2019-08-26 12:58:30.000000",1.0,5.23,1.0,N,238.0,234.0,1.0,22.5,0.0,0.5,6.45,0.0,0.3,32.25,2.5
1.0,"2019-08-26 14:19:33.000000","2019-08-26 14:44:16.000000",2.0,3.8,1.0,N,238.0,234.0,1.0,17.5,2.5,0.5,4.15,0.0,0.3,24.95,2.5
2.0,"2019-08-26 18:37:27.000000","2019-08-26 18:57:05.000000",2.0,5.02,1.0,N,238.0,234.0,1.0,18.5,1.0,0.5,4.56,0.0,0.3,27.36,2.5
1.0,"2019-08-27 05:42:48.000000","2019-08-27 06:00:44.000000",1.0,4.5,1.0,N,238.0,234.0,1.0,17.0,3.0,0.5,2.7,0.0,0.3,23.5,2.5
2.0,"2019-08-27 06:37:03.000000","2019-08-27 06:52:04.000000",1.0,4.19,1.0,N,238.0,234.0,1.0,15.0,0.0,0.5,3.66,0.0,0.3,21.96,2.5
1.0,"2019-08-27 06:47:52.000000","2019-08-27 07:01:50.000000",1.0,4.0,1.0,N,238.0,234.0,1.0,14.5,2.5,0.5,3.55,0.0,0.3,21.35,2.5
1.0,"2019-08-27 09:47:36.000000","2019-08-27 10:11:08.000000",1.0,3.9,1.0,N,238.0,234.0,1.0,17.5,2.5,0.5,2.08,0.0,0.3,22.88,2.5
1.0,"2019-08-27 10:11:25.000000","2019-08-27 10:30:29.000000",1.0,4.9,1.0,N,238.0,234.0,1.0,17.5,2.5,0.5,1.5,0.0,0.3,22.3,2.5
2.0,"2019-08-27 11:33:57.000000","2019-08-27 12:07:04.000000",2.0,4.15,1.0,N,238.0,234.0,1.0,22.0,0.0,0.5,2.5,0.0,0.3,27.8,2.5
2.0,"2019-08-27 11:30:41.000000","2019-08-27 11:56:35.000000",1.0,5.8,1.0,N,238.0,234.0,1.0,22.5,0.0,0.5,7.74,0.0,0.3,33.54,2.5
2.0,"2019-08-27 11:51:07.000000","2019-08-27 12:18:57.000000",2.0,4.63,1.0,N,238.0,234.0,1.0,20.5,0.0,0.5,4.76,0.0,0.3,28.56,2.5
2.0,"2019-08-27 12:46:40.000000","2019-08-27 13:17:05.000000",1.0,4.26,1.0,N,238.0,234.0,2.0,20.5,0.0,0.5,0.0,0.0,0.3,23.8,2.5
2.0,"2019-08-27 12:13:57.000000","2019-08-27 12:41:56.000000",1.0,5.06,1.0,N,238.0,234.0,1.0,22.0,0.0,0.5,1.5,0.0,0.3,26.8,2.5
2.0,"2019-08-27 13:02:23.000000","2019-08-27 13:29:53.000000",1.0,6.01,1.0,N,238.0,234.0,2.0,24.0,0.0,0.5,0.0,0.0,0.3,27.3,2.5
2.0,"2019-08-27 13:16:22.000000","2019-08-27 13:42:26.000000",1.0,3.96,1.0,N,238.0,234.0,1.0,18.5,0.0,0.5,3.0,0.0,0.3,24.8,2.5
2.0,"2019-08-27 14:00:22.000000","2019-08-27 14:28:45.000000",6.0,5.54,1.0,N,238.0,234.0,2.0,22.0,0.0,0.5,0.0,0.0,0.3,25.3,2.5
1.0,"2019-08-27 14:06:16.000000","2019-08-27 14:27:34.000000",1.0,3.8,1.0,N,238.0,234.0,1.0,16.5,2.5,0.5,3.5,0.0,0.3,23.3,2.5
2.0,"2019-08-27 15:39:27.000000","2019-08-27 15:59:24.000000",2.0,4.57,1.0,N,238.0,234.0,1.0,17.5,0.0,0.5,4.16,0.0,0.3,24.96,2.5
1.0,"2019-08-27 15:08:19.000000","2019-08-27 15:43:23.000000",2.0,5.9,1.0,N,238.0,234.0,1.0,25.5,0.0,0.5,0.0,0.0,0.3,26.3,0.0
2.0,"2019-08-27 15:43:30.000000","2019-08-27 16:03:25.000000",3.0,5.48,1.0,N,238.0,234.0,1.0,20.0,0.0,0.5,5.82,0.0,0.3,29.12,2.5
1.0,"2019-08-27 16:17:27.000000","2019-08-27 16:42:36.000000",1.0,4.2,1.0,Y,238.0,234.0,1.0,18.5,3.5,0.5,4.55,0.0,0.3,27.35,2.5
2.0,"2019-08-27 16:51:31.000000","2019-08-27 17:26:27.000000",1.0,5.6,1.0,N,238.0,234.0,2.0,25.5,1.0,0.5,0.0,0.0,0.3,29.8,2.5
2.0,"2019-08-27 17:58:03.000000","2019-08-27 18:21:15.000000",1.0,4.11,1.0,N,238.0,234.0,1.0,18.0,1.0,0.5,4.46,0.0,0.3,26.76,2.5
2.0,"2019-08-27 19:23:41.000000","2019-08-27 19:44:03.000000",1.0,4.34,1.0,N,238.0,234.0,2.0,16.5,1.0,0.5,0.0,0.0,0.3,20.8,2.5
2.0,"2019-08-27 20:37:00.000000","2019-08-27 20:59:38.000000",1.0,3.48,1.0,N,238.0,234.0,1.0,16.5,0.5,0.5,1.0,0.0,0.3,21.3,2.5
1.0,"2019-08-27 20:17:32.000000","2019-08-27 20:34:02.000000",1.0,4.9,1.0,Y,238.0,234.0,1.0,17.0,3.0,0.5,2.0,0.0,0.3,22.8,2.5
2.0,"2019-08-28 05:48:35.000000","2019-08-28 06:03:18.000000",1.0,4.35,1.0,N,238.0,234.0,1.0,15.5,0.5,0.5,2.51,0.0,0.3,21.81,2.5
1.0,"2019-08-28 06:31:46.000000","2019-08-28 06:50:53.000000",1.0,4.0,1.0,N,238.0,234.0,1.0,16.0,2.5,0.5,3.86,0.0,0.3,23.16,2.5
1.0,"2019-08-28 06:00:09.000000","2019-08-28 06:13:20.000000",1.0,4.2,1.0,N,238.0,234.0,2.0,14.5,2.5,0.5,0.0,0.0,0.3,17.8,2.5
2.0,"2019-08-28 06:41:54.000000","2019-08-28 06:55:38.000000",1.0,4.01,1.0,N,238.0,234.0,1.0,14.0,0.0,0.5,4.32,0.0,0.3,21.62,2.5
1.0,"2019-08-28 07:36:14.000000","2019-08-28 07:59:35.000000",1.0,4.7,1.0,N,238.0,234.0,1.0,18.5,2.5,0.5,3.27,0.0,0.3,25.07,2.5
2.0,"2019-08-28 08:43:36.000000","2019-08-28 09:17:48.000000",1.0,4.14,1.0,N,238.0,234.0,1.0,21.5,0.0,0.5,4.96,0.0,0.3,29.76,2.5
2.0,"2019-08-28 08:37:31.000000","2019-08-28 09:07:45.000000",5.0,4.17,1.0,N,238.0,234.0,1.0,20.0,0.0,0.5,4.0,0.0,0.3,27.3,2.5
2.0,"2019-08-28 08:44:04.000000","2019-08-28 09:08:04.000000",1.0,4.05,1.0,N,238.0,234.0,2.0,18.0,0.0,0.5,0.0,0.0,0.3,21.3,2.5
2.0,"2019-08-28 08:01:28.000000","2019-08-28 08:24:03.000000",5.0,4.4,1.0,N,238.0,234.0,1.0,18.0,0.0,0.5,6.39,0.0,0.3,27.69,2.5
2.0,"2019-08-28 09:03:53.000000","2019-08-28 09:29:57.000000",2.0,4.5,1.0,N,238.0,234.0,1.0,19.0,0.0,0.5,4.46,0.0,0.3,26.76,2.5
2.0,"2019-08-28 09:57:22.000000","2019-08-28 10:30:02.000000",1.0,4.61,1.0,Y,238.0,234.0,1.0,22.5,0.0,0.5,2.0,0.0,0.3,25.3,0.0
2.0,"2019-08-28 09:10:03.000000","2019-08-28 09:38:53.000000",3.0,3.97,1.0,N,238.0,234.0,1.0,19.5,0.0,0.5,5.7,0.0,0.3,28.5,2.5
1.0,"2019-08-28 09:01:11.000000","2019-08-28 09:26:27.000000",1.0,4.9,1.0,N,238.0,234.0,1.0,20.0,2.5,0.5,2.0,0.0,0.3,25.3,2.5
2.0,"2019-08-28 09:37:03.000000","2019-08-28 10:12:41.000000",2.0,5.12,1.0,N,238.0,234.0,1.0,25.0,0.0,0.5,5.66,0.0,0.3,33.96,2.5
2.0,"2019-08-28 10:06:26.000000","2019-08-28 10:37:33.000000",1.0,4.32,1.0,N,238.0,234.0,1.0,21.5,0.0,0.5,3.0,0.0,0.3,27.8,2.5
2.0,"2019-08-28 10:03:55.000000","2019-08-28 10:36:10.000000",1.0,4.52,1.0,N,238.0,234.0,1.0,22.0,0.0,0.5,3.5,0.0,0.3,28.8,2.5
2.0,"2019-08-28 10:10:25.000000","2019-08-28 10:54:17.000000",1.0,5.38,1.0,N,238.0,234.0,1.0,28.0,0.0,0.5,0.0,0.0,0.3,28.8,0.0
2.0,"2019-08-28 15:51:46.000000","2019-08-28 16:20:06.000000",1.0,3.78,1.0,N,238.0,234.0,1.0,19.0,0.0,0.5,3.0,0.0,0.3,25.3,2.5
1.0,"2019-08-28 15:16:12.000000","2019-08-28 15:50:05.000000",2.0,4.0,1.0,N,238.0,234.0,1.0,22.5,2.5,0.5,7.7,0.0,0.3,33.5,2.5
1.0,"2019-08-28 16:50:00.000000","2019-08-28 17:16:16.000000",2.0,4.8,1.0,N,238.0,234.0,1.0,21.5,3.5,0.5,5.15,0.0,0.3,30.95,2.5
2.0,"2019-08-28 16:48:31.000000","2019-08-28 17:12:14.000000",2.0,4.51,1.0,N,238.0,234.0,1.0,18.5,1.0,0.5,4.56,0.0,0.3,27.36,2.5
1.0,"2019-08-28 17:10:30.000000","2019-08-28 17:33:09.000000",1.0,4.0,1.0,N,238.0,234.0,1.0,17.0,3.5,0.5,3.0,0.0,0.3,24.3,2.5
1.0,"2019-08-28 17:09:00.000000","2019-08-28 17:27:04.000000",2.0,4.5,1.0,N,238.0,234.0,1.0,16.5,3.5,0.5,4.0,0.0,0.3,24.8,2.5
2.0,"2019-08-28 20:08:28.000000","2019-08-28 20:29:59.000000",1.0,3.95,1.0,N,238.0,234.0,1.0,16.5,0.5,0.5,4.06,0.0,0.3,24.36,2.5
2.0,"2019-08-28 21:32:28.000000","2019-08-28 21:50:48.000000",2.0,5.68,1.0,N,238.0,234.0,2.0,19.5,0.5,0.5,0.0,0.0,0.3,23.3,2.5
2.0,"2019-08-28 22:14:40.000000","2019-08-28 22:32:21.000000",1.0,5.52,1.0,N,238.0,234.0,1.0,19.0,0.5,0.5,4.56,0.0,0.3,27.36,2.5
2.0,"2019-08-28 23:35:31.000000","2019-08-28 23:51:11.000000",2.0,4.47,1.0,N,238.0,234.0,1.0,16.0,0.5,0.5,3.96,0.0,0.3,23.76,2.5
2.0,"2019-08-29 05:59:13.000000","2019-08-29 06:12:46.000000",1.0,4.0,1.0,N,238.0,234.0,1.0,14.0,0.5,0.5,3.56,0.0,0.3,21.36,2.5
2.0,"2019-08-29 05:42:35.000000","2019-08-29 05:57:41.000000",1.0,4.4,1.0,N,238.0,234.0,1.0,15.5,0.5,0.5,2.51,0.0,0.3,21.81,2.5
1.0,"2019-08-29 07:47:54.000000","2019-08-29 08:28:50.000000",1.0,5.5,1.0,N,238.0,234.0,1.0,27.0,2.5,0.5,6.05,0.0,0.3,36.35,2.5
1.0,"2019-08-29 07:35:58.000000","2019-08-29 07:53:16.000000",1.0,4.4,1.0,N,238.0,234.0,1.0,15.5,2.5,0.5,1.88,0.0,0.3,20.68,2.5
2.0,"2019-08-29 07:36:27.000000","2019-08-29 07:53:50.000000",1.0,4.62,1.0,N,238.0,234.0,1.0,16.0,0.0,0.5,3.86,0.0,0.3,23.16,2.5
2.0,"2019-08-29 08:09:32.000000","2019-08-29 08:31:59.000000",1.0,4.6,1.0,N,238.0,234.0,1.0,18.0,0.0,0.5,3.25,0.0,0.3,24.55,2.5
1.0,"2019-08-29 08:50:52.000000","2019-08-29 09:17:01.000000",1.0,4.1,1.0,N,238.0,234.0,1.0,18.5,2.5,0.5,4.0,0.0,0.3,25.8,2.5
1.0,"2019-08-29 09:00:10.000000","2019-08-29 09:30:37.000000",1.0,5.0,1.0,N,238.0,234.0,1.0,22.5,2.5,0.5,5.15,0.0,0.3,30.95,2.5
2.0,"2019-08-29 09:26:57.000000","2019-08-29 09:54:06.000000",1.0,4.23,1.0,N,238.0,234.0,1.0,19.0,0.0,0.5,5.58,0.0,0.3,27.88,2.5
1.0,"2019-08-29 10:05:58.000000","2019-08-29 10:24:23.000000",1.0,4.5,1.0,N,238.0,234.0,1.0,17.0,2.5,0.5,4.05,0.0,0.3,24.35,2.5
2.0,"2019-08-29 11:43:33.000000","2019-08-29 12:14:23.000000",1.0,4.78,1.0,N,238.0,234.0,1.0,22.0,0.0,0.5,5.06,0.0,0.3,30.36,2.5
1.0,"2019-08-29 11:30:53.000000","2019-08-29 12:02:42.000000",1.0,5.7,1.0,N,238.0,234.0,1.0,24.5,2.5,0.5,3.0,0.0,0.3,30.8,2.5
2.0,"2019-08-29 13:20:18.000000","2019-08-29 13:50:09.000000",2.0,4.42,1.0,N,238.0,234.0,1.0,20.5,0.0,0.5,7.14,0.0,0.3,30.94,2.5
2.0,"2019-08-29 14:23:40.000000","2019-08-29 14:54:04.000000",1.0,4.41,1.0,N,238.0,234.0,2.0,21.0,0.0,0.5,0.0,0.0,0.3,24.3,2.5
2.0,"2019-08-29 15:52:38.000000","2019-08-29 16:13:15.000000",5.0,5.06,1.0,N,238.0,234.0,1.0,18.0,0.0,0.5,4.26,0.0,0.3,25.56,2.5
2.0,"2019-08-29 17:26:16.000000","2019-08-29 18:02:28.000000",1.0,4.27,1.0,N,238.0,234.0,2.0,23.5,1.0,0.5,0.0,0.0,0.3,27.8,2.5
2.0,"2019-08-29 22:01:24.000000","2019-08-29 22:17:19.000000",1.0,4.08,1.0,N,238.0,234.0,1.0,15.0,0.5,0.5,4.7,0.0,0.3,23.5,2.5
2.0,"2019-08-30 05:47:05.000000","2019-08-30 06:00:53.000000",1.0,4.41,1.0,N,238.0,234.0,1.0,15.0,0.5,0.5,2.44,0.0,0.3,21.24,2.5
1.0,"2019-08-30 07:55:30.000000","2019-08-30 08:15:55.000000",2.0,4.4,1.0,N,238.0,234.0,1.0,17.0,2.5,0.5,4.05,0.0,0.3,24.35,2.5
1.0,"2019-08-30 07:46:09.000000","2019-08-30 08:03:33.000000",2.0,4.5,1.0,N,238.0,234.0,1.0,16.5,2.5,0.5,2.97,0.0,0.3,22.77,2.5
2.0,"2019-08-30 08:28:49.000000","2019-08-30 08:47:47.000000",3.0,3.69,1.0,N,238.0,234.0,2.0,15.0,0.0,0.5,0.0,0.0,0.3,18.3,2.5
1.0,"2019-08-30 09:02:58.000000","2019-08-30 09:25:39.000000",1.0,4.9,1.0,N,238.0,234.0,1.0,19.5,2.5,0.5,0.0,0.0,0.3,22.8,2.5
1.0,"2019-08-30 09:49:25.000000","2019-08-30 10:15:25.000000",1.0,4.7,1.0,N,238.0,234.0,1.0,21.0,2.5,0.5,3.0,0.0,0.3,27.3,2.5
1.0,"2019-08-30 10:18:49.000000","2019-08-30 10:42:45.000000",1.0,5.8,1.0,N,238.0,234.0,1.0,22.0,2.5,0.5,5.05,0.0,0.3,30.35,2.5
2.0,"2019-08-30 10:23:39.000000","2019-08-30 10:41:47.000000",1.0,5.07,1.0,N,238.0,234.0,1.0,17.5,0.0,0.5,4.16,0.0,0.3,24.96,2.5
2.0,"2019-08-30 11:35:34.000000","2019-08-30 11:59:10.000000",1.0,5.06,1.0,N,238.0,234.0,1.0,20.0,0.0,0.5,2.0,0.0,0.3,25.3,2.5
2.0,"2019-08-30 12:01:34.000000","2019-08-30 12:31:15.000000",5.0,3.93,1.0,N,238.0,234.0,1.0,20.0,0.0,0.5,2.0,0.0,0.3,25.3,2.5
2.0,"2019-08-30 13:35:49.000000","2019-08-30 14:01:07.000000",1.0,5.37,1.0,N,238.0,234.0,1.0,21.5,0.0,0.5,2.0,0.0,0.3,26.8,2.5
1.0,"2019-08-30 16:09:01.000000","2019-08-30 16:31:26.000000",1.0,4.9,1.0,N,238.0,234.0,1.0,19.5,3.5,0.5,2.0,0.0,0.3,25.8,2.5
2.0,"2019-08-30 17:56:42.000000","2019-08-30 18:20:05.000000",1.0,5.28,1.0,N,238.0,234.0,2.0,20.0,1.0,0.5,0.0,0.0,0.3,24.3,2.5
2.0,"2019-08-30 17:41:03.000000","2019-08-30 17:59:44.000000",1.0,4.13,1.0,N,238.0,234.0,2.0,15.5,1.0,0.5,0.0,0.0,0.3,19.8,2.5
2.0,"2019-08-30 17:59:19.000000","2019-08-30 18:17:17.000000",4.0,5.2,1.0,N,238.0,234.0,1.0,18.0,1.0,0.5,4.46,0.0,0.3,26.76,2.5
1.0,"2019-08-30 19:36:44.000000","2019-08-30 19:57:26.000000",1.0,4.1,1.0,N,238.0,234.0,1.0,16.5,3.5,0.5,4.15,0.0,0.3,24.95,2.5
1.0,"2019-08-30 21:30:47.000000","2019-08-30 21:53:40.000000",3.0,4.9,1.0,N,238.0,234.0,1.0,19.5,3.0,0.5,3.0,0.0,0.3,26.3,2.5
2.0,"2019-08-31 00:54:10.000000","2019-08-31 01:12:36.000000",4.0,4.4,1.0,N,238.0,234.0,1.0,17.0,0.5,0.5,5.2,0.0,0.3,26.0,2.5
2.0,"2019-08-31 00:31:29.000000","2019-08-31 00:44:51.000000",1.0,3.7,1.0,N,238.0,234.0,1.0,13.0,0.5,0.5,3.36,0.0,0.3,20.16,2.5
2.0,"2019-08-31 00:14:24.000000","2019-08-31 00:31:12.000000",1.0,4.2,1.0,N,238.0,234.0,1.0,15.0,0.5,0.5,3.76,0.0,0.3,22.56,2.5
2.0,"2019-08-31 09:11:14.000000","2019-08-31 09:28:43.000000",6.0,4.0,1.0,N,238.0,234.0,1.0,15.5,0.0,0.5,3.76,0.0,0.3,22.56,2.5
2.0,"2019-08-31 09:24:37.000000","2019-08-31 09:43:10.000000",1.0,4.45,1.0,N,238.0,234.0,1.0,16.5,0.0,0.5,3.96,0.0,0.3,23.76,2.5
1.0,"2019-08-31 09:06:42.000000","2019-08-31 09:20:26.000000",1.0,3.9,1.0,N,238.0,234.0,1.0,14.0,2.5,0.5,2.0,0.0,0.3,19.3,2.5
2.0,"2019-08-31 09:56:27.000000","2019-08-31 10:10:21.000000",1.0,3.92,1.0,N,238.0,234.0,1.0,13.5,0.0,0.5,3.36,0.0,0.3,20.16,2.5
2.0,"2019-08-31 09:55:28.000000","2019-08-31 10:14:37.000000",1.0,5.77,1.0,N,238.0,234.0,1.0,20.0,0.0,0.5,4.66,0.0,0.3,27.96,2.5
1.0,"2019-08-31 12:49:57.000000","2019-08-31 13:12:04.000000",1.0,4.7,1.0,N,238.0,234.0,1.0,18.0,2.5,0.5,5.3,0.0,0.3,26.6,2.5
2.0,"2019-08-31 14:02:48.000000","2019-08-31 14:22:06.000000",1.0,4.15,1.0,N,238.0,234.0,1.0,16.0,0.0,0.5,3.86,0.0,0.3,23.16,2.5
2.0,"2019-08-31 16:19:14.000000","2019-08-31 16:40:19.000000",6.0,5.87,1.0,N,238.0,234.0,1.0,21.0,0.0,0.5,2.0,0.0,0.3,26.3,2.5
2.0,"2019-08-31 16:31:40.000000","2019-08-31 16:58:19.000000",1.0,5.0,1.0,N,238.0,234.0,1.0,21.0,0.0,0.5,4.86,0.0,0.3,29.16,2.5
1.0,"2019-08-31 17:24:17.000000","2019-08-31 17:55:00.000000",3.0,4.3,1.0,N,238.0,234.0,1.0,21.5,2.5,0.5,4.96,0.0,0.3,29.76,2.5
2.0,"2019-08-31 17:10:59.000000","2019-08-31 17:33:34.000000",1.0,4.56,1.0,N,238.0,234.0,1.0,18.5,0.0,0.5,1.0,0.0,0.3,22.8,2.5
1.0,"2019-08-31 18:03:50.000000","2019-08-31 18:33:40.000000",1.0,4.3,1.0,N,238.0,234.0,1.0,20.5,2.5,0.5,4.75,0.0,0.3,28.55,2.5
1.0,"2019-08-31 18:44:18.000000","2019-08-31 19:10:08.000000",1.0,5.3,1.0,N,238.0,234.0,1.0,21.5,2.5,0.5,4.96,0.0,0.3,29.76,2.5
2.0,"2019-08-31 20:51:31.000000","2019-08-31 21:13:51.000000",1.0,4.66,1.0,N,238.0,234.0,1.0,19.0,0.5,0.5,4.56,0.0,0.3,27.36,2.5
1.0,"2019-08-31 21:49:23.000000","2019-08-31 22:06:29.000000",1.0,4.7,1.0,N,238.0,234.0,1.0,17.5,3.0,0.5,5.3,0.0,0.3,26.6,2.5
