2.0,"2019-08-01 05:59:29.000000","2019-08-01 06:17:00.000000",1.0,3.89,1.0,N,262.0,234.0,1.0,15.5,0.5,0.5,0.0,0.0,0.3,19.3,2.5
1.0,"2019-08-01 07:19:47.000000","2019-08-01 07:34:51.000000",1.0,4.0,1.0,N,262.0,234.0,1.0,15.0,2.5,0.5,5.45,0.0,0.3,23.75,2.5
2.0,"2019-08-01 08:00:36.000000","2019-08-01 08:20:32.000000",1.0,4.4,1.0,N,262.0,234.0,1.0,17.0,0.0,0.5,4.06,0.0,0.3,24.36,2.5
1.0,"2019-08-01 08:52:50.000000","2019-08-01 09:36:40.000000",1.0,4.1,1.0,N,262.0,234.0,1.0,26.5,2.5,0.5,5.95,0.0,0.3,35.75,2.5
2.0,"2019-08-01 08:33:45.000000","2019-08-01 08:57:06.000000",1.0,4.58,1.0,N,262.0,234.0,1.0,18.5,0.0,0.5,3.27,0.0,0.3,25.07,2.5
2.0,"2019-08-01 08:27:26.000000","2019-08-01 08:49:58.000000",5.0,4.53,1.0,N,262.0,234.0,1.0,18.5,0.0,0.5,1.0,0.0,0.3,22.8,2.5
1.0,"2019-08-01 08:27:54.000000","2019-08-01 08:50:06.000000",1.0,4.2,1.0,N,262.0,234.0,1.0,17.5,2.5,0.5,4.15,0.0,0.3,24.95,2.5
2.0,"2019-08-01 08:30:52.000000","2019-08-01 08:52:42.000000",2.0,4.03,1.0,N,262.0,234.0,2.0,17.5,0.0,0.5,0.0,0.0,0.3,20.8,2.5
2.0,"2019-08-01 09:42:04.000000","2019-08-01 09:59:59.000000",1.0,3.96,1.0,N,262.0,234.0,1.0,15.5,0.0,0.5,3.76,0.0,0.3,22.56,2.5
1.0,"2019-08-01 09:14:28.000000","2019-08-01 09:33:19.000000",1.0,3.9,1.0,N,262.0,234.0,1.0,15.5,2.5,0.5,3.75,0.0,0.3,22.55,2.5
1.0,"2019-08-01 10:33:10.000000","2019-08-01 10:58:35.000000",1.0,3.9,1.0,N,262.0,234.0,1.0,19.5,2.5,0.5,4.55,0.0,0.3,27.35,2.5
2.0,"2019-08-01 10:03:49.000000","2019-08-01 10:25:43.000000",1.0,3.82,1.0,N,262.0,234.0,1.0,17.5,0.0,0.5,5.2,0.0,0.3,26.0,2.5
1.0,"2019-08-01 10:35:32.000000","2019-08-01 11:00:31.000000",1.0,3.9,1.0,N,262.0,234.0,1.0,19.5,2.5,0.5,2.0,0.0,0.3,24.8,2.5
2.0,"2019-08-01 10:28:27.000000","2019-08-01 10:46:36.000000",1.0,4.23,1.0,N,262.0,234.0,1.0,16.5,0.0,0.5,2.97,0.0,0.3,22.77,2.5
2.0,"2019-08-01 10:39:10.000000","2019-08-01 10:58:26.000000",5.0,4.38,1.0,N,262.0,234.0,1.0,17.0,0.0,0.5,3.65,0.0,0.3,23.95,2.5
2.0,"2019-08-01 10:07:11.000000","2019-08-01 10:27:34.000000",1.0,4.05,1.0,N,262.0,234.0,1.0,17.5,0.0,0.5,4.16,0.0,0.3,24.96,2.5
2.0,"2019-08-01 11:12:39.000000","2019-08-01 11:49:21.000000",4.0,3.89,1.0,N,262.0,234.0,1.0,23.0,0.0,0.5,5.26,0.0,0.3,31.56,2.5
2.0,"2019-08-01 11:14:59.000000","2019-08-01 11:34:58.000000",1.0,5.07,1.0,N,262.0,234.0,1.0,19.0,0.0,0.5,4.46,0.0,0.3,26.76,2.5
2.0,"2019-08-01 11:05:58.000000","2019-08-01 11:26:11.000000",2.0,4.37,1.0,N,262.0,234.0,1.0,18.0,0.0,0.5,2.7,0.0,0.3,24.0,2.5
1.0,"2019-08-01 11:43:00.000000","2019-08-01 12:08:57.000000",1.0,5.2,1.0,N,262.0,234.0,1.0,21.5,2.5,0.5,2.0,0.0,0.3,26.8,2.5
1.0,"2019-08-01 12:13:52.000000","2019-08-01 12:31:11.000000",1.0,4.2,1.0,N,262.0,234.0,1.0,16.5,2.5,0.5,3.95,0.0,0.3,23.75,2.5
1.0,"2019-08-01 13:28:01.000000","2019-08-01 14:02:49.000000",1.0,3.5,1.0,N,262.0,234.0,1.0,21.5,2.5,0.5,4.95,0.0,0.3,29.75,2.5
1.0,"2019-08-01 14:31:19.000000","2019-08-01 14:50:06.000000",1.0,3.9,1.0,N,262.0,234.0,1.0,15.5,2.5,0.5,2.82,0.0,0.3,21.62,2.5
2.0,"2019-08-01 16:51:02.000000","2019-08-01 17:07:44.000000",1.0,4.32,1.0,N,262.0,234.0,1.0,15.5,1.0,0.5,1.0,0.0,0.3,20.8,2.5
1.0,"2019-08-01 16:14:21.000000","2019-08-01 16:37:46.000000",1.0,4.2,1.0,N,262.0,234.0,1.0,18.0,3.5,0.5,1.0,0.0,0.3,23.3,2.5
2.0,"2019-08-01 18:02:26.000000","2019-08-01 18:37:08.000000",1.0,4.09,1.0,N,262.0,234.0,1.0,22.0,1.0,0.5,6.58,0.0,0.3,32.88,2.5
1.0,"2019-08-01 18:02:52.000000","2019-08-01 18:25:02.000000",1.0,5.0,1.0,N,262.0,234.0,1.0,18.5,3.5,0.5,1.0,0.0,0.3,23.8,2.5
2.0,"2019-08-01 18:51:33.000000","2019-08-01 19:17:57.000000",3.0,4.63,1.0,N,262.0,234.0,1.0,20.5,1.0,0.5,4.96,0.0,0.3,29.76,2.5
2.0,"2019-08-01 19:15:32.000000","2019-08-01 19:36:17.000000",1.0,4.16,1.0,N,262.0,234.0,1.0,17.5,1.0,0.5,3.27,0.0,0.3,25.07,2.5
2.0,"2019-08-01 23:36:42.000000","2019-08-01 23:53:19.000000",1.0,3.36,1.0,N,262.0,234.0,1.0,13.5,0.5,0.5,2.0,0.0,0.3,19.3,2.5
1.0,"2019-08-02 06:40:48.000000","2019-08-02 06:56:12.000000",1.0,3.5,1.0,N,262.0,234.0,1.0,13.5,2.5,0.5,3.35,0.0,0.3,20.15,2.5
2.0,"2019-08-02 07:26:46.000000","2019-08-02 07:44:58.000000",1.0,4.2,1.0,N,262.0,234.0,1.0,17.0,0.0,0.5,3.65,0.0,0.3,23.95,2.5
1.0,"2019-08-02 08:16:10.000000","2019-08-02 08:35:31.000000",1.0,4.0,1.0,N,262.0,234.0,1.0,17.0,2.5,0.5,4.05,0.0,0.3,24.35,2.5
2.0,"2019-08-02 08:28:59.000000","2019-08-02 08:48:56.000000",3.0,4.53,1.0,N,262.0,234.0,1.0,18.0,0.0,0.5,4.26,0.0,0.3,25.56,2.5
2.0,"2019-08-02 08:46:28.000000","2019-08-02 09:08:21.000000",1.0,3.99,1.0,N,262.0,234.0,1.0,18.0,0.0,0.5,3.0,0.0,0.3,24.3,2.5
1.0,"2019-08-02 08:25:36.000000","2019-08-02 08:44:15.000000",1.0,4.6,1.0,N,262.0,234.0,1.0,17.0,2.5,0.5,4.05,0.0,0.3,24.35,2.5
1.0,"2019-08-02 09:11:58.000000","2019-08-02 09:29:41.000000",1.0,3.8,1.0,N,262.0,234.0,1.0,16.0,2.5,0.5,5.0,0.0,0.3,24.3,2.5
2.0,"2019-08-02 09:25:26.000000","2019-08-02 09:41:38.000000",1.0,3.85,1.0,N,262.0,234.0,2.0,15.0,0.0,0.5,0.0,0.0,0.3,18.3,2.5
1.0,"2019-08-02 09:07:19.000000","2019-08-02 09:26:47.000000",1.0,3.7,1.0,Y,262.0,234.0,1.0,16.5,2.5,0.5,3.95,0.0,0.3,23.75,2.5
2.0,"2019-08-02 09:25:11.000000","2019-08-02 09:38:38.000000",1.0,3.77,1.0,N,262.0,234.0,1.0,14.0,0.0,0.5,3.46,0.0,0.3,20.76,2.5
2.0,"2019-08-02 09:02:41.000000","2019-08-02 09:26:29.000000",6.0,4.89,1.0,N,262.0,234.0,1.0,19.5,0.0,0.5,3.42,0.0,0.3,26.22,2.5
1.0,"2019-08-02 09:54:19.000000","2019-08-02 10:09:12.000000",1.0,3.8,1.0,N,262.0,234.0,1.0,14.5,2.5,0.5,3.0,0.0,0.3,20.8,2.5
2.0,"2019-08-02 10:18:01.000000","2019-08-02 10:33:48.000000",6.0,3.77,1.0,N,262.0,234.0,1.0,15.0,0.0,0.5,3.66,0.0,0.3,21.96,2.5
2.0,"2019-08-02 10:53:28.000000","2019-08-02 11:15:28.000000",2.0,3.79,1.0,N,262.0,234.0,1.0,18.0,0.0,0.5,2.0,0.0,0.3,23.3,2.5
2.0,"2019-08-02 11:52:28.000000","2019-08-02 12:08:21.000000",1.0,3.87,1.0,N,262.0,234.0,1.0,15.0,0.0,0.5,1.2,0.0,0.3,19.5,2.5
1.0,"2019-08-02 11:39:40.000000","2019-08-02 11:59:42.000000",1.0,4.2,1.0,N,262.0,234.0,1.0,17.5,2.5,0.5,3.12,0.0,0.3,23.92,2.5
2.0,"2019-08-02 11:03:19.000000","2019-08-02 11:26:58.000000",1.0,4.59,1.0,N,262.0,234.0,1.0,19.5,0.0,0.5,4.56,0.0,0.3,27.36,2.5
2.0,"2019-08-02 13:54:25.000000","2019-08-02 14:09:52.000000",2.0,4.39,1.0,N,262.0,234.0,1.0,16.0,0.0,0.5,5.79,0.0,0.3,25.09,2.5
1.0,"2019-08-02 16:28:54.000000","2019-08-02 16:46:34.000000",1.0,3.9,1.0,N,262.0,234.0,2.0,15.5,3.5,0.5,0.0,0.0,0.3,19.8,2.5
1.0,"2019-08-02 16:20:10.000000","2019-08-02 16:43:32.000000",1.0,4.3,1.0,N,262.0,234.0,1.0,18.0,3.5,0.5,2.0,0.0,0.3,24.3,2.5
2.0,"2019-08-02 17:24:16.000000","2019-08-02 17:44:18.000000",1.0,3.89,1.0,N,262.0,234.0,1.0,16.0,1.0,0.5,4.06,0.0,0.3,24.36,2.5
2.0,"2019-08-02 18:18:56.000000","2019-08-02 18:35:13.000000",1.0,3.86,1.0,N,262.0,234.0,1.0,15.5,1.0,0.5,3.96,0.0,0.3,23.76,2.5
2.0,"2019-08-02 19:59:26.000000","2019-08-02 20:18:24.000000",2.0,4.0,1.0,N,262.0,234.0,1.0,17.0,1.0,0.5,2.0,0.0,0.3,23.3,2.5
1.0,"2019-08-02 19:37:53.000000","2019-08-02 19:53:50.000000",2.0,4.0,1.0,N,262.0,234.0,1.0,16.0,3.5,0.5,4.05,0.0,0.3,24.35,2.5
2.0,"2019-08-02 19:13:02.000000","2019-08-02 19:35:02.000000",1.0,4.83,1.0,N,262.0,234.0,1.0,19.0,1.0,0.5,1.0,0.0,0.3,24.3,2.5
2.0,"2019-08-02 20:14:41.000000","2019-08-02 20:30:22.000000",1.0,4.2,1.0,N,262.0,234.0,2.0,15.5,0.5,0.5,0.0,0.0,0.3,19.3,2.5
1.0,"2019-08-03 09:02:41.000000","2019-08-03 09:18:35.000000",1.0,4.1,1.0,N,262.0,234.0,1.0,16.0,2.5,0.5,1.7,0.0,0.3,21.0,2.5
2.0,"2019-08-03 09:36:24.000000","2019-08-03 09:54:42.000000",1.0,4.06,1.0,N,262.0,234.0,1.0,17.0,0.0,0.5,4.06,0.0,0.3,24.36,2.5
2.0,"2019-08-03 09:20:31.000000","2019-08-03 09:40:34.000000",1.0,4.39,1.0,N,262.0,234.0,2.0,16.5,0.0,0.5,0.0,0.0,0.3,19.8,2.5
2.0,"2019-08-03 11:35:12.000000","2019-08-03 11:55:28.000000",5.0,3.7,1.0,N,262.0,234.0,2.0,17.5,0.0,0.5,0.0,0.0,0.3,20.8,2.5
2.0,"2019-08-03 11:36:41.000000","2019-08-03 11:56:55.000000",1.0,4.97,1.0,N,262.0,234.0,2.0,19.0,0.0,0.5,0.0,0.0,0.3,22.3,2.5
1.0,"2019-08-03 15:13:02.000000","2019-08-03 15:26:47.000000",1.0,3.5,1.0,N,262.0,234.0,2.0,13.5,2.5,0.5,0.0,0.0,0.3,16.8,2.5
2.0,"2019-08-03 15:00:42.000000","2019-08-03 15:15:40.000000",4.0,3.91,1.0,N,262.0,234.0,1.0,14.5,0.0,0.5,2.0,0.0,0.3,19.8,2.5
1.0,"2019-08-03 18:40:44.000000","2019-08-03 18:57:00.000000",0.0,4.5,1.0,N,262.0,234.0,1.0,16.5,2.5,0.5,3.95,0.0,0.3,23.75,2.5
2.0,"2019-08-03 18:19:23.000000","2019-08-03 18:36:05.000000",3.0,3.74,1.0,N,262.0,234.0,1.0,14.0,0.0,0.5,2.5,0.0,0.3,19.8,2.5
2.0,"2019-08-03 19:17:14.000000","2019-08-03 19:29:35.000000",1.0,3.63,1.0,N,262.0,234.0,1.0,13.5,0.0,0.5,3.36,0.0,0.3,20.16,2.5
1.0,"2019-08-03 20:16:51.000000","2019-08-03 20:34:37.000000",2.0,4.2,1.0,N,262.0,234.0,1.0,16.5,3.0,0.5,4.05,0.0,0.3,24.35,2.5
2.0,"2019-08-03 20:54:08.000000","2019-08-03 21:08:35.000000",2.0,4.07,1.0,N,262.0,234.0,1.0,15.0,0.5,0.5,3.76,0.0,0.3,22.56,2.5
1.0,"2019-08-03 20:20:33.000000","2019-08-03 20:36:36.000000",2.0,3.5,1.0,N,262.0,234.0,1.0,14.0,3.0,0.5,3.55,0.0,0.3,21.35,2.5
2.0,"2019-08-03 21:13:14.000000","2019-08-03 21:27:19.000000",1.0,4.07,1.0,N,262.0,234.0,1.0,15.0,0.5,0.5,0.94,0.0,0.3,19.74,2.5
2.0,"2019-08-04 08:33:33.000000","2019-08-04 08:45:15.000000",1.0,4.57,1.0,N,262.0,234.0,2.0,15.0,0.0,0.5,0.0,0.0,0.3,18.3,2.5
1.0,"2019-08-04 11:55:49.000000","2019-08-04 12:15:15.000000",1.0,3.8,1.0,N,262.0,234.0,1.0,16.5,2.5,0.5,3.95,0.0,0.3,23.75,2.5
2.0,"2019-08-04 13:15:30.000000","2019-08-04 13:30:50.000000",4.0,4.42,1.0,N,262.0,234.0,1.0,15.5,0.0,0.5,3.0,0.0,0.3,21.8,2.5
1.0,"2019-08-04 14:00:53.000000","2019-08-04 14:18:34.000000",1.0,4.3,1.0,N,262.0,234.0,2.0,16.5,2.5,0.5,0.0,0.0,0.3,19.8,2.5
1.0,"2019-08-04 18:25:52.000000","2019-08-04 18:41:19.000000",2.0,4.1,1.0,N,262.0,234.0,1.0,15.5,2.5,0.5,3.75,0.0,0.3,22.55,2.5
1.0,"2019-08-04 19:17:09.000000","2019-08-04 19:36:33.000000",1.0,4.3,1.0,N,262.0,234.0,1.0,17.5,2.5,0.5,4.15,0.0,0.3,24.95,2.5
1.0,"2019-08-04 23:32:53.000000","2019-08-04 23:48:14.000000",1.0,3.7,1.0,N,262.0,234.0,1.0,14.5,3.0,0.5,3.66,0.0,0.3,21.96,2.5
1.0,"2019-08-05 05:35:13.000000","2019-08-05 05:47:14.000000",1.0,3.9,1.0,N,262.0,234.0,1.0,14.0,3.0,0.5,3.55,0.0,0.3,21.35,2.5
1.0,"2019-08-05 06:21:00.000000","2019-08-05 06:32:04.000000",1.0,4.0,1.0,N,262.0,234.0,2.0,14.0,2.5,0.5,0.0,0.0,0.3,17.3,2.5
1.0,"2019-08-05 07:58:18.000000","2019-08-05 08:25:08.000000",1.0,4.4,1.0,N,262.0,234.0,1.0,21.0,2.5,0.5,4.85,0.0,0.3,29.15,2.5
2.0,"2019-08-05 07:59:06.000000","2019-08-05 08:23:03.000000",2.0,3.96,1.0,N,262.0,234.0,1.0,19.5,0.0,0.5,2.96,0.0,0.3,25.76,2.5
1.0,"2019-08-05 08:40:46.000000","2019-08-05 08:57:46.000000",1.0,3.9,1.0,N,262.0,234.0,1.0,16.0,2.5,0.5,2.0,0.0,0.3,21.3,2.5
2.0,"2019-08-05 08:30:20.000000","2019-08-05 10:39:16.000000",1.0,13.78,1.0,N,262.0,234.0,2.0,75.5,0.0,0.5,0.0,0.0,0.3,78.8,2.5
2.0,"2019-08-05 08:05:10.000000","2019-08-05 08:31:10.000000",1.0,4.09,1.0,N,262.0,234.0,1.0,20.5,0.0,0.5,4.76,0.0,0.3,28.56,2.5
2.0,"2019-08-05 09:08:35.000000","2019-08-05 09:36:10.000000",1.0,3.65,1.0,N,262.0,234.0,1.0,19.0,0.0,0.5,3.0,0.0,0.3,25.3,2.5
2.0,"2019-08-05 09:48:48.000000","2019-08-05 10:05:47.000000",1.0,3.8,1.0,N,262.0,234.0,2.0,15.5,0.0,0.5,0.0,0.0,0.3,18.8,2.5
1.0,"2019-08-05 10:24:08.000000","2019-08-05 10:41:08.000000",1.0,3.9,1.0,N,262.0,234.0,1.0,15.5,2.5,0.5,4.7,0.0,0.3,23.5,2.5
2.0,"2019-08-05 10:06:55.000000","2019-08-05 10:36:34.000000",5.0,4.59,1.0,N,262.0,234.0,2.0,21.5,0.0,0.5,0.0,0.0,0.3,24.8,2.5
1.0,"2019-08-05 13:23:47.000000","2019-08-05 13:48:30.000000",1.0,3.4,1.0,N,262.0,234.0,1.0,17.5,2.5,0.5,3.12,0.0,0.3,23.92,2.5
2.0,"2019-08-05 13:06:55.000000","2019-08-05 13:21:14.000000",1.0,3.77,1.0,N,262.0,234.0,1.0,14.5,0.0,0.5,3.56,0.0,0.3,21.36,2.5
2.0,"2019-08-05 13:04:53.000000","2019-08-05 13:20:32.000000",1.0,3.84,1.0,N,262.0,234.0,1.0,15.0,0.0,0.5,2.74,0.0,0.3,21.04,2.5
2.0,"2019-08-05 15:52:41.000000","2019-08-05 16:11:24.000000",2.0,3.88,1.0,N,262.0,234.0,1.0,16.0,0.0,0.5,3.86,0.0,0.3,23.16,2.5
2.0,"2019-08-05 16:59:17.000000","2019-08-05 17:19:02.000000",2.0,4.51,1.0,N,262.0,234.0,1.0,18.0,1.0,0.5,4.46,0.0,0.3,26.76,2.5
2.0,"2019-08-05 20:20:38.000000","2019-08-05 20:35:43.000000",1.0,4.28,1.0,N,262.0,234.0,1.0,15.5,0.5,0.5,2.9,0.0,0.3,22.2,2.5
2.0,"2019-08-05 21:11:30.000000","2019-08-05 21:23:45.000000",3.0,4.1,1.0,N,262.0,234.0,1.0,14.5,0.5,0.5,3.66,0.0,0.3,21.96,2.5
2.0,"2019-08-06 07:01:02.000000","2019-08-06 07:13:01.000000",1.0,4.59,1.0,N,262.0,234.0,1.0,15.5,0.0,0.5,3.0,0.0,0.3,21.8,2.5
1.0,"2019-08-06 07:54:19.000000","2019-08-06 08:12:18.000000",1.0,4.0,1.0,N,262.0,234.0,1.0,16.5,2.5,0.5,3.95,0.0,0.3,23.75,2.5
2.0,"2019-08-06 07:47:03.000000","2019-08-06 08:08:51.000000",1.0,4.15,1.0,N,262.0,234.0,1.0,18.5,0.0,0.5,1.0,0.0,0.3,22.8,2.5
2.0,"2019-08-06 07:18:32.000000","2019-08-06 07:34:26.000000",1.0,4.06,1.0,N,262.0,234.0,2.0,15.5,0.0,0.5,0.0,0.0,0.3,18.8,2.5
1.0,"2019-08-06 08:48:53.000000","2019-08-06 09:05:05.000000",1.0,3.9,1.0,N,262.0,234.0,1.0,15.5,2.5,0.5,2.0,0.0,0.3,20.8,2.5
1.0,"2019-08-06 08:37:55.000000","2019-08-06 09:00:54.000000",1.0,4.5,1.0,N,262.0,234.0,1.0,18.5,2.5,0.5,1.0,0.0,0.3,22.8,2.5
1.0,"2019-08-06 08:18:51.000000","2019-08-06 08:37:59.000000",1.0,3.9,1.0,N,262.0,234.0,1.0,16.5,2.5,0.5,3.95,0.0,0.3,23.75,2.5
1.0,"2019-08-06 08:42:17.000000","2019-08-06 09:01:27.000000",1.0,3.6,1.0,N,262.0,234.0,1.0,16.0,2.5,0.5,1.7,0.0,0.3,21.0,2.5
2.0,"2019-08-06 08:10:28.000000","2019-08-06 08:27:43.000000",2.0,3.95,1.0,N,262.0,234.0,1.0,15.5,0.0,0.5,2.44,0.0,0.3,21.24,2.5
1.0,"2019-08-06 09:28:27.000000","2019-08-06 09:52:50.000000",1.0,4.4,1.0,N,262.0,234.0,1.0,19.0,2.5,0.5,3.0,0.0,0.3,25.3,2.5
1.0,"2019-08-06 09:09:07.000000","2019-08-06 09:39:54.000000",2.0,3.8,1.0,N,262.0,234.0,1.0,20.5,2.5,0.5,2.0,0.0,0.3,25.8,2.5
2.0,"2019-08-06 10:13:16.000000","2019-08-06 10:34:16.000000",1.0,4.36,1.0,N,262.0,234.0,2.0,18.0,0.0,0.5,0.0,0.0,0.3,21.3,2.5
2.0,"2019-08-06 10:57:05.000000","2019-08-06 11:14:08.000000",1.0,3.8,1.0,N,262.0,234.0,2.0,15.5,0.0,0.5,0.0,0.0,0.3,18.8,2.5
1.0,"2019-08-06 10:18:39.000000","2019-08-06 10:42:18.000000",1.0,4.7,1.0,N,262.0,234.0,2.0,19.0,2.5,0.5,0.0,0.0,0.3,22.3,2.5
2.0,"2019-08-06 11:02:52.000000","2019-08-06 11:22:01.000000",6.0,4.53,1.0,N,262.0,234.0,1.0,18.0,0.0,0.5,3.0,0.0,0.3,24.3,2.5
2.0,"2019-08-06 11:35:09.000000","2019-08-06 11:54:59.000000",1.0,4.39,1.0,N,262.0,234.0,1.0,17.5,0.0,0.5,4.16,0.0,0.3,24.96,2.5
2.0,"2019-08-06 13:04:12.000000","2019-08-06 13:23:26.000000",2.0,4.01,1.0,N,262.0,234.0,1.0,16.5,0.0,0.5,3.96,0.0,0.3,23.76,2.5
2.0,"2019-08-06 15:29:35.000000","2019-08-06 15:46:59.000000",1.0,4.0,1.0,N,262.0,234.0,1.0,16.0,0.0,0.5,3.86,0.0,0.3,23.16,2.5
1.0,"2019-08-06 17:33:02.000000","2019-08-06 17:49:26.000000",1.0,3.8,1.0,N,262.0,234.0,1.0,15.0,3.5,0.5,1.25,0.0,0.3,20.55,2.5
1.0,"2019-08-06 17:38:44.000000","2019-08-06 18:02:03.000000",1.0,4.0,1.0,N,262.0,234.0,1.0,18.5,3.5,0.5,2.28,0.0,0.3,25.08,2.5
2.0,"2019-08-06 18:43:41.000000","2019-08-06 18:58:06.000000",1.0,3.94,1.0,N,262.0,234.0,2.0,15.0,1.0,0.5,0.0,0.0,0.3,19.3,2.5
2.0,"2019-08-06 18:16:01.000000","2019-08-06 18:35:07.000000",1.0,5.09,1.0,N,262.0,234.0,1.0,18.5,1.0,0.5,4.56,0.0,0.3,27.36,2.5
1.0,"2019-08-06 19:10:27.000000","2019-08-06 19:28:30.000000",1.0,4.1,1.0,N,262.0,234.0,1.0,17.0,3.5,0.5,5.3,0.0,0.3,26.6,2.5
2.0,"2019-08-06 20:32:21.000000","2019-08-06 20:46:28.000000",1.0,4.25,1.0,N,262.0,234.0,1.0,15.0,0.5,0.5,0.0,0.0,0.3,18.8,2.5
2.0,"2019-08-07 08:00:48.000000","2019-08-07 08:17:18.000000",1.0,4.12,1.0,N,262.0,234.0,1.0,15.5,0.0,0.5,2.44,0.0,0.3,21.24,2.5
2.0,"2019-08-07 09:07:34.000000","2019-08-07 09:31:46.000000",1.0,4.02,1.0,N,262.0,234.0,1.0,18.0,0.0,0.5,0.5,0.0,0.3,21.8,2.5
2.0,"2019-08-07 09:26:34.000000","2019-08-07 09:44:22.000000",1.0,4.06,1.0,N,262.0,234.0,1.0,15.5,0.0,0.5,3.76,0.0,0.3,22.56,2.5
2.0,"2019-08-07 09:00:39.000000","2019-08-07 09:23:49.000000",1.0,4.9,1.0,N,262.0,234.0,1.0,18.5,0.0,0.5,4.36,0.0,0.3,26.16,2.5
1.0,"2019-08-07 09:03:14.000000","2019-08-07 09:30:34.000000",1.0,4.1,1.0,N,262.0,234.0,1.0,20.0,2.5,0.5,4.65,0.0,0.3,27.95,2.5
1.0,"2019-08-07 09:08:33.000000","2019-08-07 09:31:03.000000",1.0,4.3,1.0,N,262.0,234.0,1.0,18.0,2.5,0.5,4.25,0.0,0.3,25.55,2.5
1.0,"2019-08-07 10:04:03.000000","2019-08-07 10:32:59.000000",1.0,3.9,1.0,N,262.0,234.0,1.0,19.5,2.5,0.5,5.7,0.0,0.3,28.5,2.5
2.0,"2019-08-07 10:25:34.000000","2019-08-07 10:46:17.000000",5.0,4.31,1.0,N,262.0,234.0,1.0,18.0,0.0,0.5,4.26,0.0,0.3,25.56,2.5
2.0,"2019-08-07 10:15:07.000000","2019-08-07 10:32:42.000000",1.0,3.73,1.0,N,262.0,234.0,2.0,16.0,0.0,0.5,0.0,0.0,0.3,19.3,2.5
1.0,"2019-08-07 11:14:28.000000","2019-08-07 11:27:32.000000",1.0,4.1,1.0,N,262.0,234.0,2.0,14.0,2.5,0.5,0.0,0.0,0.3,17.3,2.5
2.0,"2019-08-07 11:13:57.000000","2019-08-07 11:48:12.000000",2.0,4.53,1.0,N,262.0,234.0,2.0,23.0,0.0,0.5,0.0,0.0,0.3,26.3,2.5
2.0,"2019-08-07 11:03:03.000000","2019-08-07 11:23:39.000000",1.0,4.39,1.0,N,262.0,234.0,1.0,18.0,0.0,0.5,2.0,0.0,0.3,23.3,2.5
1.0,"2019-08-07 11:35:07.000000","2019-08-07 11:58:14.000000",1.0,4.5,1.0,N,262.0,234.0,1.0,19.0,2.5,0.5,4.45,0.0,0.3,26.75,2.5
2.0,"2019-08-07 11:48:51.000000","2019-08-07 12:04:50.000000",1.0,4.45,1.0,N,262.0,234.0,2.0,15.5,0.0,0.5,0.0,0.0,0.3,18.8,2.5
1.0,"2019-08-07 12:05:15.000000","2019-08-07 12:23:59.000000",1.0,4.3,1.0,N,262.0,234.0,1.0,16.5,2.5,0.5,3.95,0.0,0.3,23.75,2.5
1.0,"2019-08-07 12:08:58.000000","2019-08-07 12:35:18.000000",1.0,2.4,1.0,N,262.0,234.0,2.0,16.5,2.5,0.5,0.0,0.0,0.3,19.8,2.5
1.0,"2019-08-07 12:38:08.000000","2019-08-07 12:53:34.000000",1.0,4.0,1.0,N,262.0,234.0,2.0,15.0,2.5,0.5,0.0,0.0,0.3,18.3,2.5
2.0,"2019-08-07 13:37:45.000000","2019-08-07 14:01:11.000000",1.0,4.61,1.0,N,262.0,234.0,1.0,19.0,0.0,0.5,6.69,0.0,0.3,28.99,2.5
1.0,"2019-08-07 13:58:05.000000","2019-08-07 14:34:39.000000",1.0,3.8,1.0,N,262.0,234.0,2.0,22.5,2.5,0.5,0.0,0.0,0.3,25.8,2.5
2.0,"2019-08-07 13:57:55.000000","2019-08-07 14:22:41.000000",1.0,4.18,1.0,N,262.0,234.0,1.0,19.0,0.0,0.5,4.46,0.0,0.3,26.76,2.5
2.0,"2019-08-07 14:02:37.000000","2019-08-07 14:28:11.000000",1.0,4.92,1.0,N,262.0,234.0,2.0,21.0,0.0,0.5,0.0,0.0,0.3,24.3,2.5
1.0,"2019-08-07 15:52:50.000000","2019-08-07 16:11:04.000000",1.0,4.0,1.0,N,262.0,234.0,2.0,15.5,2.5,0.5,0.0,0.0,0.3,18.8,2.5
2.0,"2019-08-07 15:23:32.000000","2019-08-07 15:44:12.000000",1.0,4.06,1.0,N,262.0,234.0,1.0,16.5,0.0,0.5,2.0,0.0,0.3,21.8,2.5
2.0,"2019-08-07 17:47:22.000000","2019-08-07 18:17:01.000000",5.0,4.33,1.0,N,262.0,234.0,1.0,20.0,1.0,0.5,3.5,0.0,0.3,27.8,2.5
1.0,"2019-08-07 18:19:46.000000","2019-08-07 18:45:24.000000",1.0,3.9,1.0,N,262.0,234.0,1.0,17.5,3.5,0.5,4.35,0.0,0.3,26.15,2.5
2.0,"2019-08-07 18:15:53.000000","2019-08-07 18:38:46.000000",1.0,3.85,1.0,N,262.0,234.0,1.0,16.5,1.0,0.5,4.16,0.0,0.3,24.96,2.5
2.0,"2019-08-07 19:31:10.000000","2019-08-07 19:53:06.000000",1.0,4.2,1.0,N,262.0,234.0,2.0,17.5,1.0,0.5,0.0,0.0,0.3,21.8,2.5
1.0,"2019-08-08 06:46:53.000000","2019-08-08 07:01:06.000000",1.0,4.1,1.0,N,262.0,234.0,1.0,15.5,2.5,0.5,5.6,0.0,0.3,24.4,2.5
1.0,"2019-08-08 06:54:30.000000","2019-08-08 07:08:28.000000",1.0,4.6,1.0,N,262.0,234.0,1.0,16.5,2.5,0.5,3.0,0.0,0.3,22.8,2.5
1.0,"2019-08-08 06:42:29.000000","2019-08-08 07:02:09.000000",1.0,5.3,1.0,N,262.0,234.0,1.0,18.5,2.5,0.5,4.35,0.0,0.3,26.15,2.5
1.0,"2019-08-08 07:35:36.000000","2019-08-08 07:56:00.000000",1.0,3.7,1.0,N,262.0,234.0,1.0,16.5,2.5,0.5,3.95,0.0,0.3,23.75,2.5
2.0,"2019-08-08 07:19:14.000000","2019-08-08 07:32:40.000000",2.0,3.84,1.0,N,262.0,234.0,1.0,13.5,0.0,0.5,3.36,0.0,0.3,20.16,2.5
2.0,"2019-08-08 08:57:48.000000","2019-08-08 09:28:42.000000",1.0,4.12,1.0,N,262.0,234.0,1.0,21.5,0.0,0.5,4.96,0.0,0.3,29.76,2.5
1.0,"2019-08-08 08:42:02.000000","2019-08-08 09:20:15.000000",1.0,4.1,1.0,N,262.0,234.0,1.0,26.5,2.5,0.5,1.0,0.0,0.3,30.8,2.5
1.0,"2019-08-08 08:44:50.000000","2019-08-08 09:13:51.000000",1.0,3.9,1.0,N,262.0,234.0,1.0,17.5,2.5,0.5,5.0,0.0,0.3,25.8,2.5
2.0,"2019-08-08 08:35:11.000000","2019-08-08 09:08:59.000000",1.0,4.89,1.0,N,262.0,234.0,1.0,25.0,0.0,0.5,5.66,0.0,0.3,33.96,2.5
2.0,"2019-08-08 09:16:39.000000","2019-08-08 09:33:08.000000",1.0,3.66,1.0,N,262.0,234.0,1.0,15.0,0.0,0.5,1.0,0.0,0.3,19.3,2.5
2.0,"2019-08-08 09:30:01.000000","2019-08-08 09:56:42.000000",1.0,4.36,1.0,N,262.0,234.0,1.0,20.0,0.0,0.5,4.66,0.0,0.3,27.96,2.5
1.0,"2019-08-08 09:42:44.000000","2019-08-08 10:01:25.000000",1.0,3.8,1.0,N,262.0,234.0,1.0,16.0,2.5,0.5,2.2,0.0,0.3,21.5,2.5
2.0,"2019-08-08 09:56:21.000000","2019-08-08 10:17:37.000000",1.0,4.73,1.0,N,262.0,234.0,1.0,18.5,0.0,0.5,4.36,0.0,0.3,26.16,2.5
2.0,"2019-08-08 09:03:37.000000","2019-08-08 09:26:25.000000",1.0,4.16,1.0,N,262.0,234.0,1.0,19.0,0.0,0.5,4.46,0.0,0.3,26.76,2.5
1.0,"2019-08-08 10:46:46.000000","2019-08-08 11:21:56.000000",3.0,4.1,1.0,N,262.0,234.0,1.0,22.5,2.5,0.5,3.87,0.0,0.3,29.67,2.5
2.0,"2019-08-08 10:35:34.000000","2019-08-08 11:13:51.000000",1.0,4.96,1.0,N,262.0,234.0,2.0,26.5,0.0,0.5,0.0,0.0,0.3,29.8,2.5
2.0,"2019-08-08 10:09:15.000000","2019-08-08 10:27:35.000000",1.0,4.25,1.0,N,262.0,234.0,1.0,16.5,0.0,0.5,2.5,0.0,0.3,22.3,2.5
2.0,"2019-08-08 10:31:57.000000","2019-08-08 10:58:48.000000",1.0,4.42,1.0,N,262.0,234.0,1.0,20.0,0.0,0.5,1.0,0.0,0.3,24.3,2.5
1.0,"2019-08-08 10:05:26.000000","2019-08-08 10:27:09.000000",1.0,3.9,1.0,N,262.0,234.0,1.0,17.5,2.5,0.5,4.15,0.0,0.3,24.95,2.5
1.0,"2019-08-08 10:05:11.000000","2019-08-08 10:23:37.000000",1.0,3.7,1.0,N,262.0,234.0,2.0,15.5,2.5,0.5,0.0,0.0,0.3,18.8,2.5
2.0,"2019-08-08 11:49:38.000000","2019-08-08 12:05:15.000000",1.0,3.71,1.0,N,262.0,234.0,1.0,14.5,0.0,0.5,2.0,0.0,0.3,19.8,2.5
2.0,"2019-08-08 12:41:35.000000","2019-08-08 12:57:06.000000",2.0,3.65,1.0,N,262.0,234.0,2.0,14.5,0.0,0.5,0.0,0.0,0.3,17.8,2.5
2.0,"2019-08-08 12:10:35.000000","2019-08-08 12:28:11.000000",1.0,3.58,1.0,N,262.0,234.0,1.0,15.0,0.0,0.5,3.66,0.0,0.3,21.96,2.5
2.0,"2019-08-08 12:25:44.000000","2019-08-08 12:43:26.000000",1.0,4.73,1.0,N,262.0,234.0,1.0,17.0,0.0,0.5,6.09,0.0,0.3,26.39,2.5
2.0,"2019-08-08 13:42:10.000000","2019-08-08 14:02:05.000000",1.0,4.3,1.0,N,262.0,234.0,1.0,17.0,0.0,0.5,4.06,0.0,0.3,24.36,2.5
2.0,"2019-08-08 17:10:04.000000","2019-08-08 17:26:25.000000",1.0,3.6,1.0,N,262.0,234.0,1.0,14.5,1.0,0.5,5.64,0.0,0.3,24.44,2.5
2.0,"2019-08-08 18:15:47.000000","2019-08-08 18:37:54.000000",6.0,3.71,1.0,N,262.0,234.0,1.0,17.0,1.0,0.5,3.2,0.0,0.3,26.45,2.5
1.0,"2019-08-08 19:15:27.000000","2019-08-08 19:36:59.000000",1.0,3.7,1.0,N,262.0,234.0,1.0,17.0,3.5,0.5,4.25,0.0,0.3,25.55,2.5
2.0,"2019-08-09 06:49:56.000000","2019-08-09 07:04:57.000000",1.0,4.92,1.0,N,262.0,234.0,1.0,17.0,0.0,0.5,4.06,0.0,0.3,24.36,2.5
1.0,"2019-08-09 06:09:38.000000","2019-08-09 06:35:55.000000",1.0,5.8,1.0,N,262.0,234.0,2.0,21.5,2.5,0.5,0.0,0.0,0.3,24.8,2.5
2.0,"2019-08-09 07:01:01.000000","2019-08-09 07:15:11.000000",1.0,4.65,1.0,N,262.0,234.0,1.0,16.5,0.0,0.5,3.0,0.0,0.3,22.8,2.5
1.0,"2019-08-09 08:01:54.000000","2019-08-09 08:19:45.000000",1.0,3.8,1.0,N,262.0,234.0,1.0,16.5,2.5,0.5,2.57,0.0,0.3,22.37,2.5
2.0,"2019-08-09 08:27:31.000000","2019-08-09 08:46:17.000000",1.0,4.56,1.0,N,262.0,234.0,1.0,17.5,0.5,0.5,4.26,0.0,0.3,25.56,2.5
2.0,"2019-08-09 08:20:48.000000","2019-08-09 08:50:28.000000",1.0,4.48,1.0,N,262.0,234.0,1.0,22.0,0.0,0.5,4.0,0.0,0.3,29.3,2.5
2.0,"2019-08-09 09:00:51.000000","2019-08-09 09:17:52.000000",1.0,3.95,1.0,N,262.0,234.0,1.0,15.5,0.0,0.5,3.76,0.0,0.3,22.56,2.5
1.0,"2019-08-09 09:07:42.000000","2019-08-09 09:25:05.000000",1.0,4.3,1.0,N,262.0,234.0,1.0,16.0,2.5,0.5,5.75,0.0,0.3,25.05,2.5
2.0,"2019-08-09 08:54:40.000000","2019-08-09 09:10:43.000000",4.0,4.04,1.0,N,262.0,234.0,1.0,15.0,0.0,0.5,2.0,0.0,0.3,20.3,2.5
2.0,"2019-08-09 09:08:32.000000","2019-08-09 09:23:42.000000",2.0,3.91,1.0,N,262.0,234.0,1.0,14.5,0.0,0.5,3.56,0.0,0.3,21.36,2.5
1.0,"2019-08-09 11:03:57.000000","2019-08-09 11:33:13.000000",1.0,4.6,1.0,N,262.0,234.0,2.0,22.5,2.5,0.5,0.0,0.0,0.3,25.8,2.5
1.0,"2019-08-09 11:14:42.000000","2019-08-09 11:29:50.000000",1.0,3.9,1.0,N,262.0,234.0,2.0,15.0,2.5,0.5,0.0,0.0,0.3,18.3,2.5
1.0,"2019-08-09 11:39:26.000000","2019-08-09 11:56:13.000000",1.0,3.6,1.0,N,262.0,234.0,1.0,15.0,2.5,0.5,1.0,0.0,0.3,19.3,2.5
1.0,"2019-08-09 12:14:33.000000","2019-08-09 12:27:51.000000",1.0,3.8,1.0,N,262.0,234.0,2.0,14.0,2.5,0.5,0.0,0.0,0.3,17.3,2.5
2.0,"2019-08-09 13:15:10.000000","2019-08-09 13:34:29.000000",6.0,4.33,1.0,N,262.0,234.0,1.0,17.5,0.0,0.5,3.12,0.0,0.3,23.92,2.5
2.0,"2019-08-09 13:10:18.000000","2019-08-09 13:33:01.000000",1.0,4.75,1.0,N,262.0,234.0,2.0,20.0,0.0,0.5,0.0,0.0,0.3,23.3,2.5
2.0,"2019-08-09 13:44:52.000000","2019-08-09 13:58:52.000000",1.0,4.31,1.0,N,262.0,234.0,1.0,15.5,0.0,0.5,5.64,0.0,0.3,24.44,2.5
2.0,"2019-08-09 13:14:12.000000","2019-08-09 13:29:17.000000",1.0,4.0,1.0,N,262.0,234.0,1.0,15.0,0.0,0.5,2.74,0.0,0.3,21.04,2.5
1.0,"2019-08-09 14:52:29.000000","2019-08-09 15:19:03.000000",1.0,4.8,1.0,N,262.0,234.0,1.0,19.0,2.5,0.5,2.8,0.0,0.3,25.1,2.5
1.0,"2019-08-09 14:20:33.000000","2019-08-09 14:34:29.000000",1.0,3.6,1.0,N,262.0,234.0,2.0,14.5,2.5,0.5,0.0,0.0,0.3,17.8,2.5
1.0,"2019-08-09 14:22:16.000000","2019-08-09 14:46:58.000000",1.0,4.4,1.0,N,262.0,234.0,1.0,20.5,2.5,0.5,2.0,0.0,0.3,25.8,2.5
1.0,"2019-08-09 16:19:32.000000","2019-08-09 16:46:44.000000",1.0,4.1,1.0,N,262.0,234.0,1.0,17.5,3.5,0.5,1.0,0.0,0.3,22.8,2.5
2.0,"2019-08-09 17:32:42.000000","2019-08-09 18:05:46.000000",1.0,3.8,1.0,N,262.0,234.0,1.0,20.0,1.0,0.5,4.86,0.0,0.3,29.16,2.5
2.0,"2019-08-09 18:14:17.000000","2019-08-09 18:38:22.000000",1.0,4.06,1.0,N,262.0,234.0,2.0,17.0,1.0,0.5,0.0,0.0,0.3,21.3,2.5
2.0,"2019-08-09 19:03:06.000000","2019-08-09 19:21:27.000000",1.0,3.77,1.0,N,262.0,234.0,1.0,15.5,1.0,0.5,3.96,0.0,0.3,23.76,2.5
2.0,"2019-08-09 19:02:55.000000","2019-08-09 19:27:39.000000",1.0,4.14,1.0,N,262.0,234.0,1.0,18.5,1.0,0.5,0.0,0.0,0.3,22.8,2.5
2.0,"2019-08-10 08:13:25.000000","2019-08-10 08:25:06.000000",1.0,4.0,1.0,N,262.0,234.0,1.0,14.5,0.0,0.5,3.56,0.0,0.3,21.36,2.5
2.0,"2019-08-10 10:27:06.000000","2019-08-10 10:44:08.000000",1.0,4.05,1.0,N,262.0,234.0,1.0,16.5,0.0,0.5,3.96,0.0,0.3,23.76,2.5
2.0,"2019-08-10 10:15:14.000000","2019-08-10 10:47:37.000000",1.0,5.97,1.0,N,262.0,234.0,1.0,25.5,0.0,0.5,1.5,0.0,0.3,30.3,2.5
1.0,"2019-08-10 15:15:45.000000","2019-08-10 15:32:06.000000",2.0,4.0,1.0,N,262.0,234.0,1.0,16.0,2.5,0.5,3.85,0.0,0.3,23.15,2.5
2.0,"2019-08-10 17:38:12.000000","2019-08-10 17:54:06.000000",1.0,2.69,1.0,N,262.0,234.0,1.0,12.5,0.0,0.5,3.16,0.0,0.3,18.96,2.5
2.0,"2019-08-10 17:16:23.000000","2019-08-10 17:26:56.000000",1.0,3.54,1.0,N,262.0,234.0,1.0,12.5,0.0,0.5,2.37,0.0,0.3,18.17,2.5
2.0,"2019-08-10 19:11:28.000000","2019-08-10 19:25:12.000000",1.0,3.75,1.0,N,262.0,234.0,1.0,14.0,0.0,0.5,3.46,0.0,0.3,20.76,2.5
2.0,"2019-08-10 19:27:50.000000","2019-08-10 19:41:06.000000",1.0,4.55,1.0,N,262.0,234.0,1.0,15.5,0.0,0.5,3.76,0.0,0.3,22.56,2.5
2.0,"2019-08-11 09:35:30.000000","2019-08-11 09:51:37.000000",1.0,4.23,1.0,N,262.0,234.0,1.0,16.5,0.0,0.5,3.96,0.0,0.3,23.76,2.5
1.0,"2019-08-11 11:58:40.000000","2019-08-11 12:12:02.000000",1.0,4.1,1.0,N,262.0,234.0,2.0,14.5,2.5,0.5,0.0,0.0,0.3,17.8,2.5
1.0,"2019-08-11 15:43:04.000000","2019-08-11 15:58:28.000000",1.0,4.1,1.0,N,262.0,234.0,2.0,15.0,2.5,0.5,0.0,0.0,0.3,18.3,2.5
2.0,"2019-08-11 17:38:42.000000","2019-08-11 17:55:36.000000",2.0,4.58,1.0,N,262.0,234.0,1.0,16.5,0.0,0.5,3.56,0.0,0.3,23.36,2.5
2.0,"2019-08-11 18:00:58.000000","2019-08-11 18:20:40.000000",2.0,4.36,1.0,N,262.0,234.0,1.0,16.5,0.0,0.5,3.96,0.0,0.3,23.76,2.5
1.0,"2019-08-11 18:28:41.000000","2019-08-11 18:45:26.000000",2.0,4.0,1.0,N,262.0,234.0,1.0,15.0,2.5,0.5,3.66,0.0,0.3,21.96,2.5
2.0,"2019-08-11 18:44:58.000000","2019-08-11 18:57:09.000000",1.0,4.01,1.0,N,262.0,234.0,1.0,14.0,0.0,0.5,2.6,0.0,0.3,19.9,2.5
2.0,"2019-08-11 19:09:13.000000","2019-08-11 19:26:38.000000",5.0,4.6,1.0,N,262.0,234.0,2.0,16.5,0.0,0.5,0.0,0.0,0.3,19.8,2.5
2.0,"2019-08-11 20:50:01.000000","2019-08-11 21:10:41.000000",1.0,4.22,1.0,N,262.0,234.0,1.0,16.5,0.5,0.5,4.06,0.0,0.3,24.36,2.5
1.0,"2019-08-11 22:25:04.000000","2019-08-11 22:39:48.000000",1.0,4.5,1.0,N,262.0,234.0,1.0,16.0,3.0,0.5,3.95,0.0,0.3,23.75,2.5
2.0,"2019-08-12 06:32:47.000000","2019-08-12 06:44:35.000000",1.0,4.01,1.0,N,262.0,234.0,2.0,14.0,0.0,0.5,0.0,0.0,0.3,17.3,2.5
1.0,"2019-08-12 07:11:14.000000","2019-08-12 07:23:21.000000",1.0,4.5,1.0,N,262.0,234.0,1.0,15.5,2.5,0.5,3.0,0.0,0.3,21.8,2.5
2.0,"2019-08-12 07:21:09.000000","2019-08-12 07:33:07.000000",1.0,3.95,1.0,N,262.0,234.0,2.0,14.0,0.0,0.5,0.0,0.0,0.3,17.3,2.5
2.0,"2019-08-12 08:17:06.000000","2019-08-12 08:33:19.000000",1.0,4.08,1.0,N,262.0,234.0,1.0,15.5,0.0,0.5,1.2,0.0,0.3,20.0,2.5
1.0,"2019-08-12 08:35:12.000000","2019-08-12 08:55:51.000000",1.0,4.2,1.0,N,262.0,234.0,1.0,17.5,2.5,0.5,1.0,0.0,0.3,21.8,2.5
2.0,"2019-08-12 08:25:52.000000","2019-08-12 08:43:36.000000",3.0,4.13,1.0,N,262.0,234.0,1.0,16.0,0.0,0.5,3.86,0.0,0.3,23.16,2.5
2.0,"2019-08-12 09:48:35.000000","2019-08-12 10:04:22.000000",5.0,3.91,1.0,N,262.0,234.0,1.0,14.0,0.0,0.5,2.2,0.0,0.3,19.5,2.5
2.0,"2019-08-12 09:35:21.000000","2019-08-12 09:55:02.000000",1.0,3.81,1.0,N,262.0,234.0,2.0,16.0,0.0,0.5,0.0,0.0,0.3,19.3,2.5
2.0,"2019-08-12 10:26:57.000000","2019-08-12 10:45:29.000000",1.0,4.21,1.0,N,262.0,234.0,2.0,17.0,0.0,0.5,0.0,0.0,0.3,20.3,2.5
2.0,"2019-08-12 10:08:47.000000","2019-08-12 10:25:16.000000",1.0,4.19,1.0,N,262.0,234.0,1.0,16.5,0.0,0.5,2.5,0.0,0.3,22.3,2.5
1.0,"2019-08-12 12:57:41.000000","2019-08-12 13:10:50.000000",1.0,3.8,1.0,N,262.0,234.0,1.0,14.0,2.5,0.5,0.38,0.0,0.3,17.68,2.5
2.0,"2019-08-12 12:36:00.000000","2019-08-12 12:50:56.000000",1.0,3.92,1.0,N,262.0,234.0,2.0,15.0,0.0,0.5,0.0,0.0,0.3,18.3,2.5
2.0,"2019-08-12 12:27:19.000000","2019-08-12 12:45:10.000000",1.0,4.38,1.0,N,262.0,234.0,1.0,17.0,0.0,0.5,5.08,0.0,0.3,25.38,2.5
1.0,"2019-08-12 15:19:54.000000","2019-08-12 15:39:31.000000",1.0,4.2,1.0,N,262.0,234.0,1.0,17.5,2.5,0.5,6.2,0.0,0.3,27.0,2.5
2.0,"2019-08-12 16:47:47.000000","2019-08-12 17:10:32.000000",2.0,4.18,1.0,N,262.0,234.0,1.0,16.5,1.0,0.5,4.16,0.0,0.3,24.96,2.5
2.0,"2019-08-12 17:17:25.000000","2019-08-12 17:32:58.000000",5.0,3.86,1.0,N,262.0,234.0,1.0,14.0,1.0,0.5,3.0,0.0,0.3,21.3,2.5
2.0,"2019-08-12 18:06:59.000000","2019-08-12 18:25:21.000000",1.0,3.91,1.0,N,262.0,234.0,1.0,16.5,1.0,0.5,4.16,0.0,0.3,24.96,2.5
1.0,"2019-08-12 21:47:12.000000","2019-08-12 21:59:39.000000",1.0,4.2,1.0,N,262.0,234.0,1.0,15.0,3.0,0.5,4.7,0.0,0.3,23.5,2.5
2.0,"2019-08-13 06:32:43.000000","2019-08-13 06:43:51.000000",5.0,4.09,1.0,N,262.0,234.0,2.0,14.0,0.0,0.5,0.0,0.0,0.3,17.3,2.5
2.0,"2019-08-13 06:34:17.000000","2019-08-13 06:47:56.000000",1.0,4.42,1.0,N,262.0,234.0,1.0,15.0,0.0,0.5,3.66,0.0,0.3,21.96,2.5
2.0,"2019-08-13 06:43:07.000000","2019-08-13 06:56:46.000000",5.0,4.62,1.0,N,262.0,234.0,1.0,15.5,0.0,0.5,3.76,0.0,0.3,22.56,2.5
2.0,"2019-08-13 07:26:16.000000","2019-08-13 07:38:51.000000",1.0,3.7,1.0,N,262.0,234.0,1.0,13.5,0.0,0.5,1.68,0.0,0.3,18.48,2.5
1.0,"2019-08-13 07:29:22.000000","2019-08-13 07:44:33.000000",1.0,3.9,1.0,N,262.0,234.0,2.0,15.0,2.5,0.5,0.0,0.0,0.3,18.3,2.5
1.0,"2019-08-13 08:47:51.000000","2019-08-13 09:14:11.000000",1.0,3.8,1.0,N,262.0,234.0,1.0,19.0,2.5,0.5,4.45,0.0,0.3,26.75,2.5
1.0,"2019-08-13 08:02:30.000000","2019-08-13 08:21:29.000000",1.0,3.9,1.0,N,262.0,234.0,1.0,17.0,2.5,0.5,2.64,0.0,0.3,22.94,2.5
2.0,"2019-08-13 08:00:35.000000","2019-08-13 08:17:50.000000",1.0,4.06,1.0,N,262.0,234.0,1.0,16.0,0.0,0.5,3.86,0.0,0.3,23.16,2.5
2.0,"2019-08-13 08:36:43.000000","2019-08-13 09:02:32.000000",1.0,4.64,1.0,N,262.0,234.0,1.0,20.0,0.0,0.5,4.66,0.0,0.3,27.96,2.5
1.0,"2019-08-13 08:29:58.000000","2019-08-13 08:53:14.000000",1.0,4.7,1.0,N,262.0,234.0,1.0,19.0,2.5,0.5,4.45,0.0,0.3,26.75,2.5
2.0,"2019-08-13 08:37:10.000000","2019-08-13 08:56:03.000000",1.0,3.78,1.0,N,262.0,234.0,1.0,16.0,0.0,0.5,3.86,0.0,0.3,23.16,2.5
2.0,"2019-08-13 09:46:09.000000","2019-08-13 10:01:37.000000",1.0,3.88,1.0,N,262.0,234.0,2.0,14.5,0.0,0.5,0.0,0.0,0.3,17.8,2.5
2.0,"2019-08-13 09:03:50.000000","2019-08-13 09:24:04.000000",1.0,4.38,1.0,N,262.0,234.0,1.0,17.0,0.0,0.5,4.06,0.0,0.3,24.36,2.5
2.0,"2019-08-13 10:21:54.000000","2019-08-13 10:47:09.000000",1.0,4.56,1.0,N,262.0,234.0,2.0,20.5,0.0,0.5,0.0,0.0,0.3,23.8,2.5
1.0,"2019-08-13 10:49:31.000000","2019-08-13 11:05:31.000000",1.0,4.0,1.0,N,262.0,234.0,1.0,15.5,2.5,0.5,2.82,0.0,0.3,21.62,2.5
2.0,"2019-08-13 10:08:38.000000","2019-08-13 10:27:25.000000",1.0,3.79,1.0,N,262.0,234.0,2.0,16.5,0.0,0.5,0.0,0.0,0.3,19.8,2.5
2.0,"2019-08-13 11:19:42.000000","2019-08-13 11:38:16.000000",1.0,3.97,1.0,N,262.0,234.0,1.0,16.5,0.0,0.5,4.95,0.0,0.3,24.75,2.5
2.0,"2019-08-13 11:21:11.000000","2019-08-13 11:37:38.000000",1.0,4.56,1.0,N,262.0,234.0,1.0,16.5,0.0,0.5,1.98,0.0,0.3,21.78,2.5
2.0,"2019-08-13 12:58:26.000000","2019-08-13 13:33:07.000000",5.0,3.76,1.0,N,262.0,234.0,1.0,22.0,0.0,0.5,0.0,0.0,0.3,25.3,2.5
1.0,"2019-08-13 14:12:55.000000","2019-08-13 14:31:01.000000",1.0,4.9,1.0,N,262.0,234.0,1.0,19.0,2.5,0.5,4.45,0.0,0.3,26.75,2.5
2.0,"2019-08-13 14:06:03.000000","2019-08-13 14:22:43.000000",1.0,4.28,1.0,N,262.0,234.0,2.0,16.5,0.0,0.5,0.0,0.0,0.3,19.8,2.5
1.0,"2019-08-13 15:30:19.000000","2019-08-13 15:48:41.000000",1.0,3.4,1.0,N,262.0,234.0,2.0,14.5,2.5,0.5,0.0,0.0,0.3,17.8,2.5
1.0,"2019-08-13 15:19:25.000000","2019-08-13 15:35:49.000000",1.0,3.8,1.0,N,262.0,234.0,1.0,15.0,2.5,0.5,2.7,0.0,0.3,21.0,2.5
1.0,"2019-08-13 18:37:00.000000","2019-08-13 18:50:40.000000",1.0,3.8,1.0,N,262.0,234.0,1.0,14.5,3.5,0.5,3.76,0.0,0.3,22.56,2.5
2.0,"2019-08-14 05:20:49.000000","2019-08-14 05:33:00.000000",1.0,3.98,1.0,N,262.0,234.0,2.0,13.5,0.5,0.5,0.0,0.0,0.3,17.3,2.5
2.0,"2019-08-14 06:33:10.000000","2019-08-14 06:45:47.000000",1.0,4.01,1.0,N,262.0,234.0,2.0,14.5,0.0,0.5,0.0,0.0,0.3,17.8,2.5
2.0,"2019-08-14 06:41:39.000000","2019-08-14 06:56:26.000000",1.0,4.37,1.0,N,262.0,234.0,1.0,16.0,0.0,0.5,4.82,0.0,0.3,24.12,2.5
1.0,"2019-08-14 06:03:21.000000","2019-08-14 06:14:48.000000",2.0,3.8,1.0,N,262.0,234.0,1.0,13.5,2.5,0.5,3.35,0.0,0.3,20.15,2.5
2.0,"2019-08-14 07:27:43.000000","2019-08-14 07:42:10.000000",2.0,4.4,1.0,N,262.0,234.0,2.0,15.5,0.0,0.5,0.0,0.0,0.3,18.8,2.5
2.0,"2019-08-14 07:07:26.000000","2019-08-14 07:21:38.000000",1.0,4.32,1.0,N,262.0,234.0,1.0,15.5,0.0,0.5,3.0,0.0,0.3,21.8,2.5
2.0,"2019-08-14 08:06:48.000000","2019-08-14 08:25:26.000000",1.0,4.04,1.0,N,262.0,234.0,1.0,16.5,0.0,0.5,3.96,0.0,0.3,23.76,2.5
2.0,"2019-08-14 07:59:25.000000","2019-08-15 07:47:54.000000",1.0,4.83,1.0,N,262.0,234.0,1.0,24.5,0.0,0.5,5.56,0.0,0.3,33.36,2.5
1.0,"2019-08-14 08:05:45.000000","2019-08-14 08:24:20.000000",1.0,3.8,1.0,N,262.0,234.0,1.0,16.0,2.5,0.5,2.0,0.0,0.3,21.3,2.5
2.0,"2019-08-14 08:41:17.000000","2019-08-14 09:11:39.000000",1.0,4.3,1.0,N,262.0,234.0,1.0,20.5,0.0,0.5,4.76,0.0,0.3,28.56,2.5
1.0,"2019-08-14 08:08:59.000000","2019-08-14 08:28:46.000000",1.0,3.9,1.0,N,262.0,234.0,1.0,16.5,2.5,0.5,4.95,0.0,0.3,24.75,2.5
1.0,"2019-08-14 09:00:44.000000","2019-08-14 09:21:23.000000",1.0,4.2,1.0,N,262.0,234.0,1.0,16.5,2.5,0.5,1.0,0.0,0.3,20.8,2.5
1.0,"2019-08-14 09:38:26.000000","2019-08-14 10:01:17.000000",1.0,3.6,1.0,N,262.0,234.0,1.0,17.5,2.5,0.5,5.2,0.0,0.3,26.0,2.5
1.0,"2019-08-14 10:50:15.000000","2019-08-14 11:09:36.000000",1.0,3.6,1.0,N,262.0,234.0,1.0,16.0,2.5,0.5,3.85,0.0,0.3,23.15,2.5
1.0,"2019-08-14 11:03:36.000000","2019-08-14 11:20:08.000000",1.0,3.9,1.0,Y,262.0,234.0,1.0,15.0,2.5,0.5,3.65,0.0,0.3,21.95,2.5
1.0,"2019-08-14 11:44:07.000000","2019-08-14 12:04:35.000000",1.0,3.6,1.0,N,262.0,234.0,2.0,17.5,2.5,0.5,0.0,0.0,0.3,20.8,2.5
2.0,"2019-08-14 12:17:22.000000","2019-08-14 12:31:17.000000",1.0,3.81,1.0,N,262.0,234.0,1.0,14.0,0.0,0.5,3.46,0.0,0.3,20.76,2.5
2.0,"2019-08-14 12:52:28.000000","2019-08-14 13:14:57.000000",4.0,4.1,1.0,N,262.0,234.0,1.0,18.0,0.0,0.5,0.0,0.0,0.3,21.3,2.5
2.0,"2019-08-14 12:23:25.000000","2019-08-14 12:46:28.000000",1.0,4.24,1.0,N,262.0,234.0,2.0,19.0,0.0,0.5,0.0,0.0,0.3,22.3,2.5
1.0,"2019-08-14 13:12:37.000000","2019-08-14 13:28:52.000000",1.0,3.6,1.0,N,262.0,234.0,1.0,15.0,2.5,0.5,3.65,0.0,0.3,21.95,2.5
1.0,"2019-08-14 14:24:04.000000","2019-08-14 14:49:06.000000",0.0,4.3,1.0,N,262.0,234.0,1.0,18.5,2.5,0.5,3.0,0.0,0.3,24.8,2.5
2.0,"2019-08-14 15:07:15.000000","2019-08-14 15:26:26.000000",6.0,3.94,1.0,N,262.0,234.0,1.0,15.5,0.0,0.5,3.76,0.0,0.3,22.56,2.5
1.0,"2019-08-14 15:28:44.000000","2019-08-14 15:56:13.000000",1.0,4.1,1.0,N,262.0,234.0,2.0,18.0,2.5,0.5,0.0,0.0,0.3,21.3,2.5
1.0,"2019-08-14 16:35:54.000000","2019-08-14 17:07:18.000000",1.0,3.9,1.0,N,262.0,234.0,2.0,20.5,3.5,0.5,0.0,0.0,0.3,24.8,2.5
1.0,"2019-08-14 17:19:10.000000","2019-08-14 17:40:40.000000",0.0,3.8,1.0,N,262.0,234.0,2.0,16.5,3.5,0.5,0.0,0.0,0.3,20.8,2.5
1.0,"2019-08-14 18:19:01.000000","2019-08-14 18:42:46.000000",1.0,4.4,1.0,N,262.0,234.0,1.0,18.0,3.5,0.5,4.45,0.0,0.3,26.75,2.5
2.0,"2019-08-14 20:34:32.000000","2019-08-14 20:53:57.000000",1.0,4.53,1.0,N,262.0,234.0,1.0,18.0,0.5,0.5,4.36,0.0,0.3,26.16,2.5
2.0,"2019-08-15 06:33:35.000000","2019-08-15 06:48:32.000000",4.0,4.07,1.0,N,262.0,234.0,2.0,16.0,0.0,0.5,0.0,0.0,0.3,19.3,2.5
2.0,"2019-08-15 06:55:47.000000","2019-08-15 07:10:10.000000",1.0,4.52,1.0,N,262.0,234.0,1.0,16.5,0.0,0.5,3.0,0.0,0.3,22.8,2.5
2.0,"2019-08-15 07:58:02.000000","2019-08-15 08:09:03.000000",5.0,3.92,1.0,N,262.0,234.0,1.0,13.0,0.0,0.5,3.26,0.0,0.3,19.56,2.5
2.0,"2019-08-15 08:55:57.000000","2019-08-15 09:21:06.000000",2.0,4.27,1.0,N,262.0,234.0,1.0,19.0,0.0,0.5,4.46,0.0,0.3,26.76,2.5
2.0,"2019-08-15 08:48:25.000000","2019-08-15 09:14:17.000000",5.0,4.6,1.0,N,262.0,234.0,1.0,20.0,0.0,0.5,1.0,0.0,0.3,24.3,2.5
2.0,"2019-08-15 08:33:43.000000","2019-08-15 09:01:22.000000",1.0,4.17,1.0,N,262.0,234.0,1.0,19.5,0.0,0.5,4.56,0.0,0.3,27.36,2.5
2.0,"2019-08-15 08:34:36.000000","2019-08-15 09:02:24.000000",1.0,4.43,1.0,N,262.0,234.0,1.0,20.5,0.0,0.5,4.76,0.0,0.3,28.56,2.5
2.0,"2019-08-15 08:38:47.000000","2019-08-15 09:00:55.000000",2.0,4.59,1.0,N,262.0,234.0,1.0,18.5,0.0,0.5,4.36,0.0,0.3,26.16,2.5
1.0,"2019-08-15 09:50:02.000000","2019-08-15 10:15:36.000000",1.0,4.1,1.0,N,262.0,234.0,1.0,19.5,2.5,0.5,4.55,0.0,0.3,27.35,2.5
2.0,"2019-08-15 09:24:15.000000","2019-08-15 09:43:39.000000",1.0,4.9,1.0,N,262.0,234.0,1.0,18.0,0.0,0.5,4.26,0.0,0.3,25.56,2.5
2.0,"2019-08-15 10:34:16.000000","2019-08-15 10:50:50.000000",1.0,3.99,1.0,N,262.0,234.0,1.0,16.0,0.0,0.5,3.86,0.0,0.3,23.16,2.5
2.0,"2019-08-15 10:10:49.000000","2019-08-15 10:27:40.000000",1.0,3.81,1.0,N,262.0,234.0,2.0,15.5,0.0,0.5,0.0,0.0,0.3,18.8,2.5
1.0,"2019-08-15 11:47:26.000000","2019-08-15 12:03:49.000000",1.0,3.9,1.0,N,262.0,234.0,1.0,15.0,2.5,0.5,3.65,0.0,0.3,21.95,2.5
1.0,"2019-08-15 11:44:37.000000","2019-08-15 12:01:29.000000",0.0,4.2,1.0,N,262.0,234.0,1.0,16.0,2.5,0.5,1.0,0.0,0.3,20.3,2.5
2.0,"2019-08-15 11:38:16.000000","2019-08-15 11:59:29.000000",1.0,4.59,1.0,N,262.0,234.0,1.0,18.0,0.0,0.5,5.32,0.0,0.3,26.62,2.5
2.0,"2019-08-15 12:24:33.000000","2019-08-15 12:47:57.000000",1.0,4.57,1.0,N,262.0,234.0,1.0,19.5,0.0,0.5,3.42,0.0,0.3,26.22,2.5
2.0,"2019-08-15 16:31:57.000000","2019-08-15 16:52:20.000000",1.0,4.13,1.0,N,262.0,234.0,1.0,17.0,1.0,0.5,4.26,0.0,0.3,25.56,2.5
2.0,"2019-08-15 17:12:07.000000","2019-08-15 17:35:10.000000",1.0,4.79,1.0,N,262.0,234.0,1.0,20.0,1.0,0.5,4.86,0.0,0.3,29.16,2.5
2.0,"2019-08-15 19:55:43.000000","2019-08-15 20:18:34.000000",2.0,4.46,1.0,N,262.0,234.0,1.0,19.0,1.0,0.5,4.66,0.0,0.3,27.96,2.5
1.0,"2019-08-16 06:35:44.000000","2019-08-16 06:50:07.000000",1.0,4.0,1.0,N,262.0,234.0,2.0,15.5,2.5,0.5,0.0,0.0,0.3,18.8,2.5
2.0,"2019-08-16 06:52:05.000000","2019-08-16 07:06:32.000000",1.0,4.66,1.0,N,262.0,234.0,1.0,16.5,0.0,0.5,3.0,0.0,0.3,22.8,2.5
2.0,"2019-08-16 08:04:30.000000","2019-08-16 08:20:24.000000",1.0,3.93,1.0,N,262.0,234.0,1.0,15.5,0.0,0.5,2.44,0.0,0.3,21.24,2.5
2.0,"2019-08-16 08:59:23.000000","2019-08-16 09:18:00.000000",1.0,4.14,1.0,N,262.0,234.0,1.0,16.5,0.0,0.5,3.96,0.0,0.3,23.76,2.5
1.0,"2019-08-16 10:23:27.000000","2019-08-16 10:45:43.000000",2.0,4.3,1.0,N,262.0,234.0,1.0,19.0,2.5,0.5,2.7,0.0,0.3,25.0,2.5
1.0,"2019-08-16 10:00:07.000000","2019-08-16 10:18:20.000000",1.0,4.2,1.0,N,262.0,234.0,1.0,17.0,2.5,0.5,1.0,0.0,0.3,21.3,2.5
2.0,"2019-08-16 10:46:49.000000","2019-08-16 11:01:33.000000",3.0,3.94,1.0,N,262.0,234.0,1.0,15.0,0.0,0.5,3.66,0.0,0.3,21.96,2.5
2.0,"2019-08-16 11:12:57.000000","2019-08-16 11:28:20.000000",1.0,4.19,1.0,N,262.0,234.0,1.0,15.5,0.0,0.5,3.76,0.0,0.3,22.56,2.5
2.0,"2019-08-16 12:46:03.000000","2019-08-16 13:00:28.000000",1.0,3.61,1.0,N,262.0,234.0,1.0,14.5,0.0,0.5,3.56,0.0,0.3,21.36,2.5
2.0,"2019-08-16 12:18:46.000000","2019-08-16 12:38:42.000000",6.0,4.39,1.0,N,262.0,234.0,1.0,18.0,0.0,0.5,4.26,0.0,0.3,25.56,2.5
1.0,"2019-08-16 13:13:46.000000","2019-08-16 13:32:17.000000",0.0,4.2,1.0,N,262.0,234.0,1.0,17.5,2.5,0.5,4.15,0.0,0.3,24.95,2.5
2.0,"2019-08-16 13:22:25.000000","2019-08-16 13:44:28.000000",1.0,4.7,1.0,N,262.0,234.0,1.0,19.5,0.0,0.5,5.7,0.0,0.3,28.5,2.5
2.0,"2019-08-16 15:35:39.000000","2019-08-16 15:54:54.000000",1.0,4.08,1.0,N,262.0,234.0,1.0,16.5,0.0,0.5,3.96,0.0,0.3,23.76,2.5
1.0,"2019-08-16 16:48:12.000000","2019-08-16 17:17:50.000000",1.0,4.3,1.0,N,262.0,234.0,1.0,19.5,3.5,0.5,2.0,0.0,0.3,25.8,2.5
2.0,"2019-08-16 17:16:25.000000","2019-08-16 17:48:16.000000",1.0,4.39,1.0,N,262.0,234.0,1.0,22.0,1.0,0.5,2.0,0.0,0.3,28.3,2.5
2.0,"2019-08-16 19:18:40.000000","2019-08-16 19:33:58.000000",1.0,3.85,1.0,N,262.0,234.0,1.0,15.5,1.0,0.5,1.0,0.0,0.3,20.8,2.5
2.0,"2019-08-16 20:38:05.000000","2019-08-16 20:58:37.000000",2.0,4.15,1.0,N,262.0,234.0,1.0,18.0,0.5,0.5,0.0,0.0,0.3,21.8,2.5
2.0,"2019-08-17 07:08:36.000000","2019-08-17 07:22:00.000000",1.0,4.05,1.0,N,262.0,234.0,1.0,15.0,0.0,0.5,5.49,0.0,0.3,23.79,2.5
1.0,"2019-08-17 08:45:56.000000","2019-08-17 09:00:38.000000",1.0,3.9,1.0,N,262.0,234.0,2.0,15.5,2.5,0.5,0.0,0.0,0.3,18.8,2.5
2.0,"2019-08-17 09:43:13.000000","2019-08-17 10:00:21.000000",1.0,3.56,1.0,N,262.0,234.0,1.0,14.5,0.0,0.5,3.56,0.0,0.3,21.36,2.5
2.0,"2019-08-17 14:40:13.000000","2019-08-17 15:03:25.000000",5.0,4.52,1.0,N,262.0,234.0,1.0,17.5,0.0,0.5,6.24,0.0,0.3,27.04,2.5
2.0,"2019-08-17 15:06:50.000000","2019-08-17 15:27:46.000000",6.0,3.9,1.0,N,262.0,234.0,1.0,15.5,0.0,0.5,3.76,0.0,0.3,22.56,2.5
1.0,"2019-08-17 17:52:24.000000","2019-08-17 18:10:19.000000",2.0,4.5,1.0,N,262.0,234.0,1.0,17.0,2.5,0.5,4.05,0.0,0.3,24.35,2.5
1.0,"2019-08-17 17:46:28.000000","2019-08-17 17:59:55.000000",1.0,3.6,1.0,N,262.0,234.0,1.0,14.0,2.5,0.5,3.45,0.0,0.3,20.75,2.5
2.0,"2019-08-17 19:02:26.000000","2019-08-17 19:19:59.000000",1.0,3.94,1.0,N,262.0,234.0,1.0,16.0,0.0,0.5,3.86,0.0,0.3,23.16,2.5
2.0,"2019-08-17 20:25:20.000000","2019-08-17 20:45:10.000000",1.0,4.56,1.0,N,262.0,234.0,1.0,17.0,0.5,0.5,3.12,0.0,0.3,23.92,2.5
2.0,"2019-08-17 20:52:06.000000","2019-08-17 21:05:51.000000",1.0,4.13,1.0,N,262.0,234.0,1.0,14.5,0.5,0.5,3.66,0.0,0.3,21.96,2.5
2.0,"2019-08-17 22:30:54.000000","2019-08-17 22:46:50.000000",2.0,4.41,1.0,N,262.0,234.0,2.0,16.5,0.5,0.5,0.0,0.0,0.3,20.3,2.5
2.0,"2019-08-17 22:01:08.000000","2019-08-17 22:14:15.000000",1.0,4.57,1.0,N,262.0,234.0,2.0,15.5,0.5,0.5,0.0,0.0,0.3,19.3,2.5
1.0,"2019-08-18 10:05:28.000000","2019-08-18 10:22:40.000000",4.0,4.6,1.0,N,262.0,234.0,1.0,17.5,2.5,0.5,4.15,0.0,0.3,24.95,2.5
1.0,"2019-08-18 10:11:12.000000","2019-08-18 10:23:50.000000",2.0,4.0,1.0,N,262.0,234.0,1.0,14.5,2.5,0.5,2.2,0.0,0.3,20.0,2.5
2.0,"2019-08-18 11:36:31.000000","2019-08-18 11:50:09.000000",3.0,4.64,1.0,N,262.0,234.0,1.0,15.5,0.0,0.5,4.7,0.0,0.3,23.5,2.5
2.0,"2019-08-18 11:06:58.000000","2019-08-18 11:21:03.000000",1.0,4.01,1.0,N,262.0,234.0,1.0,15.0,0.0,0.5,3.66,0.0,0.3,21.96,2.5
1.0,"2019-08-18 18:18:33.000000","2019-08-18 18:36:19.000000",1.0,3.2,1.0,N,262.0,234.0,1.0,14.0,2.5,0.5,1.73,0.0,0.3,19.03,2.5
2.0,"2019-08-18 18:11:47.000000","2019-08-18 18:30:20.000000",5.0,3.75,1.0,N,262.0,234.0,1.0,15.0,0.0,0.5,2.74,0.0,0.3,21.04,2.5
1.0,"2019-08-18 22:00:58.000000","2019-08-18 22:19:18.000000",1.0,3.9,1.0,N,262.0,234.0,1.0,15.5,3.0,0.5,3.0,0.0,0.3,22.3,2.5
1.0,"2019-08-19 06:03:43.000000","2019-08-19 06:13:44.000000",1.0,3.9,1.0,N,262.0,234.0,1.0,13.5,2.5,0.5,1.0,0.0,0.3,17.8,2.5
1.0,"2019-08-19 06:58:17.000000","2019-08-19 07:13:12.000000",1.0,4.6,1.0,N,262.0,234.0,1.0,17.0,2.5,0.5,3.0,0.0,0.3,23.3,2.5
1.0,"2019-08-19 06:28:12.000000","2019-08-19 06:41:00.000000",1.0,4.0,1.0,N,262.0,234.0,2.0,15.0,2.5,0.5,0.0,0.0,0.3,18.3,2.5
2.0,"2019-08-19 06:22:22.000000","2019-08-19 06:37:48.000000",1.0,4.29,1.0,N,262.0,234.0,2.0,15.0,0.0,0.5,0.0,0.0,0.3,18.3,2.5
2.0,"2019-08-19 07:14:44.000000","2019-08-19 07:26:42.000000",6.0,3.94,1.0,N,262.0,234.0,2.0,13.5,0.0,0.5,0.0,0.0,0.3,16.8,2.5
2.0,"2019-08-19 08:02:16.000000","2019-08-19 08:16:39.000000",1.0,4.06,1.0,N,262.0,234.0,1.0,15.0,0.0,0.5,3.66,0.0,0.3,21.96,2.5
2.0,"2019-08-19 08:04:50.000000","2019-08-19 08:23:44.000000",1.0,3.65,1.0,N,262.0,234.0,1.0,15.0,0.0,0.5,2.38,0.0,0.3,20.68,2.5
2.0,"2019-08-19 09:05:05.000000","2019-08-19 09:22:18.000000",1.0,3.87,1.0,N,262.0,234.0,1.0,15.5,0.0,0.5,1.0,0.0,0.3,19.8,2.5
1.0,"2019-08-19 09:07:19.000000","2019-08-19 09:26:20.000000",1.0,4.3,1.0,N,262.0,234.0,1.0,17.0,2.5,0.5,1.0,0.0,0.3,21.3,2.5
1.0,"2019-08-19 10:07:33.000000","2019-08-19 10:28:23.000000",1.0,4.2,1.0,N,262.0,234.0,2.0,18.0,2.5,0.5,0.0,0.0,0.3,21.3,2.5
1.0,"2019-08-19 10:06:18.000000","2019-08-19 10:24:14.000000",1.0,3.8,1.0,N,262.0,234.0,2.0,16.0,2.5,0.5,0.0,0.0,0.3,19.3,2.5
1.0,"2019-08-19 10:39:06.000000","2019-08-19 10:57:56.000000",1.0,4.2,1.0,N,262.0,234.0,1.0,17.0,2.5,0.5,2.5,0.0,0.3,22.8,2.5
2.0,"2019-08-19 10:45:17.000000","2019-08-19 11:07:54.000000",1.0,3.96,1.0,N,262.0,234.0,1.0,18.5,0.0,0.5,5.45,0.0,0.3,27.25,2.5
2.0,"2019-08-19 10:31:10.000000","2019-08-19 10:57:07.000000",2.0,4.76,1.0,N,262.0,234.0,1.0,21.0,0.0,0.5,3.0,0.0,0.3,27.3,2.5
1.0,"2019-08-19 11:43:11.000000","2019-08-19 11:59:23.000000",2.0,4.2,1.0,N,262.0,234.0,1.0,15.5,2.5,0.5,2.0,0.0,0.3,20.8,2.5
2.0,"2019-08-19 14:33:31.000000","2019-08-19 14:52:16.000000",1.0,4.46,1.0,N,262.0,234.0,1.0,16.5,0.0,0.5,3.96,0.0,0.3,23.76,2.5
2.0,"2019-08-19 14:40:02.000000","2019-08-19 14:56:54.000000",6.0,4.01,1.0,N,262.0,234.0,1.0,15.0,0.0,0.5,3.66,0.0,0.3,21.96,2.5
2.0,"2019-08-19 19:47:07.000000","2019-08-19 20:07:30.000000",5.0,4.27,1.0,N,262.0,234.0,1.0,15.0,1.0,0.5,0.0,0.0,0.3,19.3,2.5
1.0,"2019-08-20 05:04:57.000000","2019-08-20 05:17:41.000000",1.0,3.8,1.0,N,262.0,234.0,2.0,13.5,3.0,0.5,0.0,0.0,0.3,17.3,2.5
1.0,"2019-08-20 06:55:06.000000","2019-08-20 07:09:23.000000",1.0,4.4,1.0,N,262.0,234.0,1.0,16.0,2.5,0.5,3.0,0.0,0.3,22.3,2.5
1.0,"2019-08-20 07:22:52.000000","2019-08-20 07:37:19.000000",1.0,4.0,1.0,N,262.0,234.0,2.0,14.5,2.5,0.5,0.0,0.0,0.3,17.8,2.5
1.0,"2019-08-20 08:58:45.000000","2019-08-20 09:15:42.000000",1.0,4.0,1.0,N,262.0,234.0,2.0,16.0,2.5,0.5,0.0,0.0,0.3,19.3,2.5
1.0,"2019-08-20 08:32:59.000000","2019-08-20 08:53:31.000000",1.0,3.8,1.0,N,262.0,234.0,1.0,17.0,2.5,0.5,4.05,0.0,0.3,24.35,2.5
2.0,"2019-08-20 08:03:48.000000","2019-08-20 08:19:30.000000",1.0,4.07,1.0,N,262.0,234.0,1.0,15.5,0.0,0.5,3.76,0.0,0.3,22.56,2.5
2.0,"2019-08-20 08:39:15.000000","2019-08-20 09:05:17.000000",5.0,4.71,1.0,N,262.0,234.0,1.0,20.0,0.0,0.5,3.5,0.0,0.3,26.8,2.5
2.0,"2019-08-20 08:05:34.000000","2019-08-20 08:33:07.000000",1.0,3.71,1.0,N,262.0,234.0,1.0,18.5,0.0,0.5,0.0,0.0,0.3,21.8,2.5
2.0,"2019-08-20 08:35:59.000000","2019-08-20 08:57:19.000000",2.0,4.42,1.0,N,262.0,234.0,1.0,17.5,0.0,0.5,1.0,0.0,0.3,21.8,2.5
2.0,"2019-08-20 09:57:45.000000","2019-08-20 10:16:48.000000",1.0,3.93,1.0,N,262.0,234.0,2.0,16.0,0.0,0.5,0.0,0.0,0.3,19.3,2.5
2.0,"2019-08-20 09:10:30.000000","2019-08-20 09:28:13.000000",1.0,3.82,1.0,N,262.0,234.0,1.0,16.0,0.0,0.5,1.0,0.0,0.3,20.3,2.5
1.0,"2019-08-20 09:24:54.000000","2019-08-20 09:40:25.000000",1.0,4.1,1.0,N,262.0,234.0,1.0,15.0,2.5,0.5,2.5,0.0,0.3,20.8,2.5
1.0,"2019-08-20 09:08:08.000000","2019-08-20 09:31:59.000000",1.0,4.1,1.0,N,262.0,234.0,1.0,19.5,2.5,0.5,1.0,0.0,0.3,23.8,2.5
2.0,"2019-08-20 09:41:16.000000","2019-08-20 10:00:09.000000",1.0,3.96,1.0,N,262.0,234.0,1.0,16.0,0.0,0.5,3.86,0.0,0.3,23.16,2.5
2.0,"2019-08-20 09:36:58.000000","2019-08-20 09:56:56.000000",1.0,4.31,1.0,N,262.0,234.0,1.0,17.0,0.0,0.5,3.25,0.0,0.3,23.55,2.5
1.0,"2019-08-20 10:53:11.000000","2019-08-20 11:09:40.000000",1.0,3.7,1.0,N,262.0,234.0,1.0,14.5,2.5,0.5,4.45,0.0,0.3,22.25,2.5
2.0,"2019-08-20 10:24:02.000000","2019-08-20 10:40:59.000000",1.0,4.26,1.0,N,262.0,234.0,1.0,16.5,0.0,0.5,2.97,0.0,0.3,22.77,2.5
2.0,"2019-08-20 11:19:49.000000","2019-08-20 11:38:42.000000",1.0,4.33,1.0,N,262.0,234.0,1.0,17.5,0.0,0.5,3.12,0.0,0.3,23.92,2.5
1.0,"2019-08-20 19:37:18.000000","2019-08-20 19:51:09.000000",1.0,3.7,1.0,N,262.0,234.0,1.0,14.5,3.5,0.5,3.75,0.0,0.3,22.55,2.5
2.0,"2019-08-21 01:13:08.000000","2019-08-21 01:25:00.000000",1.0,4.37,1.0,N,262.0,234.0,1.0,14.5,0.5,0.5,2.0,0.0,0.3,20.3,2.5
2.0,"2019-08-21 07:12:50.000000","2019-08-21 07:25:09.000000",1.0,4.45,1.0,N,262.0,234.0,2.0,15.5,0.0,0.5,0.0,0.0,0.3,18.8,2.5
1.0,"2019-08-21 07:00:39.000000","2019-08-21 07:14:37.000000",1.0,4.4,1.0,N,262.0,234.0,1.0,16.0,2.5,0.5,3.0,0.0,0.3,22.3,2.5
1.0,"2019-08-21 07:15:42.000000","2019-08-21 07:29:45.000000",1.0,3.9,1.0,N,262.0,234.0,1.0,15.0,2.5,0.5,3.65,0.0,0.3,21.95,2.5
1.0,"2019-08-21 08:19:34.000000","2019-08-21 08:35:15.000000",1.0,3.9,1.0,N,262.0,234.0,1.0,15.0,2.5,0.5,3.65,0.0,0.3,21.95,2.5
2.0,"2019-08-21 08:48:30.000000","2019-08-21 09:03:13.000000",1.0,4.35,1.0,N,262.0,234.0,1.0,15.5,0.0,0.5,3.76,0.0,0.3,22.56,2.5
1.0,"2019-08-21 08:09:19.000000","2019-08-21 08:28:34.000000",1.0,3.9,1.0,N,262.0,234.0,1.0,17.0,2.5,0.5,2.44,0.0,0.3,22.74,2.5
2.0,"2019-08-21 08:22:57.000000","2019-08-21 08:36:10.000000",3.0,3.85,1.0,N,262.0,234.0,1.0,14.0,0.0,0.5,3.46,0.0,0.3,20.76,2.5
2.0,"2019-08-21 08:51:04.000000","2019-08-21 09:09:12.000000",1.0,4.49,1.0,N,262.0,234.0,1.0,17.0,0.0,0.5,1.0,0.0,0.3,21.3,2.5
1.0,"2019-08-21 09:17:37.000000","2019-08-21 09:34:02.000000",1.0,3.6,1.0,N,262.0,234.0,1.0,15.0,2.5,0.5,3.65,0.0,0.3,21.95,2.5
1.0,"2019-08-21 09:08:55.000000","2019-08-21 09:32:16.000000",1.0,3.8,1.0,N,262.0,234.0,1.0,18.5,2.5,0.5,4.36,0.0,0.3,26.16,2.5
1.0,"2019-08-21 09:42:23.000000","2019-08-21 10:00:49.000000",1.0,4.2,1.0,N,262.0,234.0,1.0,17.0,2.5,0.5,2.0,0.0,0.3,22.3,2.5
1.0,"2019-08-21 09:13:20.000000","2019-08-21 09:29:42.000000",1.0,4.0,1.0,N,262.0,234.0,2.0,15.5,2.5,0.5,0.0,0.0,0.3,18.8,2.5
2.0,"2019-08-21 09:52:58.000000","2019-08-21 10:10:53.000000",1.0,3.75,1.0,N,262.0,234.0,2.0,16.0,0.0,0.5,0.0,0.0,0.3,19.3,2.5
2.0,"2019-08-21 10:40:09.000000","2019-08-21 10:56:24.000000",1.0,4.01,1.0,N,262.0,234.0,1.0,15.0,0.0,0.5,4.58,0.0,0.3,22.88,2.5
1.0,"2019-08-21 11:27:32.000000","2019-08-21 11:41:36.000000",1.0,3.9,1.0,N,262.0,234.0,1.0,15.0,2.5,0.5,1.0,0.0,0.3,19.3,2.5
2.0,"2019-08-21 11:07:35.000000","2019-08-21 11:24:09.000000",1.0,3.99,1.0,N,262.0,234.0,1.0,16.0,0.0,0.5,3.86,0.0,0.3,23.16,2.5
1.0,"2019-08-21 11:41:11.000000","2019-08-21 11:59:37.000000",1.0,5.0,1.0,N,262.0,234.0,1.0,17.0,2.5,0.5,4.05,0.0,0.3,24.35,2.5
2.0,"2019-08-21 12:13:16.000000","2019-08-21 12:28:16.000000",6.0,3.71,1.0,N,262.0,234.0,1.0,14.5,0.0,0.5,5.34,0.0,0.3,23.14,2.5
1.0,"2019-08-21 14:22:49.000000","2019-08-21 14:41:03.000000",1.0,3.9,1.0,N,262.0,234.0,1.0,16.5,2.5,0.5,1.98,0.0,0.3,21.78,2.5
2.0,"2019-08-21 14:02:13.000000","2019-08-21 14:41:16.000000",1.0,4.01,1.0,N,262.0,234.0,1.0,24.5,0.0,0.5,6.95,0.0,0.3,34.75,2.5
2.0,"2019-08-21 15:31:19.000000","2019-08-21 15:52:55.000000",1.0,4.13,1.0,N,262.0,234.0,2.0,18.5,0.0,0.5,0.0,0.0,0.3,21.8,2.5
2.0,"2019-08-21 15:38:51.000000","2019-08-21 15:56:46.000000",1.0,4.14,1.0,N,262.0,234.0,1.0,16.0,0.0,0.5,2.9,0.0,0.3,22.2,2.5
1.0,"2019-08-21 15:31:34.000000","2019-08-21 15:47:58.000000",1.0,3.8,1.0,N,262.0,234.0,1.0,15.0,2.5,0.5,5.45,0.0,0.3,23.75,2.5
2.0,"2019-08-21 16:26:03.000000","2019-08-21 16:43:20.000000",1.0,4.75,1.0,N,262.0,234.0,1.0,17.0,1.0,0.5,0.0,0.0,0.3,21.3,2.5
1.0,"2019-08-21 22:53:28.000000","2019-08-21 23:05:28.000000",1.0,4.1,1.0,N,262.0,234.0,2.0,14.0,3.0,0.5,0.0,0.0,0.3,17.8,2.5
1.0,"2019-08-22 06:41:53.000000","2019-08-22 06:56:57.000000",1.0,4.4,1.0,N,262.0,234.0,1.0,16.0,2.5,0.5,3.85,0.01,0.3,23.16,2.5
1.0,"2019-08-22 06:48:02.000000","2019-08-22 07:02:14.000000",1.0,4.5,1.0,N,262.0,234.0,1.0,16.0,2.5,0.5,3.85,0.0,0.3,23.15,2.5
1.0,"2019-08-22 06:59:20.000000","2019-08-22 07:10:33.000000",1.0,4.5,1.0,N,262.0,234.0,1.0,15.0,2.5,0.5,3.0,0.0,0.3,21.3,2.5
1.0,"2019-08-22 07:23:44.000000","2019-08-22 07:37:13.000000",1.0,3.8,1.0,N,262.0,234.0,2.0,14.0,2.5,0.5,0.0,0.0,0.3,17.3,2.5
2.0,"2019-08-22 07:03:31.000000","2019-08-22 07:18:51.000000",1.0,4.33,1.0,N,262.0,234.0,1.0,16.0,0.0,0.5,3.86,0.0,0.3,23.16,2.5
1.0,"2019-08-22 08:41:12.000000","2019-08-22 09:02:17.000000",1.0,4.5,1.0,N,262.0,234.0,1.0,18.5,2.5,0.5,6.5,0.0,0.3,28.3,2.5
1.0,"2019-08-22 08:02:53.000000","2019-08-22 08:19:06.000000",1.0,4.2,1.0,N,262.0,234.0,1.0,15.5,2.5,0.5,1.2,0.0,0.3,20.0,2.5
1.0,"2019-08-22 08:08:52.000000","2019-08-22 08:26:34.000000",1.0,3.8,1.0,N,262.0,234.0,1.0,16.0,2.5,0.5,1.93,0.0,0.3,21.23,2.5
2.0,"2019-08-22 08:24:00.000000","2019-08-22 08:40:13.000000",1.0,4.41,1.0,N,262.0,234.0,1.0,16.5,0.0,0.5,3.96,0.0,0.3,23.76,2.5
1.0,"2019-08-22 08:02:44.000000","2019-08-22 08:25:24.000000",1.0,4.3,1.0,N,262.0,234.0,1.0,18.0,2.5,0.5,4.25,0.0,0.3,25.55,2.5
2.0,"2019-08-22 09:24:19.000000","2019-08-22 09:51:27.000000",6.0,3.83,1.0,N,262.0,234.0,1.0,20.0,0.0,0.5,2.0,0.0,0.3,25.3,2.5
2.0,"2019-08-22 09:04:33.000000","2019-08-22 09:34:19.000000",1.0,4.8,1.0,N,262.0,234.0,1.0,22.0,0.0,0.5,3.8,0.0,0.3,29.1,2.5
2.0,"2019-08-22 09:36:27.000000","2019-08-22 10:16:14.000000",1.0,4.19,1.0,N,262.0,234.0,1.0,24.5,0.0,0.5,5.0,0.0,0.3,32.8,2.5
2.0,"2019-08-22 09:22:51.000000","2019-08-22 09:52:05.000000",1.0,3.87,1.0,N,262.0,234.0,1.0,21.0,0.0,0.5,2.7,0.0,0.3,27.0,2.5
2.0,"2019-08-22 09:38:29.000000","2019-08-22 10:08:50.000000",1.0,4.98,1.0,N,262.0,234.0,1.0,22.5,0.0,0.5,1.0,0.0,0.3,26.8,2.5
1.0,"2019-08-22 10:56:07.000000","2019-08-22 11:13:55.000000",1.0,3.9,1.0,N,262.0,234.0,1.0,16.5,2.5,0.5,4.95,0.0,0.3,24.75,2.5
1.0,"2019-08-22 10:22:10.000000","2019-08-22 10:40:57.000000",1.0,4.3,1.0,N,262.0,234.0,1.0,17.0,2.5,0.5,3.5,0.0,0.3,23.8,2.5
2.0,"2019-08-22 10:26:00.000000","2019-08-22 10:49:25.000000",1.0,4.35,1.0,N,262.0,234.0,1.0,19.5,0.0,0.5,1.0,0.0,0.3,23.8,2.5
1.0,"2019-08-22 11:52:17.000000","2019-08-22 12:07:53.000000",1.0,3.9,1.0,N,262.0,234.0,1.0,15.0,2.5,0.5,0.09,0.0,0.3,18.39,2.5
2.0,"2019-08-22 12:46:54.000000","2019-08-22 13:01:53.000000",1.0,3.96,1.0,N,262.0,234.0,1.0,15.5,0.0,0.5,3.76,0.0,0.3,22.56,2.5
1.0,"2019-08-22 13:56:18.000000","2019-08-22 14:08:42.000000",1.0,3.7,1.0,N,262.0,234.0,1.0,13.5,2.5,0.5,3.35,0.0,0.3,20.15,2.5
2.0,"2019-08-22 14:58:46.000000","2019-08-22 15:11:58.000000",1.0,3.88,1.0,N,262.0,234.0,1.0,14.0,0.0,0.5,1.73,0.0,0.3,19.03,2.5
2.0,"2019-08-22 15:01:27.000000","2019-08-22 15:15:18.000000",6.0,1.01,1.0,N,262.0,234.0,1.0,10.0,0.0,0.5,2.0,0.0,0.3,15.3,2.5
1.0,"2019-08-22 17:54:33.000000","2019-08-22 18:22:22.000000",1.0,4.7,1.0,N,262.0,234.0,1.0,21.0,3.5,0.5,0.0,0.0,0.3,25.3,2.5
1.0,"2019-08-22 17:54:55.000000","2019-08-22 18:19:30.000000",1.0,4.7,1.0,N,262.0,234.0,1.0,20.0,3.5,0.5,4.85,0.0,0.3,29.15,2.5
1.0,"2019-08-22 18:36:08.000000","2019-08-22 18:56:26.000000",1.0,4.3,1.0,N,262.0,234.0,1.0,17.5,3.5,0.5,5.45,0.0,0.3,27.25,2.5
1.0,"2019-08-22 18:47:59.000000","2019-08-22 19:01:23.000000",1.0,3.7,1.0,N,262.0,234.0,1.0,13.5,3.5,0.5,2.67,0.0,0.3,20.47,2.5
2.0,"2019-08-22 18:12:51.000000","2019-08-22 18:31:16.000000",1.0,4.13,1.0,N,262.0,234.0,1.0,17.0,1.0,0.5,2.13,0.0,0.3,23.43,2.5
2.0,"2019-08-22 18:15:05.000000","2019-08-22 18:37:31.000000",1.0,4.55,1.0,N,262.0,234.0,1.0,19.0,1.0,0.5,5.82,0.0,0.3,29.12,2.5
1.0,"2019-08-22 21:46:05.000000","2019-08-22 22:02:48.000000",1.0,4.2,1.0,N,262.0,234.0,1.0,15.5,3.0,0.5,3.85,0.0,0.3,23.15,2.5
2.0,"2019-08-22 22:16:19.000000","2019-08-22 22:31:16.000000",1.0,4.34,1.0,N,262.0,234.0,1.0,15.0,0.5,0.5,3.76,0.0,0.3,22.56,2.5
2.0,"2019-08-23 07:32:07.000000","2019-08-23 07:50:03.000000",6.0,4.01,1.0,N,262.0,234.0,2.0,15.5,0.0,0.5,0.0,0.0,0.3,18.8,2.5
1.0,"2019-08-23 07:11:54.000000","2019-08-23 07:28:19.000000",1.0,3.9,1.0,N,262.0,234.0,1.0,15.5,2.5,0.5,3.75,0.0,0.3,22.55,2.5
2.0,"2019-08-23 07:11:27.000000","2019-08-23 07:26:27.000000",1.0,4.17,1.0,N,262.0,234.0,1.0,15.0,0.0,0.5,5.49,0.0,0.3,23.79,2.5
2.0,"2019-08-23 07:42:59.000000","2019-08-23 07:59:21.000000",1.0,3.88,1.0,N,262.0,234.0,1.0,15.0,0.0,0.5,1.83,0.0,0.3,20.13,2.5
1.0,"2019-08-23 07:02:56.000000","2019-08-23 07:19:42.000000",1.0,4.6,1.0,N,262.0,234.0,1.0,16.5,2.5,0.5,3.0,0.0,0.3,22.8,2.5
2.0,"2019-08-23 08:00:53.000000","2019-08-23 08:19:53.000000",1.0,4.17,1.0,N,262.0,234.0,1.0,17.0,0.0,0.5,5.08,0.0,0.3,25.38,2.5
2.0,"2019-08-23 08:25:08.000000","2019-08-23 08:45:08.000000",2.0,4.35,1.0,N,262.0,234.0,1.0,17.5,0.0,0.5,4.16,0.0,0.3,24.96,2.5
2.0,"2019-08-23 09:25:11.000000","2019-08-23 09:52:44.000000",1.0,4.21,1.0,N,262.0,234.0,1.0,20.5,0.0,0.5,3.0,0.0,0.3,26.8,2.5
2.0,"2019-08-23 05:45:17.000000","2019-08-23 06:03:32.000000",1.0,4.03,1.0,N,262.0,234.0,2.0,16.0,0.0,0.5,0.0,0.0,0.3,19.3,2.5
2.0,"2019-08-23 09:09:55.000000","2019-08-23 09:32:53.000000",1.0,3.85,1.0,N,262.0,234.0,1.0,18.5,0.0,0.5,4.36,0.0,0.3,26.16,2.5
1.0,"2019-08-23 10:29:03.000000","2019-08-23 10:47:02.000000",1.0,3.7,1.0,N,262.0,234.0,2.0,15.5,2.5,0.5,0.0,0.0,0.3,18.8,2.5
1.0,"2019-08-23 10:04:29.000000","2019-08-23 10:26:02.000000",1.0,4.1,1.0,N,262.0,234.0,1.0,17.0,2.5,0.5,3.05,0.0,0.3,23.35,2.5
1.0,"2019-08-23 11:36:50.000000","2019-08-23 12:04:18.000000",1.0,4.5,1.0,N,262.0,234.0,1.0,20.5,2.5,0.5,3.5,0.0,0.3,27.3,2.5
2.0,"2019-08-23 11:12:33.000000","2019-08-23 11:26:54.000000",5.0,4.35,1.0,N,262.0,234.0,1.0,15.5,0.0,0.5,2.82,0.0,0.3,21.62,2.5
1.0,"2019-08-23 12:08:35.000000","2019-08-23 12:30:40.000000",1.0,3.9,1.0,N,262.0,234.0,1.0,17.0,2.5,0.5,4.05,0.0,0.3,24.35,2.5
2.0,"2019-08-23 12:18:22.000000","2019-08-23 12:37:09.000000",1.0,4.22,1.0,N,262.0,234.0,2.0,16.0,0.0,0.5,0.0,0.0,0.3,19.3,2.5
2.0,"2019-08-23 15:32:41.000000","2019-08-23 15:50:29.000000",1.0,4.15,1.0,N,262.0,234.0,2.0,16.5,0.0,0.5,0.0,0.0,0.3,19.8,2.5
2.0,"2019-08-23 16:23:25.000000","2019-08-23 16:52:53.000000",1.0,5.21,1.0,N,262.0,234.0,1.0,22.0,1.0,0.5,2.0,0.0,0.3,28.3,2.5
2.0,"2019-08-23 16:31:47.000000","2019-08-23 16:48:45.000000",1.0,3.8,1.0,N,262.0,234.0,2.0,15.0,1.0,0.5,0.0,0.0,0.3,19.3,2.5
1.0,"2019-08-23 16:03:03.000000","2019-08-23 16:22:31.000000",1.0,4.4,1.0,N,262.0,234.0,1.0,17.0,3.5,0.5,4.25,0.0,0.3,25.55,2.5
2.0,"2019-08-23 17:56:53.000000","2019-08-23 18:14:52.000000",1.0,4.12,1.0,N,262.0,234.0,1.0,16.5,1.0,0.5,0.0,0.0,0.3,20.8,2.5
2.0,"2019-08-23 20:18:24.000000","2019-08-23 20:29:34.000000",5.0,3.9,1.0,N,262.0,234.0,1.0,13.5,0.5,0.5,1.11,0.0,0.3,18.41,2.5
2.0,"2019-08-24 09:43:55.000000","2019-08-24 09:56:34.000000",1.0,3.73,1.0,N,262.0,234.0,1.0,14.0,0.0,0.5,2.0,0.0,0.3,19.3,2.5
1.0,"2019-08-24 11:23:51.000000","2019-08-24 11:40:56.000000",1.0,4.4,1.0,N,262.0,234.0,1.0,17.5,2.5,0.5,3.74,0.0,0.3,24.54,2.5
1.0,"2019-08-24 12:00:32.000000","2019-08-24 12:13:51.000000",1.0,4.0,1.0,N,262.0,234.0,1.0,14.5,2.5,0.5,3.55,0.0,0.3,21.35,2.5
2.0,"2019-08-24 12:25:17.000000","2019-08-24 12:45:08.000000",5.0,4.95,1.0,N,262.0,234.0,2.0,18.5,0.0,0.5,0.0,0.0,0.3,21.8,2.5
2.0,"2019-08-24 15:46:11.000000","2019-08-24 16:03:03.000000",1.0,4.5,1.0,N,262.0,234.0,1.0,16.5,0.0,0.5,3.5,0.0,0.3,23.3,2.5
2.0,"2019-08-24 18:31:02.000000","2019-08-24 18:46:49.000000",1.0,3.91,1.0,N,262.0,234.0,1.0,15.0,0.0,0.5,3.66,0.0,0.3,21.96,2.5
2.0,"2019-08-24 19:45:10.000000","2019-08-24 20:00:52.000000",5.0,4.44,1.0,N,262.0,234.0,1.0,16.0,0.0,0.5,2.0,0.0,0.3,21.3,2.5
2.0,"2019-08-24 21:08:43.000000","2019-08-24 21:24:27.000000",1.0,3.76,1.0,N,262.0,234.0,1.0,14.5,0.5,0.5,2.0,0.0,0.3,20.3,2.5
1.0,"2019-08-24 21:15:58.000000","2019-08-24 21:36:03.000000",0.0,4.5,1.0,N,262.0,234.0,1.0,18.0,3.0,0.5,4.35,0.0,0.3,26.15,2.5
2.0,"2019-08-24 22:03:05.000000","2019-08-24 22:21:34.000000",1.0,3.52,1.0,N,262.0,234.0,1.0,14.5,0.5,0.5,3.66,0.0,0.3,21.96,2.5
2.0,"2019-08-25 10:11:58.000000","2019-08-25 10:25:45.000000",1.0,4.26,1.0,N,262.0,234.0,1.0,15.0,0.0,0.5,3.66,0.0,0.3,21.96,2.5
1.0,"2019-08-25 11:32:25.000000","2019-08-25 11:47:38.000000",1.0,4.0,1.0,N,262.0,234.0,1.0,15.5,2.5,0.5,3.75,0.0,0.3,22.55,2.5
2.0,"2019-08-25 13:47:26.000000","2019-08-25 14:03:13.000000",1.0,4.1,1.0,N,262.0,234.0,1.0,15.5,0.0,0.5,3.0,0.0,0.3,21.8,2.5
1.0,"2019-08-25 15:09:34.000000","2019-08-25 15:25:49.000000",1.0,4.0,1.0,N,262.0,234.0,1.0,15.5,2.5,0.5,3.75,0.0,0.3,22.55,2.5
2.0,"2019-08-25 15:57:10.000000","2019-08-25 16:07:35.000000",1.0,3.63,1.0,N,262.0,234.0,2.0,13.0,0.0,0.5,0.0,0.0,0.3,16.3,2.5
1.0,"2019-08-26 06:21:52.000000","2019-08-26 06:34:41.000000",1.0,4.0,1.0,N,262.0,234.0,1.0,14.0,2.5,0.5,2.0,0.0,0.3,19.3,2.5
1.0,"2019-08-26 06:45:28.000000","2019-08-26 06:59:37.000000",1.0,4.5,1.0,N,262.0,234.0,1.0,16.0,2.5,0.5,3.85,0.0,0.3,23.15,2.5
2.0,"2019-08-26 06:36:29.000000","2019-08-26 06:59:44.000000",1.0,5.47,1.0,N,262.0,234.0,1.0,21.0,0.0,0.5,7.29,0.0,0.3,31.59,2.5
1.0,"2019-08-26 07:07:35.000000","2019-08-26 07:19:22.000000",0.0,4.5,1.0,N,262.0,234.0,1.0,15.5,2.5,0.5,3.0,0.0,0.3,21.8,2.5
2.0,"2019-08-26 08:00:39.000000","2019-08-26 08:15:46.000000",1.0,4.0,1.0,N,262.0,234.0,1.0,15.0,0.0,0.5,2.0,0.0,0.3,20.3,2.5
1.0,"2019-08-26 09:58:34.000000","2019-08-26 10:16:08.000000",1.0,4.2,1.0,N,262.0,234.0,1.0,16.5,2.5,0.5,1.0,0.0,0.3,20.8,2.5
2.0,"2019-08-26 09:13:39.000000","2019-08-26 09:32:31.000000",6.0,3.97,1.0,N,262.0,234.0,1.0,16.0,0.0,0.5,3.86,0.0,0.3,23.16,2.5
2.0,"2019-08-26 09:45:16.000000","2019-08-26 10:00:39.000000",1.0,3.93,1.0,N,262.0,234.0,2.0,15.0,0.0,0.5,0.0,0.0,0.3,18.3,2.5
1.0,"2019-08-26 11:21:13.000000","2019-08-26 11:42:31.000000",1.0,4.5,1.0,N,262.0,234.0,1.0,18.5,2.5,0.5,4.35,0.0,0.3,26.15,2.5
1.0,"2019-08-26 11:16:02.000000","2019-08-26 11:33:04.000000",0.0,4.7,1.0,N,262.0,234.0,2.0,17.0,2.5,0.5,0.0,0.0,0.3,20.3,2.5
1.0,"2019-08-26 14:35:52.000000","2019-08-26 14:50:16.000000",1.0,4.5,1.0,N,262.0,234.0,1.0,16.0,2.5,0.5,2.7,0.0,0.3,22.0,2.5
2.0,"2019-08-26 15:22:56.000000","2019-08-26 15:42:17.000000",1.0,4.27,1.0,N,262.0,234.0,2.0,17.0,0.0,0.5,0.0,0.0,0.3,20.3,2.5
2.0,"2019-08-26 16:25:32.000000","2019-08-26 16:41:56.000000",1.0,4.04,1.0,N,262.0,234.0,1.0,15.5,1.0,0.5,3.96,0.0,0.3,23.76,2.5
2.0,"2019-08-26 18:12:11.000000","2019-08-26 18:30:29.000000",1.0,4.75,1.0,N,262.0,234.0,1.0,17.5,1.0,0.5,4.36,0.0,0.3,26.16,2.5
2.0,"2019-08-26 21:46:33.000000","2019-08-26 22:01:26.000000",1.0,4.98,1.0,N,262.0,234.0,1.0,16.5,0.5,0.5,2.0,0.0,0.3,22.3,2.5
2.0,"2019-08-26 22:24:08.000000","2019-08-26 22:36:45.000000",1.0,3.59,1.0,N,262.0,234.0,1.0,13.5,0.5,0.5,1.0,0.0,0.3,18.3,2.5
2.0,"2019-08-26 22:15:48.000000","2019-08-26 22:29:59.000000",5.0,4.68,1.0,N,262.0,234.0,1.0,16.5,0.5,0.5,2.03,0.0,0.3,22.33,2.5
2.0,"2019-08-27 06:53:04.000000","2019-08-27 07:06:21.000000",1.0,4.56,1.0,N,262.0,234.0,1.0,16.0,0.0,0.5,3.0,0.0,0.3,22.3,2.5
2.0,"2019-08-27 06:22:10.000000","2019-08-27 06:36:29.000000",5.0,3.74,1.0,N,262.0,234.0,1.0,14.0,0.0,0.5,3.46,0.0,0.3,20.76,2.5
2.0,"2019-08-27 06:57:02.000000","2019-08-27 07:11:45.000000",1.0,4.34,1.0,N,262.0,234.0,2.0,16.0,0.0,0.5,0.0,0.0,0.3,19.3,2.5
2.0,"2019-08-27 07:11:37.000000","2019-08-27 07:26:18.000000",2.0,3.83,1.0,N,262.0,234.0,1.0,14.5,0.0,0.5,3.56,0.0,0.3,21.36,2.5
2.0,"2019-08-27 07:27:44.000000","2019-08-27 07:40:33.000000",1.0,4.47,1.0,N,262.0,234.0,2.0,15.5,0.0,0.5,0.0,0.0,0.3,18.8,2.5
2.0,"2019-08-27 07:12:57.000000","2019-08-27 07:26:57.000000",5.0,3.99,1.0,N,262.0,234.0,2.0,15.0,0.0,0.5,0.0,0.0,0.3,18.3,2.5
2.0,"2019-08-27 08:07:01.000000","2019-08-27 08:22:20.000000",1.0,4.05,1.0,N,262.0,234.0,2.0,15.0,0.0,0.5,0.0,0.0,0.3,18.3,2.5
2.0,"2019-08-27 08:35:31.000000","2019-08-27 08:51:11.000000",1.0,3.98,1.0,N,262.0,234.0,1.0,15.0,0.0,0.5,3.66,0.0,0.3,21.96,2.5
2.0,"2019-08-27 08:01:17.000000","2019-08-27 08:13:09.000000",1.0,3.77,1.0,N,262.0,234.0,2.0,13.5,0.0,0.5,0.0,0.0,0.3,16.8,2.5
1.0,"2019-08-27 08:11:25.000000","2019-08-27 08:27:56.000000",1.0,4.0,1.0,N,262.0,234.0,1.0,16.0,2.5,0.5,1.93,0.0,0.3,21.23,2.5
1.0,"2019-08-27 09:57:36.000000","2019-08-27 10:15:25.000000",1.0,3.8,1.0,N,262.0,234.0,1.0,16.0,2.5,0.5,1.93,0.0,0.3,21.23,2.5
1.0,"2019-08-27 09:41:38.000000","2019-08-27 10:02:45.000000",1.0,4.3,1.0,N,262.0,234.0,1.0,18.0,2.5,0.5,1.0,0.0,0.3,22.3,2.5
1.0,"2019-08-27 10:16:03.000000","2019-08-27 10:34:39.000000",1.0,3.8,1.0,N,262.0,234.0,2.0,16.5,2.5,0.5,0.0,0.0,0.3,19.8,2.5
2.0,"2019-08-27 10:39:01.000000","2019-08-27 10:56:34.000000",5.0,4.21,1.0,N,262.0,234.0,1.0,16.5,0.0,0.5,3.96,0.0,0.3,23.76,2.5
2.0,"2019-08-27 10:33:18.000000","2019-08-27 10:51:35.000000",5.0,4.27,1.0,N,262.0,234.0,1.0,17.0,0.0,0.5,3.04,0.0,0.3,23.34,2.5
2.0,"2019-08-27 10:24:25.000000","2019-08-27 10:46:43.000000",2.0,5.43,1.0,N,262.0,234.0,1.0,20.5,0.0,0.5,4.76,0.0,0.3,28.56,2.5
2.0,"2019-08-27 12:16:07.000000","2019-08-27 12:39:58.000000",5.0,4.37,1.0,N,262.0,234.0,1.0,19.5,0.0,0.5,3.0,0.0,0.3,25.8,2.5
2.0,"2019-08-27 12:16:05.000000","2019-08-27 12:31:01.000000",1.0,3.96,1.0,N,262.0,234.0,1.0,15.5,0.0,0.5,3.76,0.0,0.3,22.56,2.5
2.0,"2019-08-27 13:02:39.000000","2019-08-27 13:18:54.000000",1.0,4.53,1.0,N,262.0,234.0,1.0,16.0,0.0,0.5,3.86,0.0,0.3,23.16,2.5
1.0,"2019-08-27 13:53:24.000000","2019-08-27 14:12:31.000000",1.0,4.4,1.0,Y,262.0,234.0,1.0,17.0,2.5,0.5,6.05,0.0,0.3,26.35,2.5
2.0,"2019-08-27 15:42:34.000000","2019-08-27 15:59:02.000000",2.0,3.92,1.0,N,262.0,234.0,1.0,15.0,0.0,0.5,3.66,0.0,0.3,21.96,2.5
1.0,"2019-08-27 16:24:26.000000","2019-08-27 16:43:20.000000",1.0,3.7,1.0,N,262.0,234.0,1.0,15.0,3.5,0.5,3.85,0.0,0.3,23.15,2.5
2.0,"2019-08-27 16:50:49.000000","2019-08-27 17:11:57.000000",1.0,4.73,1.0,N,262.0,234.0,2.0,18.5,1.0,0.5,0.0,0.0,0.3,22.8,2.5
1.0,"2019-08-28 05:14:32.000000","2019-08-28 05:27:50.000000",1.0,3.9,1.0,N,262.0,234.0,2.0,14.0,3.0,0.5,0.0,0.0,0.3,17.8,2.5
1.0,"2019-08-28 06:39:49.000000","2019-08-28 06:50:43.000000",1.0,4.1,1.0,N,262.0,234.0,1.0,13.5,2.5,0.5,3.36,0.0,0.3,20.16,2.5
2.0,"2019-08-28 07:01:16.000000","2019-08-28 07:15:20.000000",1.0,4.6,1.0,N,262.0,234.0,1.0,16.5,0.0,0.5,3.0,0.0,0.3,22.8,2.5
1.0,"2019-08-28 07:04:11.000000","2019-08-28 07:15:30.000000",1.0,4.6,1.0,N,262.0,234.0,1.0,15.0,2.5,0.5,1.5,0.0,0.3,19.8,2.5
2.0,"2019-08-28 07:13:56.000000","2019-08-28 07:25:08.000000",1.0,4.02,1.0,N,262.0,234.0,1.0,13.5,0.0,0.5,3.36,0.0,0.3,20.16,2.5
2.0,"2019-08-28 05:10:05.000000","2019-08-28 05:27:34.000000",6.0,3.83,1.0,N,262.0,234.0,1.0,15.5,0.0,0.5,1.88,0.0,0.3,20.68,2.5
1.0,"2019-08-28 08:25:00.000000","2019-08-28 08:44:16.000000",1.0,4.4,1.0,N,262.0,234.0,1.0,17.0,2.5,0.5,4.05,0.0,0.3,24.35,2.5
2.0,"2019-08-28 08:50:59.000000","2019-08-28 09:06:53.000000",1.0,4.5,1.0,N,262.0,234.0,1.0,17.0,0.0,0.5,4.06,0.0,0.3,24.36,2.5
2.0,"2019-08-28 08:22:33.000000","2019-08-28 08:39:41.000000",6.0,3.92,1.0,N,262.0,234.0,1.0,15.5,0.0,0.5,3.76,0.0,0.3,22.56,2.5
2.0,"2019-08-28 09:33:42.000000","2019-08-28 09:51:00.000000",3.0,4.14,1.0,N,262.0,234.0,1.0,16.0,0.0,0.5,1.0,0.0,0.3,20.3,2.5
1.0,"2019-08-28 10:22:51.000000","2019-08-28 10:41:36.000000",1.0,4.0,1.0,N,262.0,234.0,1.0,16.5,2.5,0.5,2.2,0.0,0.3,22.0,2.5
2.0,"2019-08-28 10:30:38.000000","2019-08-28 10:49:21.000000",1.0,3.83,1.0,N,262.0,234.0,2.0,16.5,0.0,0.5,0.0,0.0,0.3,19.8,2.5
2.0,"2019-08-28 12:30:40.000000","2019-08-28 12:54:01.000000",5.0,5.1,1.0,N,262.0,234.0,2.0,20.0,0.0,0.5,0.0,0.0,0.3,23.3,2.5
2.0,"2019-08-28 12:16:05.000000","2019-08-28 12:42:30.000000",1.0,4.66,1.0,N,262.0,234.0,2.0,21.0,0.0,0.5,0.0,0.0,0.3,24.3,2.5
1.0,"2019-08-28 13:20:25.000000","2019-08-28 13:42:39.000000",1.0,3.9,1.0,N,262.0,234.0,1.0,18.0,2.5,0.5,4.25,0.0,0.3,25.55,2.5
2.0,"2019-08-28 14:27:06.000000","2019-08-28 14:44:52.000000",1.0,3.96,1.0,N,262.0,234.0,1.0,16.5,0.0,0.5,3.96,0.0,0.3,23.76,2.5
2.0,"2019-08-28 14:27:50.000000","2019-08-28 14:41:36.000000",1.0,4.31,1.0,N,262.0,234.0,1.0,15.5,0.0,0.5,3.76,0.0,0.3,22.56,2.5
1.0,"2019-08-28 15:29:10.000000","2019-08-28 15:50:05.000000",1.0,4.3,1.0,N,262.0,234.0,1.0,17.5,2.5,0.5,1.0,0.0,0.3,21.8,2.5
1.0,"2019-08-28 15:10:51.000000","2019-08-28 15:24:13.000000",1.0,3.9,1.0,N,262.0,234.0,1.0,14.0,2.5,0.5,1.73,0.0,0.3,19.03,2.5
2.0,"2019-08-28 16:59:07.000000","2019-08-28 17:15:10.000000",1.0,3.98,1.0,N,262.0,234.0,2.0,15.5,1.0,0.5,0.0,0.0,0.3,19.8,2.5
2.0,"2019-08-28 16:18:19.000000","2019-08-28 16:36:18.000000",1.0,4.16,1.0,N,262.0,234.0,2.0,16.0,1.0,0.5,0.0,0.0,0.3,20.3,2.5
1.0,"2019-08-28 18:16:17.000000","2019-08-28 18:34:05.000000",2.0,3.9,1.0,N,262.0,234.0,1.0,16.0,3.5,0.5,4.06,0.0,0.3,24.36,2.5
2.0,"2019-08-28 20:40:34.000000","2019-08-28 20:56:18.000000",2.0,4.21,1.0,N,262.0,234.0,1.0,15.5,0.5,0.5,3.86,0.0,0.3,23.16,2.5
2.0,"2019-08-28 23:37:22.000000","2019-08-28 23:55:10.000000",1.0,4.09,1.0,N,262.0,234.0,1.0,15.5,0.5,0.5,3.86,0.0,0.3,23.16,2.5
1.0,"2019-08-29 00:09:49.000000","2019-08-29 00:22:07.000000",1.0,4.2,1.0,N,262.0,234.0,1.0,15.0,3.0,0.5,3.0,0.0,0.3,21.8,2.5
1.0,"2019-08-29 01:19:29.000000","2019-08-29 01:33:05.000000",1.0,4.5,1.0,N,262.0,234.0,1.0,16.0,3.0,0.5,3.95,0.0,0.3,23.75,2.5
2.0,"2019-08-29 06:40:44.000000","2019-08-29 06:53:40.000000",5.0,4.55,1.0,N,262.0,234.0,1.0,15.5,0.0,0.5,3.76,0.0,0.3,22.56,2.5
1.0,"2019-08-29 07:11:38.000000","2019-08-29 07:24:05.000000",1.0,3.9,1.0,N,262.0,234.0,2.0,14.0,2.5,0.5,0.0,0.0,0.3,17.3,2.5
1.0,"2019-08-29 08:27:44.000000","2019-08-29 08:46:04.000000",1.0,4.1,1.0,N,262.0,234.0,1.0,16.5,2.5,0.5,1.0,0.0,0.3,20.8,2.5
1.0,"2019-08-29 08:16:51.000000","2019-08-29 08:34:41.000000",1.0,4.2,1.0,N,262.0,234.0,1.0,17.0,2.5,0.5,4.05,0.0,0.3,24.35,2.5
2.0,"2019-08-29 08:02:11.000000","2019-08-29 08:23:02.000000",1.0,4.38,1.0,N,262.0,234.0,1.0,18.5,0.0,0.5,5.0,0.0,0.3,26.8,2.5
2.0,"2019-08-29 08:16:19.000000","2019-08-29 08:30:17.000000",1.0,4.55,1.0,N,262.0,234.0,2.0,16.5,0.0,0.5,0.0,0.0,0.3,19.8,2.5
1.0,"2019-08-29 08:06:53.000000","2019-08-29 08:22:26.000000",1.0,3.7,1.0,N,262.0,234.0,1.0,15.0,2.5,0.5,3.65,0.0,0.3,21.95,2.5
2.0,"2019-08-29 09:00:40.000000","2019-08-29 09:17:48.000000",1.0,4.05,1.0,N,262.0,234.0,2.0,16.5,0.0,0.5,0.0,0.0,0.3,19.8,2.5
1.0,"2019-08-29 09:21:13.000000","2019-08-29 09:33:56.000000",1.0,3.8,1.0,N,262.0,234.0,2.0,14.0,2.5,0.5,0.0,0.0,0.3,17.3,2.5
1.0,"2019-08-29 09:38:37.000000","2019-08-29 09:55:12.000000",1.0,4.1,1.0,N,262.0,234.0,1.0,15.5,2.5,0.5,2.82,0.0,0.3,21.62,2.5
2.0,"2019-08-29 09:58:18.000000","2019-08-29 10:16:20.000000",2.0,3.99,1.0,N,262.0,234.0,1.0,15.5,0.0,0.5,2.0,0.0,0.3,20.8,2.5
1.0,"2019-08-29 11:47:17.000000","2019-08-29 12:15:27.000000",1.0,4.1,1.0,N,262.0,234.0,2.0,19.5,2.5,0.5,0.0,0.0,0.3,22.8,2.5
2.0,"2019-08-29 11:15:04.000000","2019-08-29 11:28:39.000000",2.0,3.83,1.0,N,262.0,234.0,1.0,14.0,0.0,0.5,3.46,0.0,0.3,20.76,2.5
1.0,"2019-08-29 12:00:09.000000","2019-08-29 12:26:21.000000",1.0,3.8,1.0,N,262.0,234.0,1.0,18.5,2.5,0.5,4.35,0.0,0.3,26.15,2.5
2.0,"2019-08-29 13:33:56.000000","2019-08-29 13:50:38.000000",1.0,4.11,1.0,N,262.0,234.0,1.0,16.0,0.0,0.5,3.86,0.0,0.3,23.16,2.5
2.0,"2019-08-29 13:07:58.000000","2019-08-29 13:21:08.000000",1.0,4.03,1.0,N,262.0,234.0,2.0,14.5,0.0,0.5,0.0,0.0,0.3,17.8,2.5
1.0,"2019-08-29 14:23:43.000000","2019-08-29 14:43:57.000000",1.0,4.6,1.0,N,262.0,234.0,2.0,18.0,2.5,0.5,0.0,0.0,0.3,21.3,2.5
2.0,"2019-08-29 14:29:56.000000","2019-08-29 14:46:56.000000",1.0,4.01,1.0,N,262.0,234.0,1.0,15.5,0.0,0.5,3.76,0.0,0.3,22.56,2.5
2.0,"2019-08-29 14:21:58.000000","2019-08-29 14:38:02.000000",1.0,3.82,1.0,N,262.0,234.0,1.0,15.0,0.0,0.5,2.7,0.0,0.3,21.0,2.5
1.0,"2019-08-29 16:45:34.000000","2019-08-29 17:03:37.000000",3.0,3.7,1.0,N,262.0,234.0,1.0,15.5,3.5,0.5,2.0,0.0,0.3,21.8,2.5
2.0,"2019-08-29 16:40:32.000000","2019-08-29 17:01:25.000000",1.0,4.38,1.0,N,262.0,234.0,1.0,17.0,1.0,0.5,4.26,0.0,0.3,25.56,2.5
2.0,"2019-08-30 05:44:16.000000","2019-08-30 05:57:00.000000",1.0,3.87,1.0,N,262.0,234.0,1.0,14.0,0.5,0.5,1.0,0.0,0.3,18.8,2.5
2.0,"2019-08-30 06:59:32.000000","2019-08-30 07:11:53.000000",1.0,3.92,1.0,N,262.0,234.0,2.0,14.0,0.0,0.5,0.0,0.0,0.3,17.3,2.5
1.0,"2019-08-30 06:42:38.000000","2019-08-30 06:57:24.000000",1.0,4.3,1.0,N,262.0,234.0,1.0,16.0,2.5,0.5,1.5,0.0,0.3,20.8,2.5
1.0,"2019-08-30 06:33:07.000000","2019-08-30 06:46:49.000000",0.0,4.0,1.0,N,262.0,234.0,1.0,14.5,2.5,0.5,1.0,0.0,0.3,18.8,2.5
2.0,"2019-08-30 06:13:53.000000","2019-08-30 06:24:55.000000",2.0,4.04,1.0,N,262.0,234.0,1.0,14.0,0.0,0.5,5.19,0.0,0.3,22.49,2.5
2.0,"2019-08-30 07:09:18.000000","2019-08-30 07:21:30.000000",1.0,4.44,1.0,N,262.0,234.0,1.0,15.0,0.0,0.5,3.66,0.0,0.3,21.96,2.5
2.0,"2019-08-30 08:37:00.000000","2019-08-30 08:57:17.000000",1.0,4.53,1.0,N,262.0,234.0,1.0,17.5,0.0,0.5,4.16,0.0,0.3,24.96,2.5
2.0,"2019-08-30 08:54:19.000000","2019-08-30 09:08:51.000000",1.0,4.35,1.0,N,262.0,234.0,2.0,14.5,0.0,0.5,0.0,0.0,0.3,17.8,2.5
2.0,"2019-08-30 08:03:58.000000","2019-08-30 08:18:29.000000",1.0,3.81,1.0,N,262.0,234.0,1.0,15.0,0.0,0.5,1.83,0.0,0.3,20.13,2.5
2.0,"2019-08-30 09:30:25.000000","2019-08-30 09:48:21.000000",1.0,3.92,1.0,N,262.0,234.0,2.0,16.0,0.0,0.5,0.0,0.0,0.3,19.3,2.5
1.0,"2019-08-30 09:20:39.000000","2019-08-30 09:40:32.000000",1.0,4.2,1.0,N,262.0,234.0,1.0,17.5,2.5,0.5,1.0,0.0,0.3,21.8,2.5
2.0,"2019-08-30 09:36:33.000000","2019-08-30 09:56:09.000000",2.0,4.8,1.0,N,262.0,234.0,1.0,18.0,0.0,0.5,2.13,0.0,0.3,23.43,2.5
1.0,"2019-08-30 10:32:18.000000","2019-08-30 10:51:21.000000",1.0,3.7,1.0,N,262.0,234.0,2.0,16.5,2.5,0.5,0.0,0.0,0.3,19.8,2.5
2.0,"2019-08-30 10:07:02.000000","2019-08-30 10:21:24.000000",6.0,4.6,1.0,N,262.0,234.0,2.0,16.0,0.0,0.5,0.0,0.0,0.3,19.3,2.5
2.0,"2019-08-30 11:34:36.000000","2019-08-30 11:57:56.000000",1.0,3.75,1.0,N,262.0,234.0,1.0,17.5,0.0,0.5,4.16,0.0,0.3,24.96,2.5
2.0,"2019-08-30 12:12:30.000000","2019-08-30 12:25:14.000000",6.0,3.7,1.0,N,262.0,234.0,2.0,14.0,0.0,0.5,0.0,0.0,0.3,17.3,2.5
2.0,"2019-08-30 14:36:40.000000","2019-08-30 14:58:35.000000",1.0,5.0,1.0,N,262.0,234.0,2.0,18.5,0.0,0.5,0.0,0.0,0.3,21.8,2.5
2.0,"2019-08-30 14:44:07.000000","2019-08-30 15:05:05.000000",6.0,4.62,1.0,N,262.0,234.0,2.0,18.0,0.0,0.5,0.0,0.0,0.3,21.3,2.5
2.0,"2019-08-30 16:46:38.000000","2019-08-30 17:07:15.000000",6.0,3.92,1.0,N,262.0,234.0,2.0,16.5,1.0,0.5,0.0,0.0,0.3,20.8,2.5
1.0,"2019-08-30 16:29:57.000000","2019-08-30 16:48:06.000000",1.0,4.3,1.0,N,262.0,234.0,1.0,16.5,3.5,0.5,2.0,0.0,0.3,22.8,2.5
2.0,"2019-08-30 17:32:55.000000","2019-08-30 17:50:13.000000",1.0,4.0,1.0,N,262.0,234.0,2.0,16.0,1.0,0.5,0.0,0.0,0.3,20.3,2.5
2.0,"2019-08-30 18:11:07.000000","2019-08-30 18:30:06.000000",1.0,4.44,1.0,N,262.0,234.0,2.0,17.5,1.0,0.5,0.0,0.0,0.3,21.8,2.5
2.0,"2019-08-30 19:32:42.000000","2019-08-30 19:48:27.000000",2.0,4.25,1.0,N,262.0,234.0,2.0,16.0,1.0,0.5,0.0,0.0,0.3,20.3,2.5
2.0,"2019-08-30 22:15:55.000000","2019-08-30 22:39:34.000000",1.0,3.97,1.0,N,262.0,234.0,1.0,18.0,0.5,0.5,4.36,0.0,0.3,26.16,2.5
1.0,"2019-08-30 22:03:35.000000","2019-08-30 22:19:59.000000",1.0,4.0,1.0,N,262.0,234.0,3.0,16.0,3.0,0.5,0.0,0.0,0.3,19.8,2.5
2.0,"2019-08-30 22:02:48.000000","2019-08-30 22:26:50.000000",2.0,4.29,1.0,N,262.0,234.0,2.0,18.5,0.5,0.5,0.0,0.0,0.3,22.3,2.5
1.0,"2019-08-31 06:42:43.000000","2019-08-31 06:56:54.000000",1.0,3.9,1.0,N,262.0,234.0,1.0,15.0,2.5,0.5,2.75,0.0,0.3,21.05,2.5
2.0,"2019-08-31 06:02:32.000000","2019-08-31 06:12:54.000000",2.0,3.71,1.0,N,262.0,234.0,2.0,12.5,0.0,0.5,0.0,0.0,0.3,15.8,2.5
1.0,"2019-08-31 07:12:43.000000","2019-08-31 07:23:33.000000",1.0,3.7,1.0,N,262.0,234.0,1.0,13.0,2.5,0.5,3.26,0.0,0.3,19.56,2.5
2.0,"2019-08-31 08:53:07.000000","2019-08-31 09:05:45.000000",3.0,4.11,1.0,N,262.0,234.0,1.0,14.5,0.0,0.5,3.56,0.0,0.3,23.31,2.5
2.0,"2019-08-31 09:39:21.000000","2019-08-31 09:49:27.000000",1.0,3.78,1.0,N,262.0,234.0,1.0,13.5,0.0,0.5,3.36,0.0,0.3,20.16,2.5
2.0,"2019-08-31 09:39:43.000000","2019-08-31 09:53:14.000000",6.0,4.15,1.0,N,262.0,234.0,1.0,15.0,0.0,0.5,2.7,0.0,0.3,21.0,2.5
1.0,"2019-08-31 09:01:27.000000","2019-08-31 09:13:59.000000",1.0,4.1,1.0,N,262.0,234.0,1.0,14.5,2.5,0.5,2.2,0.0,0.3,20.0,2.5
2.0,"2019-08-31 11:11:35.000000","2019-08-31 11:27:52.000000",1.0,3.93,1.0,N,262.0,234.0,1.0,15.5,0.0,0.5,3.76,0.0,0.3,22.56,2.5
1.0,"2019-08-31 12:26:53.000000","2019-08-31 12:43:19.000000",1.0,4.9,1.0,N,262.0,234.0,1.0,17.5,2.5,0.5,2.5,0.0,0.3,23.3,2.5
2.0,"2019-08-31 12:01:58.000000","2019-08-31 12:16:34.000000",6.0,4.19,1.0,N,262.0,234.0,2.0,15.5,0.0,0.5,0.0,0.0,0.3,18.8,2.5
2.0,"2019-08-31 13:16:26.000000","2019-08-31 13:34:49.000000",2.0,4.5,1.0,N,262.0,234.0,1.0,17.5,0.0,0.5,4.16,0.0,0.3,24.96,2.5
2.0,"2019-08-31 14:26:08.000000","2019-08-31 14:40:21.000000",1.0,3.57,1.0,N,262.0,234.0,2.0,14.0,0.0,0.5,0.0,0.0,0.3,17.3,2.5
1.0,"2019-08-31 14:30:11.000000","2019-08-31 14:44:11.000000",1.0,3.9,1.0,N,262.0,234.0,1.0,15.0,2.5,0.5,4.55,0.0,0.3,22.85,2.5
2.0,"2019-08-31 16:41:06.000000","2019-08-31 16:55:41.000000",2.0,4.25,1.0,N,262.0,234.0,1.0,15.5,0.0,0.5,1.88,0.0,0.3,20.68,2.5
2.0,"2019-08-31 18:05:45.000000","2019-08-31 18:29:18.000000",1.0,4.05,1.0,N,262.0,234.0,2.0,17.0,0.0,0.5,0.0,0.0,0.3,20.3,2.5
1.0,"2019-08-31 18:54:53.000000","2019-08-31 19:10:46.000000",1.0,3.7,1.0,N,262.0,234.0,1.0,15.0,2.5,0.5,3.65,0.0,0.3,21.95,2.5
,"2019-08-13 16:52:20.000000","2019-08-13 17:16:33.000000",,5.16,,,262.0,234.0,,29.45,2.75,0.0,0.0,0.0,0.3,32.5,0.0
