2.0,"2019-08-01 04:55:49.000000","2019-08-01 05:05:32.000000",1.0,3.69,1.0,N,263.0,234.0,1.0,12.0,0.5,0.5,1.0,0.0,0.3,16.8,2.5
1.0,"2019-08-01 06:19:53.000000","2019-08-01 06:34:31.000000",1.0,4.2,1.0,N,263.0,234.0,2.0,15.0,2.5,0.5,0.0,0.0,0.3,18.3,2.5
1.0,"2019-08-01 07:03:02.000000","2019-08-01 07:18:23.000000",1.0,3.1,1.0,N,263.0,234.0,1.0,13.0,2.5,0.5,3.25,0.0,0.3,19.55,2.5
1.0,"2019-08-01 07:32:34.000000","2019-08-01 07:53:07.000000",1.0,4.0,1.0,N,263.0,234.0,1.0,16.5,2.5,0.5,3.0,0.0,0.3,22.8,2.5
1.0,"2019-08-01 08:24:18.000000","2019-08-01 09:16:35.000000",2.0,4.9,1.0,N,263.0,234.0,1.0,31.0,2.5,0.5,5.83,0.0,0.3,40.13,2.5
1.0,"2019-08-01 08:59:04.000000","2019-08-01 09:24:46.000000",1.0,4.2,1.0,N,263.0,234.0,2.0,19.5,2.5,0.5,0.0,0.0,0.3,22.8,2.5
2.0,"2019-08-01 08:28:42.000000","2019-08-01 08:50:23.000000",1.0,4.18,1.0,N,263.0,234.0,1.0,17.0,0.0,0.5,2.0,0.0,0.3,22.3,2.5
1.0,"2019-08-01 08:36:14.000000","2019-08-01 09:05:30.000000",1.0,4.5,1.0,N,263.0,234.0,1.0,21.0,2.5,0.5,4.86,0.0,0.3,29.16,2.5
1.0,"2019-08-01 08:36:45.000000","2019-08-01 09:12:17.000000",1.0,3.3,1.0,N,263.0,234.0,1.0,22.5,2.5,0.5,2.0,0.0,0.3,27.8,2.5
2.0,"2019-08-01 08:53:25.000000","2019-08-01 09:32:17.000000",1.0,3.4,1.0,N,263.0,234.0,1.0,24.0,0.0,0.5,5.46,0.0,0.3,32.76,2.5
1.0,"2019-08-01 09:33:41.000000","2019-08-01 09:58:06.000000",1.0,4.5,1.0,N,263.0,234.0,1.0,18.5,2.5,0.5,4.35,0.0,0.3,26.15,2.5
1.0,"2019-08-01 11:57:30.000000","2019-08-01 12:30:37.000000",1.0,3.5,1.0,N,263.0,234.0,1.0,21.0,2.5,0.5,4.85,0.0,0.3,29.15,2.5
2.0,"2019-08-01 13:47:08.000000","2019-08-01 14:14:08.000000",1.0,3.02,1.0,N,263.0,234.0,1.0,17.5,0.0,0.5,4.16,0.0,0.3,24.96,2.5
2.0,"2019-08-01 13:31:01.000000","2019-08-01 13:57:39.000000",2.0,4.36,1.0,N,263.0,234.0,1.0,20.5,0.0,0.5,2.0,0.0,0.3,25.8,2.5
2.0,"2019-08-01 15:58:38.000000","2019-08-01 16:29:35.000000",1.0,3.29,1.0,N,263.0,234.0,1.0,20.0,0.0,0.5,4.66,0.0,0.3,27.96,2.5
1.0,"2019-08-01 15:44:43.000000","2019-08-01 16:11:32.000000",1.0,5.1,1.0,N,263.0,234.0,2.0,21.0,2.5,0.5,0.0,0.0,0.3,24.3,2.5
2.0,"2019-08-01 17:11:06.000000","2019-08-01 17:45:46.000000",2.0,3.83,1.0,N,263.0,234.0,1.0,22.5,1.0,0.5,5.36,0.0,0.3,32.16,2.5
2.0,"2019-08-01 18:52:46.000000","2019-08-01 19:20:36.000000",1.0,3.57,1.0,N,263.0,234.0,1.0,18.5,1.0,0.5,3.0,0.0,0.3,25.8,2.5
1.0,"2019-08-01 18:37:26.000000","2019-08-01 19:08:10.000000",1.0,4.6,1.0,N,263.0,234.0,1.0,22.5,3.5,0.5,3.5,0.0,0.3,30.3,2.5
2.0,"2019-08-01 19:52:26.000000","2019-08-01 20:20:57.000000",2.0,3.87,1.0,N,263.0,234.0,2.0,19.5,1.0,0.5,0.0,0.0,0.3,23.8,2.5
1.0,"2019-08-01 19:49:18.000000","2019-08-01 20:14:23.000000",1.0,3.5,1.0,N,263.0,234.0,1.0,17.0,3.5,0.5,4.25,0.0,0.3,25.55,2.5
2.0,"2019-08-01 19:22:27.000000","2019-08-01 19:53:41.000000",1.0,4.23,1.0,N,263.0,234.0,1.0,21.0,1.0,0.5,7.59,0.0,0.3,32.89,2.5
2.0,"2019-08-01 19:57:08.000000","2019-08-01 20:23:22.000000",1.0,3.81,1.0,N,263.0,234.0,1.0,18.5,0.5,0.5,4.46,0.0,0.3,26.76,2.5
2.0,"2019-08-01 21:30:46.000000","2019-08-01 21:49:46.000000",2.0,3.59,1.0,N,263.0,234.0,1.0,15.0,0.5,0.5,3.76,0.0,0.3,22.56,2.5
2.0,"2019-08-01 23:53:46.000000","2019-08-02 00:08:35.000000",1.0,3.7,1.0,N,263.0,234.0,1.0,14.0,0.5,0.5,3.56,0.0,0.3,21.36,2.5
2.0,"2019-08-01 23:18:59.000000","2019-08-01 23:40:48.000000",4.0,3.43,1.0,N,263.0,234.0,2.0,15.5,0.5,0.5,0.0,0.0,0.3,19.3,2.5
1.0,"2019-08-02 00:02:40.000000","2019-08-02 00:17:11.000000",1.0,3.2,1.0,N,263.0,234.0,1.0,12.5,3.0,0.5,1.63,0.0,0.3,17.93,2.5
2.0,"2019-08-02 01:07:43.000000","2019-08-02 01:20:11.000000",1.0,3.48,1.0,N,263.0,234.0,1.0,12.0,0.5,0.5,1.58,0.0,0.3,17.38,2.5
2.0,"2019-08-02 02:51:53.000000","2019-08-02 03:02:52.000000",3.0,3.69,1.0,N,263.0,234.0,1.0,12.5,0.5,0.5,3.0,0.0,0.3,19.3,2.5
1.0,"2019-08-02 06:46:13.000000","2019-08-02 07:03:26.000000",1.0,3.5,1.0,N,263.0,234.0,1.0,14.5,2.5,0.5,3.55,0.0,0.3,21.35,2.5
2.0,"2019-08-02 06:23:14.000000","2019-08-02 06:40:23.000000",5.0,4.24,1.0,N,263.0,234.0,2.0,16.0,0.0,0.5,0.0,0.0,0.3,19.3,2.5
1.0,"2019-08-02 07:03:32.000000","2019-08-02 07:19:37.000000",2.0,3.5,1.0,N,263.0,234.0,1.0,14.0,2.5,0.5,2.6,0.0,0.3,19.9,2.5
2.0,"2019-08-02 07:31:45.000000","2019-08-02 07:57:27.000000",1.0,4.22,1.0,N,263.0,234.0,1.0,18.5,0.0,0.5,2.0,0.0,0.3,23.8,2.5
1.0,"2019-08-02 09:47:29.000000","2019-08-02 10:07:11.000000",1.0,4.9,1.0,N,263.0,234.0,1.0,18.5,2.5,0.5,5.45,0.0,0.3,27.25,2.5
2.0,"2019-08-02 09:52:46.000000","2019-08-02 10:23:30.000000",1.0,4.02,1.0,N,263.0,234.0,1.0,21.0,0.0,0.5,4.86,0.0,0.3,29.16,2.5
2.0,"2019-08-02 09:23:58.000000","2019-08-02 09:41:36.000000",1.0,4.6,1.0,N,263.0,234.0,1.0,16.5,0.0,0.5,3.96,0.0,0.3,23.76,2.5
2.0,"2019-08-02 10:31:29.000000","2019-08-02 10:56:32.000000",1.0,4.85,1.0,N,263.0,234.0,2.0,21.5,0.0,0.5,0.0,0.0,0.3,24.8,2.5
2.0,"2019-08-02 11:57:35.000000","2019-08-02 12:13:43.000000",1.0,4.2,1.0,N,263.0,234.0,2.0,16.0,0.0,0.5,0.0,0.0,0.3,19.3,2.5
2.0,"2019-08-02 10:55:50.000000","2019-08-02 11:18:59.000000",1.0,4.78,1.0,N,263.0,234.0,1.0,20.5,0.0,0.5,1.75,0.0,0.3,25.55,2.5
1.0,"2019-08-02 13:21:34.000000","2019-08-02 13:46:11.000000",1.0,3.6,1.0,N,263.0,234.0,2.0,17.5,2.5,0.5,0.0,0.0,0.3,20.8,2.5
2.0,"2019-08-02 13:50:44.000000","2019-08-02 14:14:32.000000",1.0,3.37,1.0,N,263.0,234.0,1.0,17.5,0.0,0.5,4.16,0.0,0.3,24.96,2.5
1.0,"2019-08-02 15:59:55.000000","2019-08-02 16:26:51.000000",1.0,3.7,1.0,N,263.0,234.0,1.0,19.0,3.5,0.5,4.65,0.0,0.3,27.95,2.5
1.0,"2019-08-02 17:31:06.000000","2019-08-02 17:55:51.000000",1.0,4.6,1.0,N,263.0,234.0,1.0,19.0,3.5,0.5,5.8,0.0,0.3,29.1,2.5
2.0,"2019-08-02 18:07:55.000000","2019-08-02 18:30:14.000000",1.0,3.62,1.0,N,263.0,234.0,1.0,16.0,1.0,0.5,3.04,0.0,0.3,23.34,2.5
2.0,"2019-08-02 18:24:25.000000","2019-08-02 18:45:42.000000",1.0,5.06,1.0,N,263.0,234.0,1.0,18.5,1.0,0.5,4.56,0.0,0.3,27.36,2.5
2.0,"2019-08-02 18:17:45.000000","2019-08-02 18:39:03.000000",1.0,4.45,1.0,N,263.0,234.0,1.0,18.0,1.0,0.5,4.46,0.0,0.3,26.76,2.5
1.0,"2019-08-02 19:50:29.000000","2019-08-02 20:08:42.000000",0.0,3.4,1.0,N,263.0,234.0,1.0,14.5,3.0,0.5,3.0,0.0,0.3,21.3,2.5
2.0,"2019-08-02 19:05:55.000000","2019-08-02 19:34:06.000000",2.0,3.79,1.0,N,263.0,234.0,1.0,19.0,1.0,0.5,4.66,0.0,0.3,27.96,2.5
2.0,"2019-08-02 19:14:39.000000","2019-08-02 19:32:11.000000",1.0,3.5,1.0,N,263.0,234.0,1.0,14.5,1.0,0.5,3.76,0.0,0.3,22.56,2.5
1.0,"2019-08-02 21:45:53.000000","2019-08-02 22:09:02.000000",1.0,4.0,1.0,N,263.0,234.0,1.0,17.5,3.0,0.5,4.25,0.0,0.3,25.55,2.5
2.0,"2019-08-02 21:20:16.000000","2019-08-02 21:45:44.000000",1.0,3.98,1.0,N,263.0,234.0,1.0,18.0,0.5,0.5,4.36,0.0,0.3,26.16,2.5
1.0,"2019-08-02 22:13:20.000000","2019-08-02 22:31:12.000000",1.0,3.4,1.0,N,263.0,234.0,1.0,14.0,3.0,0.5,3.55,0.0,0.3,21.35,2.5
2.0,"2019-08-03 00:53:51.000000","2019-08-03 01:10:23.000000",5.0,3.94,1.0,N,263.0,234.0,1.0,14.5,0.5,0.5,4.58,0.0,0.3,22.88,2.5
2.0,"2019-08-03 01:36:20.000000","2019-08-03 01:50:07.000000",1.0,3.34,1.0,N,263.0,234.0,1.0,12.0,0.5,0.5,3.16,0.0,0.3,18.96,2.5
1.0,"2019-08-03 02:23:23.000000","2019-08-03 02:34:00.000000",1.0,3.7,1.0,N,263.0,234.0,1.0,12.0,3.0,0.5,3.15,0.0,0.3,18.95,2.5
2.0,"2019-08-03 11:19:00.000000","2019-08-03 11:41:57.000000",1.0,3.36,1.0,N,263.0,234.0,1.0,16.5,0.0,0.5,3.0,0.0,0.3,22.8,2.5
2.0,"2019-08-03 12:25:59.000000","2019-08-03 12:47:31.000000",1.0,3.58,1.0,N,263.0,234.0,1.0,16.0,0.0,0.5,3.86,0.0,0.3,23.16,2.5
1.0,"2019-08-03 13:57:31.000000","2019-08-03 14:13:11.000000",0.0,3.7,1.0,N,263.0,234.0,1.0,14.5,2.5,0.5,3.55,0.0,0.3,21.35,2.5
1.0,"2019-08-03 13:37:56.000000","2019-08-03 13:58:59.000000",3.0,3.3,1.0,N,263.0,234.0,1.0,15.0,2.5,0.5,3.29,0.0,0.3,21.59,2.5
2.0,"2019-08-03 13:26:24.000000","2019-08-03 13:43:07.000000",1.0,4.32,1.0,N,263.0,234.0,1.0,16.5,0.0,0.5,2.0,0.0,0.3,21.8,2.5
2.0,"2019-08-03 14:27:19.000000","2019-08-03 14:45:04.000000",3.0,3.92,1.0,N,263.0,234.0,1.0,15.0,0.0,0.5,3.0,0.0,0.3,21.3,2.5
1.0,"2019-08-03 15:31:39.000000","2019-08-03 15:50:28.000000",1.0,4.7,1.0,N,263.0,234.0,1.0,17.0,2.5,0.5,4.05,0.0,0.3,24.35,2.5
2.0,"2019-08-03 17:02:29.000000","2019-08-03 17:21:25.000000",2.0,3.12,1.0,N,263.0,234.0,1.0,15.0,0.0,0.5,3.5,0.0,0.3,21.8,2.5
2.0,"2019-08-03 17:26:53.000000","2019-08-03 17:44:17.000000",1.0,3.1,1.0,N,263.0,234.0,1.0,14.0,0.0,0.5,2.6,0.0,0.3,19.9,2.5
2.0,"2019-08-03 17:38:48.000000","2019-08-03 17:55:52.000000",1.0,3.99,1.0,N,263.0,234.0,1.0,14.5,0.0,0.5,3.56,0.0,0.3,21.36,2.5
2.0,"2019-08-03 18:54:49.000000","2019-08-03 19:13:17.000000",1.0,3.89,1.0,N,263.0,234.0,1.0,15.0,0.0,0.5,2.74,0.0,0.3,21.04,2.5
1.0,"2019-08-03 19:11:41.000000","2019-08-03 19:29:30.000000",2.0,3.5,1.0,N,263.0,234.0,2.0,15.0,2.5,0.5,0.0,0.0,0.3,18.3,2.5
2.0,"2019-08-03 19:16:30.000000","2019-08-03 19:31:19.000000",1.0,4.08,1.0,N,263.0,234.0,1.0,15.5,0.0,0.5,3.76,0.0,0.3,22.56,2.5
1.0,"2019-08-03 21:02:35.000000","2019-08-03 21:26:00.000000",1.0,4.5,1.0,N,263.0,234.0,1.0,17.5,3.0,0.5,2.0,0.0,0.3,23.3,2.5
2.0,"2019-08-03 21:31:17.000000","2019-08-03 21:47:27.000000",2.0,3.45,1.0,N,263.0,234.0,1.0,13.5,0.5,0.5,3.0,0.0,0.3,20.3,2.5
2.0,"2019-08-03 23:23:38.000000","2019-08-03 23:39:16.000000",1.0,3.62,1.0,N,263.0,234.0,1.0,14.0,0.5,0.5,3.56,0.0,0.3,21.36,2.5
2.0,"2019-08-03 23:24:40.000000","2019-08-03 23:43:14.000000",2.0,4.06,1.0,N,263.0,234.0,2.0,15.0,0.5,0.5,0.0,0.0,0.3,18.8,2.5
2.0,"2019-08-03 23:35:59.000000","2019-08-03 23:53:17.000000",1.0,3.71,1.0,N,263.0,234.0,1.0,14.5,0.5,0.5,2.5,0.0,0.3,20.8,2.5
1.0,"2019-08-04 01:55:29.000000","2019-08-04 02:05:41.000000",1.0,3.7,1.0,N,263.0,234.0,2.0,12.0,3.0,0.5,0.0,0.0,0.3,15.8,2.5
1.0,"2019-08-04 09:46:10.000000","2019-08-04 10:01:19.000000",1.0,4.3,1.0,N,263.0,234.0,1.0,15.5,2.5,0.5,3.75,0.0,0.3,22.55,2.5
1.0,"2019-08-04 10:18:48.000000","2019-08-04 10:34:46.000000",1.0,4.3,1.0,N,263.0,234.0,1.0,14.5,2.5,0.5,5.3,0.0,0.3,23.1,2.5
1.0,"2019-08-04 10:47:40.000000","2019-08-04 11:04:34.000000",4.0,4.9,1.0,N,263.0,234.0,2.0,18.0,2.5,0.5,0.0,0.0,0.3,21.3,2.5
2.0,"2019-08-04 11:55:06.000000","2019-08-04 12:11:02.000000",6.0,3.25,1.0,N,263.0,234.0,1.0,13.5,0.0,0.5,3.36,0.0,0.3,20.16,2.5
1.0,"2019-08-04 11:16:35.000000","2019-08-04 11:39:44.000000",1.0,4.1,1.0,N,263.0,234.0,1.0,17.5,2.5,0.5,0.0,0.0,0.3,20.8,2.5
2.0,"2019-08-04 11:56:34.000000","2019-08-04 12:15:17.000000",1.0,4.41,1.0,N,263.0,234.0,1.0,17.0,0.0,0.5,4.06,0.0,0.3,24.36,2.5
1.0,"2019-08-04 12:29:08.000000","2019-08-04 12:56:58.000000",4.0,3.7,1.0,N,263.0,234.0,2.0,19.5,2.5,0.5,0.0,0.0,0.3,22.8,2.5
2.0,"2019-08-04 12:14:56.000000","2019-08-04 12:44:05.000000",1.0,4.29,1.0,N,263.0,234.0,1.0,20.5,0.0,0.5,5.95,0.0,0.3,29.75,2.5
1.0,"2019-08-04 13:33:27.000000","2019-08-04 13:58:24.000000",2.0,4.0,1.0,N,263.0,234.0,1.0,18.0,2.5,0.5,4.0,0.0,0.3,25.3,2.5
2.0,"2019-08-04 14:25:46.000000","2019-08-04 14:45:42.000000",1.0,3.37,1.0,N,263.0,234.0,2.0,15.0,0.0,0.5,0.0,0.0,0.3,18.3,2.5
1.0,"2019-08-04 16:19:34.000000","2019-08-04 16:35:01.000000",1.0,4.1,1.0,N,263.0,234.0,1.0,15.0,2.5,0.5,3.65,0.0,0.3,21.95,2.5
1.0,"2019-08-04 19:48:40.000000","2019-08-04 20:06:06.000000",1.0,3.4,1.0,N,263.0,234.0,1.0,14.0,2.5,0.5,1.73,0.0,0.3,19.03,2.5
2.0,"2019-08-04 19:09:09.000000","2019-08-04 19:25:32.000000",1.0,4.68,1.0,N,263.0,234.0,1.0,17.0,0.0,0.5,3.0,0.0,0.3,23.3,2.5
1.0,"2019-08-04 19:35:08.000000","2019-08-04 19:52:39.000000",4.0,3.8,1.0,N,263.0,234.0,2.0,14.0,2.5,0.5,0.0,0.0,0.3,17.3,2.5
2.0,"2019-08-04 19:03:48.000000","2019-08-04 19:17:03.000000",1.0,4.29,1.0,N,263.0,234.0,1.0,15.0,0.0,0.5,3.66,0.0,0.3,21.96,2.5
2.0,"2019-08-04 19:58:07.000000","2019-08-04 20:14:04.000000",1.0,3.93,1.0,N,263.0,234.0,1.0,14.5,0.0,0.5,1.3,0.0,0.3,19.1,2.5
1.0,"2019-08-04 20:26:21.000000","2019-08-04 20:46:52.000000",1.0,4.4,1.0,N,263.0,234.0,2.0,17.0,3.0,0.5,0.0,0.0,0.3,20.8,2.5
1.0,"2019-08-04 21:04:25.000000","2019-08-04 21:27:11.000000",2.0,6.0,1.0,N,263.0,234.0,1.0,21.5,3.0,0.5,3.0,0.0,0.3,28.3,2.5
2.0,"2019-08-04 22:50:11.000000","2019-08-04 23:04:30.000000",2.0,3.43,1.0,N,263.0,234.0,1.0,13.0,0.5,0.5,3.36,0.0,0.3,20.16,2.5
2.0,"2019-08-05 05:20:56.000000","2019-08-05 05:31:28.000000",1.0,3.94,1.0,N,263.0,234.0,1.0,13.5,0.5,0.5,3.46,0.0,0.3,20.76,2.5
1.0,"2019-08-05 05:40:49.000000","2019-08-05 05:52:42.000000",1.0,3.9,1.0,N,263.0,234.0,1.0,13.5,3.0,0.5,1.0,0.0,0.3,18.3,2.5
1.0,"2019-08-05 05:20:53.000000","2019-08-05 05:33:33.000000",1.0,4.4,1.0,N,263.0,234.0,1.0,14.5,3.0,0.5,2.0,0.0,0.3,20.3,2.5
2.0,"2019-08-05 06:00:32.000000","2019-08-05 06:13:41.000000",1.0,3.84,1.0,N,263.0,234.0,1.0,13.5,0.5,0.5,3.0,0.0,0.3,20.3,2.5
2.0,"2019-08-05 06:13:16.000000","2019-08-05 06:25:21.000000",1.0,3.48,1.0,N,263.0,234.0,2.0,12.5,0.0,0.5,0.0,0.0,0.3,15.8,2.5
2.0,"2019-08-05 06:24:14.000000","2019-08-05 06:37:37.000000",2.0,3.0,1.0,N,263.0,234.0,1.0,12.5,0.0,0.5,2.37,0.0,0.3,18.17,2.5
2.0,"2019-08-05 07:30:05.000000","2019-08-05 07:45:35.000000",1.0,3.84,1.0,N,263.0,234.0,1.0,14.0,0.0,0.5,1.5,0.0,0.3,18.8,2.5
1.0,"2019-08-05 07:35:25.000000","2019-08-05 07:55:30.000000",1.0,4.2,1.0,N,263.0,234.0,1.0,16.5,2.5,0.5,1.0,0.0,0.3,20.8,2.5
1.0,"2019-08-05 08:58:41.000000","2019-08-05 09:28:20.000000",1.0,4.1,1.0,N,263.0,234.0,1.0,20.0,2.5,0.5,4.65,0.0,0.3,27.95,2.5
1.0,"2019-08-05 08:35:25.000000","2019-08-05 08:55:51.000000",1.0,3.4,1.0,N,263.0,234.0,1.0,15.5,2.5,0.5,2.0,0.0,0.3,20.8,2.5
2.0,"2019-08-05 09:18:25.000000","2019-08-05 09:42:35.000000",1.0,4.7,1.0,N,263.0,234.0,2.0,19.5,0.0,0.5,0.0,0.0,0.3,22.8,2.5
1.0,"2019-08-05 11:37:23.000000","2019-08-05 12:07:24.000000",1.0,4.3,1.0,N,263.0,234.0,2.0,20.5,2.5,0.5,0.0,0.0,0.3,23.8,2.5
2.0,"2019-08-05 11:33:02.000000","2019-08-05 11:57:53.000000",2.0,4.06,1.0,N,263.0,234.0,2.0,17.5,0.0,0.5,0.0,0.0,0.3,20.8,2.5
2.0,"2019-08-05 12:14:36.000000","2019-08-05 12:41:18.000000",6.0,3.43,1.0,N,263.0,234.0,1.0,18.5,0.0,0.5,3.0,0.0,0.3,24.8,2.5
1.0,"2019-08-05 14:42:04.000000","2019-08-05 15:09:13.000000",1.0,4.0,1.0,N,263.0,234.0,1.0,19.0,2.5,0.5,4.45,0.0,0.3,26.75,2.5
1.0,"2019-08-05 14:08:49.000000","2019-08-05 14:40:38.000000",1.0,3.4,1.0,N,263.0,234.0,1.0,20.5,2.5,0.5,4.75,0.0,0.3,28.55,2.5
2.0,"2019-08-05 15:40:15.000000","2019-08-05 16:10:51.000000",1.0,3.33,1.0,N,263.0,234.0,1.0,19.5,0.0,0.5,5.7,0.0,0.3,28.5,2.5
2.0,"2019-08-05 15:27:08.000000","2019-08-05 15:44:27.000000",2.0,4.6,1.0,N,263.0,234.0,1.0,17.0,0.0,0.5,4.06,0.0,0.3,24.36,2.5
2.0,"2019-08-05 17:20:31.000000","2019-08-05 17:47:26.000000",1.0,3.31,1.0,N,263.0,234.0,1.0,18.0,1.0,0.5,4.46,0.0,0.3,26.76,2.5
1.0,"2019-08-05 22:37:31.000000","2019-08-05 22:56:03.000000",2.0,3.5,1.0,N,263.0,234.0,1.0,15.0,3.0,0.5,3.75,0.0,0.3,22.55,2.5
1.0,"2019-08-05 22:55:23.000000","2019-08-05 23:08:03.000000",1.0,3.3,1.0,N,263.0,234.0,1.0,12.5,3.0,0.5,0.0,0.0,0.3,16.3,2.5
2.0,"2019-08-05 22:22:18.000000","2019-08-05 22:37:53.000000",1.0,3.88,1.0,N,263.0,234.0,1.0,14.5,0.5,0.5,3.66,0.0,0.3,21.96,2.5
2.0,"2019-08-06 05:39:46.000000","2019-08-06 05:51:19.000000",1.0,3.4,1.0,N,263.0,234.0,1.0,12.0,0.5,0.5,3.16,0.0,0.3,18.96,2.5
1.0,"2019-08-06 06:14:08.000000","2019-08-06 06:31:46.000000",1.0,3.9,1.0,N,263.0,234.0,1.0,15.5,2.5,0.5,3.0,0.0,0.3,21.8,2.5
2.0,"2019-08-06 06:35:00.000000","2019-08-06 06:50:05.000000",1.0,3.72,1.0,N,263.0,234.0,1.0,14.0,0.0,0.5,1.0,0.0,0.3,18.3,2.5
1.0,"2019-08-06 06:46:24.000000","2019-08-06 06:59:21.000000",0.0,3.0,1.0,N,263.0,234.0,1.0,12.0,2.5,0.5,1.5,0.0,0.3,16.8,2.5
2.0,"2019-08-06 07:05:08.000000","2019-08-06 07:20:24.000000",1.0,3.4,1.0,N,263.0,234.0,1.0,13.5,0.0,0.5,3.36,0.0,0.3,20.16,2.5
1.0,"2019-08-06 07:40:38.000000","2019-08-06 08:03:21.000000",2.0,4.3,1.0,N,263.0,234.0,1.0,17.5,2.5,0.5,1.0,0.0,0.3,21.8,2.5
2.0,"2019-08-06 08:07:40.000000","2019-08-06 08:24:55.000000",1.0,3.53,1.0,N,263.0,234.0,2.0,14.0,0.0,0.5,0.0,0.0,0.3,17.3,2.5
2.0,"2019-08-06 08:06:44.000000","2019-08-06 08:24:28.000000",1.0,3.24,1.0,N,263.0,234.0,1.0,14.0,0.0,0.5,3.46,0.0,0.3,20.76,2.5
2.0,"2019-08-06 08:46:56.000000","2019-08-06 09:16:46.000000",1.0,3.54,1.0,N,263.0,234.0,1.0,19.5,0.0,0.5,2.5,0.0,0.3,25.3,2.5
1.0,"2019-08-06 09:58:15.000000","2019-08-06 10:22:25.000000",0.0,4.7,1.0,N,263.0,234.0,1.0,19.5,2.5,0.5,4.55,0.0,0.3,27.35,2.5
2.0,"2019-08-06 09:32:44.000000","2019-08-06 10:07:07.000000",2.0,4.17,1.0,N,263.0,234.0,1.0,22.5,0.0,0.5,5.16,0.0,0.3,30.96,2.5
2.0,"2019-08-06 10:17:06.000000","2019-08-06 10:40:05.000000",6.0,5.49,1.0,N,263.0,234.0,1.0,20.0,0.0,0.5,1.0,0.0,0.3,24.3,2.5
2.0,"2019-08-06 11:55:00.000000","2019-08-06 12:17:44.000000",5.0,5.21,1.0,N,263.0,234.0,1.0,20.5,0.0,0.5,4.76,0.0,0.3,28.56,2.5
2.0,"2019-08-06 11:03:52.000000","2019-08-06 11:27:53.000000",1.0,4.75,1.0,N,263.0,234.0,1.0,19.0,0.0,0.5,6.69,0.0,0.3,28.99,2.5
2.0,"2019-08-06 12:45:28.000000","2019-08-06 13:10:33.000000",1.0,4.29,1.0,N,263.0,234.0,1.0,19.5,0.0,0.5,2.74,0.0,0.3,25.54,2.5
1.0,"2019-08-06 12:14:19.000000","2019-08-06 12:39:48.000000",3.0,4.9,1.0,N,263.0,234.0,1.0,21.0,2.5,0.5,4.85,0.0,0.3,29.15,2.5
2.0,"2019-08-06 13:08:23.000000","2019-08-06 13:43:15.000000",1.0,3.71,1.0,N,263.0,234.0,1.0,22.0,0.0,0.5,5.06,0.0,0.3,30.36,2.5
1.0,"2019-08-06 13:29:35.000000","2019-08-06 13:48:12.000000",1.0,4.8,1.0,Y,263.0,234.0,1.0,17.5,2.5,0.5,3.0,0.0,0.3,23.8,2.5
1.0,"2019-08-06 15:17:32.000000","2019-08-06 15:36:45.000000",1.0,4.2,1.0,N,263.0,234.0,1.0,16.5,2.5,0.5,3.95,0.0,0.3,23.75,2.5
1.0,"2019-08-06 15:45:56.000000","2019-08-06 16:09:06.000000",1.0,3.3,1.0,N,263.0,234.0,1.0,16.5,2.5,0.5,4.95,0.0,0.3,24.75,2.5
2.0,"2019-08-06 16:43:57.000000","2019-08-06 17:05:28.000000",1.0,4.98,1.0,N,263.0,234.0,1.0,19.0,1.0,0.5,2.0,0.0,0.3,25.3,2.5
2.0,"2019-08-06 16:26:01.000000","2019-08-06 17:00:34.000000",1.0,3.48,1.0,N,263.0,234.0,1.0,21.5,1.0,0.5,5.16,0.0,0.3,30.96,2.5
1.0,"2019-08-06 17:18:41.000000","2019-08-06 17:55:42.000000",1.0,4.4,1.0,N,263.0,234.0,2.0,23.0,3.5,0.5,0.0,0.0,0.3,27.3,2.5
1.0,"2019-08-06 17:10:57.000000","2019-08-06 17:48:26.000000",1.0,4.4,1.0,N,263.0,234.0,1.0,24.5,3.5,0.5,7.2,0.0,0.3,36.0,2.5
2.0,"2019-08-06 17:59:45.000000","2019-08-06 18:19:02.000000",2.0,3.61,1.0,N,263.0,234.0,1.0,15.0,1.0,0.5,4.82,0.0,0.3,24.12,2.5
2.0,"2019-08-06 19:07:42.000000","2019-08-06 19:27:42.000000",1.0,3.7,1.0,N,263.0,234.0,2.0,15.0,1.0,0.5,0.0,0.0,0.3,19.3,2.5
1.0,"2019-08-06 21:23:14.000000","2019-08-06 21:46:47.000000",2.0,3.8,1.0,N,263.0,234.0,2.0,16.5,3.0,0.5,0.0,0.0,0.3,20.3,2.5
1.0,"2019-08-06 21:33:39.000000","2019-08-06 21:54:00.000000",1.0,4.3,1.0,N,263.0,234.0,1.0,16.5,3.0,0.5,4.05,0.0,0.3,24.35,2.5
2.0,"2019-08-07 02:13:47.000000","2019-08-07 02:30:20.000000",2.0,4.94,1.0,N,263.0,234.0,1.0,16.5,0.5,0.5,2.0,0.0,0.3,22.3,2.5
2.0,"2019-08-07 06:29:13.000000","2019-08-07 06:45:17.000000",1.0,4.22,1.0,N,263.0,234.0,2.0,15.0,0.0,0.5,0.0,0.0,0.3,18.3,2.5
1.0,"2019-08-07 06:34:07.000000","2019-08-07 06:50:31.000000",1.0,4.2,1.0,N,263.0,234.0,1.0,15.5,2.5,0.5,3.75,0.0,0.3,22.55,2.5
2.0,"2019-08-07 06:15:39.000000","2019-08-07 06:29:28.000000",6.0,3.46,1.0,N,263.0,234.0,1.0,13.0,0.0,0.5,1.0,0.0,0.3,17.3,2.5
1.0,"2019-08-07 07:47:14.000000","2019-08-07 08:03:25.000000",1.0,3.2,1.0,N,263.0,234.0,1.0,13.5,2.5,0.5,1.68,0.0,0.3,18.48,2.5
2.0,"2019-08-07 07:45:23.000000","2019-08-07 08:07:47.000000",1.0,5.08,1.0,N,263.0,234.0,1.0,19.5,0.0,0.5,4.56,0.0,0.3,27.36,2.5
2.0,"2019-08-07 08:57:51.000000","2019-08-07 09:23:42.000000",1.0,5.15,1.0,N,263.0,234.0,1.0,20.5,0.0,0.5,4.28,0.0,0.3,28.08,2.5
2.0,"2019-08-07 08:19:55.000000","2019-08-07 08:41:50.000000",1.0,4.55,1.0,N,263.0,234.0,1.0,18.0,0.0,0.5,4.26,0.0,0.3,25.56,2.5
2.0,"2019-08-07 09:22:22.000000","2019-08-07 09:43:09.000000",1.0,4.74,1.0,N,263.0,234.0,1.0,17.5,0.0,0.5,4.16,0.0,0.3,24.96,2.5
1.0,"2019-08-07 09:27:39.000000","2019-08-07 10:01:24.000000",1.0,4.4,1.0,N,263.0,234.0,1.0,22.0,2.5,0.5,2.0,0.0,0.3,27.3,2.5
1.0,"2019-08-07 09:34:29.000000","2019-08-07 10:06:21.000000",1.0,4.9,1.0,N,263.0,234.0,1.0,23.0,2.5,0.5,3.95,0.0,0.3,30.25,2.5
2.0,"2019-08-07 09:20:21.000000","2019-08-07 09:39:02.000000",6.0,4.04,1.0,N,263.0,234.0,2.0,16.0,0.0,0.5,0.0,0.0,0.3,19.3,2.5
2.0,"2019-08-07 09:31:06.000000","2019-08-07 09:50:46.000000",1.0,4.23,1.0,N,263.0,234.0,1.0,16.5,0.0,0.5,3.96,0.0,0.3,23.76,2.5
1.0,"2019-08-07 09:15:10.000000","2019-08-07 09:41:39.000000",1.0,3.3,1.0,N,263.0,234.0,1.0,18.0,2.5,0.5,4.26,0.0,0.3,25.56,2.5
2.0,"2019-08-07 11:30:09.000000","2019-08-07 11:54:01.000000",1.0,4.94,1.0,N,263.0,234.0,2.0,20.0,0.0,0.5,0.0,0.0,0.3,23.3,2.5
2.0,"2019-08-07 11:34:20.000000","2019-08-07 11:53:40.000000",1.0,4.31,1.0,N,263.0,234.0,1.0,17.5,0.0,0.5,4.16,0.0,0.3,24.96,2.5
2.0,"2019-08-07 12:06:33.000000","2019-08-07 12:37:29.000000",1.0,3.86,1.0,N,263.0,234.0,1.0,20.5,0.0,0.5,2.0,0.0,0.3,25.8,2.5
2.0,"2019-08-07 13:33:56.000000","2019-08-07 13:55:33.000000",1.0,4.7,1.0,N,263.0,234.0,1.0,18.5,0.0,0.5,6.54,0.0,0.3,28.34,2.5
2.0,"2019-08-07 15:36:00.000000","2019-08-07 16:06:54.000000",1.0,3.55,1.0,N,263.0,234.0,1.0,20.5,0.0,0.5,0.0,0.0,0.3,23.8,2.5
2.0,"2019-08-07 16:23:07.000000","2019-08-07 16:43:32.000000",1.0,4.8,1.0,N,263.0,234.0,1.0,17.5,1.0,0.5,0.0,0.0,0.3,21.8,2.5
2.0,"2019-08-07 22:15:43.000000","2019-08-07 22:39:47.000000",1.0,4.77,1.0,N,263.0,234.0,2.0,19.0,0.5,0.5,0.0,0.0,0.3,22.8,2.5
2.0,"2019-08-07 22:18:58.000000","2019-08-07 22:34:42.000000",6.0,3.37,1.0,N,263.0,234.0,1.0,13.5,0.5,0.5,1.5,0.0,0.3,18.8,2.5
2.0,"2019-08-08 00:08:43.000000","2019-08-08 00:22:09.000000",1.0,3.74,1.0,N,263.0,234.0,1.0,13.5,0.5,0.5,2.6,0.0,0.3,19.9,2.5
2.0,"2019-08-08 05:52:18.000000","2019-08-08 06:04:18.000000",1.0,3.77,1.0,N,263.0,234.0,1.0,13.5,0.5,0.5,3.0,0.0,0.3,20.3,2.5
1.0,"2019-08-08 06:39:21.000000","2019-08-08 06:53:45.000000",2.0,3.6,1.0,N,263.0,234.0,1.0,14.0,2.5,0.5,3.45,0.0,0.3,20.75,2.5
2.0,"2019-08-08 06:26:18.000000","2019-08-08 06:43:57.000000",1.0,4.27,1.0,N,263.0,234.0,2.0,16.0,0.0,0.5,0.0,0.0,0.3,19.3,2.5
2.0,"2019-08-08 06:42:27.000000","2019-08-08 06:58:23.000000",5.0,3.65,1.0,N,263.0,234.0,1.0,14.0,0.0,0.5,3.46,0.0,0.3,20.76,2.5
1.0,"2019-08-08 07:46:03.000000","2019-08-08 08:08:43.000000",1.0,4.1,1.0,N,263.0,234.0,1.0,17.0,2.5,0.5,4.05,0.0,0.3,24.35,2.5
2.0,"2019-08-08 07:31:17.000000","2019-08-08 07:53:04.000000",1.0,4.19,1.0,N,263.0,234.0,1.0,17.0,0.0,0.5,1.0,0.0,0.3,21.3,2.5
2.0,"2019-08-08 07:58:42.000000","2019-08-08 08:19:59.000000",1.0,3.19,1.0,N,263.0,234.0,1.0,15.5,0.0,0.5,3.76,0.0,0.3,22.56,2.5
1.0,"2019-08-08 08:03:21.000000","2019-08-08 08:24:24.000000",1.0,3.3,1.0,N,263.0,234.0,1.0,15.5,2.5,0.5,3.75,0.0,0.3,22.55,2.5
2.0,"2019-08-08 10:01:15.000000","2019-08-08 10:39:08.000000",1.0,3.51,1.0,N,263.0,234.0,1.0,23.5,0.0,0.5,4.02,0.0,0.3,30.82,2.5
2.0,"2019-08-08 10:30:09.000000","2019-08-08 11:01:04.000000",1.0,5.36,1.0,N,263.0,234.0,1.0,23.0,0.0,0.5,1.75,0.0,0.3,28.05,2.5
1.0,"2019-08-08 10:15:16.000000","2019-08-08 10:53:30.000000",2.0,3.6,1.0,N,263.0,234.0,1.0,23.5,2.5,0.5,2.68,0.0,0.3,29.48,2.5
2.0,"2019-08-08 10:42:28.000000","2019-08-08 11:06:47.000000",1.0,4.3,1.0,N,263.0,234.0,1.0,19.0,0.0,0.5,2.0,0.0,0.3,24.3,2.5
1.0,"2019-08-08 11:05:07.000000","2019-08-08 11:24:58.000000",1.0,4.3,1.0,N,263.0,234.0,1.0,17.5,2.5,0.5,4.15,0.0,0.3,24.95,2.5
1.0,"2019-08-08 12:06:58.000000","2019-08-08 12:35:05.000000",1.0,3.6,1.0,N,263.0,234.0,2.0,19.5,2.5,0.5,0.0,0.0,0.3,22.8,2.5
2.0,"2019-08-08 12:38:58.000000","2019-08-08 13:02:42.000000",1.0,4.32,1.0,N,263.0,234.0,1.0,18.5,0.0,0.5,2.0,0.0,0.3,23.8,2.5
1.0,"2019-08-08 14:14:39.000000","2019-08-08 14:33:15.000000",1.0,4.3,1.0,N,263.0,234.0,1.0,16.5,2.5,0.5,0.0,0.0,0.3,19.8,2.5
2.0,"2019-08-08 14:39:08.000000","2019-08-08 15:14:19.000000",1.0,3.79,1.0,N,263.0,234.0,1.0,23.0,0.0,0.5,5.26,0.0,0.3,31.56,2.5
1.0,"2019-08-08 16:25:52.000000","2019-08-08 16:56:56.000000",1.0,4.6,1.0,N,263.0,234.0,1.0,21.5,3.5,0.5,7.7,0.0,0.3,33.5,2.5
1.0,"2019-08-08 17:21:13.000000","2019-08-08 17:55:37.000000",1.0,2.9,1.0,N,263.0,234.0,1.0,20.5,3.5,0.5,4.96,0.0,0.3,29.76,2.5
1.0,"2019-08-08 18:27:40.000000","2019-08-08 18:55:13.000000",1.0,4.0,1.0,N,263.0,234.0,1.0,20.0,3.5,0.5,2.0,0.0,0.3,26.3,2.5
2.0,"2019-08-08 21:30:00.000000","2019-08-08 21:56:25.000000",1.0,3.83,1.0,N,263.0,234.0,1.0,18.0,0.5,0.5,3.92,0.0,0.3,25.72,2.5
2.0,"2019-08-08 21:55:16.000000","2019-08-08 22:13:22.000000",1.0,3.43,1.0,N,263.0,234.0,1.0,14.5,0.5,0.5,1.5,0.0,0.3,19.8,2.5
1.0,"2019-08-08 22:53:53.000000","2019-08-08 23:11:44.000000",1.0,3.6,1.0,N,263.0,234.0,4.0,15.0,3.0,0.5,0.0,0.0,0.3,18.8,2.5
1.0,"2019-08-08 22:15:17.000000","2019-08-08 22:35:09.000000",1.0,3.6,1.0,N,263.0,234.0,1.0,15.5,3.0,0.5,2.0,0.0,0.3,21.3,2.5
2.0,"2019-08-08 23:27:26.000000","2019-08-08 23:42:22.000000",5.0,4.54,1.0,N,263.0,234.0,1.0,16.0,0.5,0.5,2.0,0.0,0.3,21.8,2.5
2.0,"2019-08-09 00:06:30.000000","2019-08-09 00:20:42.000000",6.0,4.19,1.0,N,263.0,234.0,2.0,14.0,0.5,0.5,0.0,0.0,0.3,17.8,2.5
1.0,"2019-08-09 01:35:50.000000","2019-08-09 01:49:11.000000",2.0,4.1,1.0,N,263.0,234.0,2.0,14.0,3.0,0.5,0.0,0.0,0.3,17.8,2.5
2.0,"2019-08-09 02:48:24.000000","2019-08-09 03:00:36.000000",5.0,3.75,1.0,N,263.0,234.0,1.0,13.0,0.5,0.5,4.2,0.0,0.3,21.0,2.5
2.0,"2019-08-09 06:44:40.000000","2019-08-09 06:57:04.000000",1.0,3.69,1.0,N,263.0,234.0,1.0,12.5,0.0,0.5,1.0,0.0,0.3,16.8,2.5
1.0,"2019-08-09 06:40:55.000000","2019-08-09 06:55:05.000000",0.0,3.2,1.0,N,263.0,234.0,1.0,13.0,2.5,0.5,3.25,0.0,0.3,19.55,2.5
2.0,"2019-08-09 06:46:49.000000","2019-08-09 07:02:36.000000",1.0,3.4,1.0,N,263.0,234.0,1.0,13.5,0.0,0.5,3.36,0.0,0.3,20.16,2.5
2.0,"2019-08-09 07:02:21.000000","2019-08-09 07:17:07.000000",1.0,3.44,1.0,N,263.0,234.0,1.0,13.0,0.0,0.5,3.26,0.0,0.3,19.56,2.5
2.0,"2019-08-09 08:01:38.000000","2019-08-09 08:22:48.000000",5.0,4.75,1.0,N,263.0,234.0,1.0,19.0,0.0,0.5,2.23,0.0,0.3,24.53,2.5
1.0,"2019-08-09 08:43:43.000000","2019-08-09 09:04:59.000000",1.0,4.7,1.0,N,263.0,234.0,1.0,18.5,2.5,0.5,3.0,0.0,0.3,24.8,2.5
2.0,"2019-08-09 08:47:27.000000","2019-08-09 09:16:43.000000",1.0,4.1,1.0,N,263.0,234.0,1.0,19.5,0.0,0.5,2.74,0.0,0.3,25.54,2.5
2.0,"2019-08-09 08:53:00.000000","2019-08-09 09:11:42.000000",2.0,4.94,1.0,N,263.0,234.0,1.0,17.5,0.0,0.5,3.74,0.0,0.3,24.54,2.5
2.0,"2019-08-09 08:57:17.000000","2019-08-09 09:22:24.000000",2.0,3.87,1.0,N,263.0,234.0,1.0,17.5,0.0,0.5,4.16,0.0,0.3,24.96,2.5
1.0,"2019-08-09 08:15:19.000000","2019-08-09 08:37:24.000000",1.0,3.3,1.0,Y,263.0,234.0,1.0,16.5,2.5,0.5,3.0,0.0,0.3,22.8,2.5
2.0,"2019-08-09 09:44:01.000000","2019-08-09 10:08:58.000000",1.0,5.15,1.0,N,263.0,234.0,1.0,21.5,0.0,0.5,4.0,0.0,0.3,28.8,2.5
2.0,"2019-08-09 09:04:04.000000","2019-08-09 09:25:03.000000",2.0,4.81,1.0,N,263.0,234.0,1.0,18.0,0.0,0.5,4.26,0.0,0.3,25.56,2.5
1.0,"2019-08-09 12:55:01.000000","2019-08-09 13:20:59.000000",1.0,5.2,1.0,N,263.0,234.0,1.0,22.0,2.5,0.5,1.5,0.0,0.3,26.8,2.5
2.0,"2019-08-09 13:08:28.000000","2019-08-09 13:31:00.000000",1.0,4.28,1.0,N,263.0,234.0,1.0,19.0,0.0,0.5,4.46,0.0,0.3,26.76,2.5
1.0,"2019-08-09 14:53:00.000000","2019-08-09 15:18:39.000000",1.0,5.0,1.0,N,263.0,234.0,1.0,19.5,2.5,0.5,4.55,0.0,0.3,27.35,2.5
2.0,"2019-08-09 17:49:48.000000","2019-08-09 18:20:01.000000",1.0,4.28,1.0,N,263.0,234.0,1.0,20.0,1.0,0.5,4.86,0.0,0.3,29.16,2.5
2.0,"2019-08-09 18:50:15.000000","2019-08-09 19:20:41.000000",1.0,5.2,1.0,N,263.0,234.0,2.0,22.0,1.0,0.5,0.0,0.0,0.3,26.3,2.5
2.0,"2019-08-09 19:47:11.000000","2019-08-09 20:08:57.000000",2.0,4.91,1.0,N,263.0,234.0,1.0,19.0,1.0,0.5,3.5,0.0,0.3,26.8,2.5
1.0,"2019-08-09 19:23:49.000000","2019-08-09 19:45:59.000000",1.0,3.5,1.0,N,263.0,234.0,1.0,17.0,3.5,0.5,2.0,0.0,0.3,23.3,2.5
2.0,"2019-08-09 20:15:01.000000","2019-08-09 20:39:03.000000",1.0,4.13,1.0,N,263.0,234.0,1.0,18.0,0.5,0.5,2.0,0.0,0.3,23.8,2.5
2.0,"2019-08-09 23:28:13.000000","2019-08-09 23:45:19.000000",1.0,3.67,1.0,N,263.0,234.0,1.0,14.0,0.5,0.5,3.56,0.0,0.3,21.36,2.5
2.0,"2019-08-09 23:05:05.000000","2019-08-09 23:22:57.000000",1.0,3.63,1.0,N,263.0,234.0,1.0,14.5,0.5,0.5,1.0,0.0,0.3,19.3,2.5
1.0,"2019-08-10 00:55:44.000000","2019-08-10 01:10:30.000000",1.0,4.5,1.0,N,263.0,234.0,2.0,16.0,3.0,0.5,0.0,0.0,0.3,19.8,2.5
1.0,"2019-08-10 01:50:30.000000","2019-08-10 02:02:42.000000",1.0,3.7,1.0,N,263.0,234.0,1.0,13.0,3.0,0.5,3.35,0.0,0.3,20.15,2.5
2.0,"2019-08-10 01:19:01.000000","2019-08-10 01:31:51.000000",1.0,3.6,1.0,N,263.0,234.0,1.0,13.0,0.5,0.5,2.2,0.0,0.3,19.0,2.5
2.0,"2019-08-10 06:40:31.000000","2019-08-10 06:53:53.000000",5.0,3.97,1.0,N,263.0,234.0,1.0,14.0,0.0,0.5,4.32,0.0,0.3,21.62,2.5
1.0,"2019-08-10 08:21:31.000000","2019-08-10 08:38:55.000000",1.0,3.9,1.0,N,263.0,234.0,1.0,15.0,2.5,0.5,3.65,0.0,0.3,21.95,2.5
2.0,"2019-08-10 10:52:21.000000","2019-08-10 11:13:55.000000",1.0,4.56,1.0,N,263.0,234.0,1.0,18.5,0.0,0.5,3.27,0.0,0.3,25.07,2.5
2.0,"2019-08-10 13:57:27.000000","2019-08-10 14:27:07.000000",1.0,6.28,1.0,N,263.0,234.0,1.0,24.5,0.0,0.5,1.0,0.0,0.3,28.8,2.5
1.0,"2019-08-10 15:48:52.000000","2019-08-10 16:07:39.000000",1.0,4.2,1.0,N,263.0,234.0,1.0,15.5,2.5,0.5,5.6,0.0,0.3,24.4,2.5
2.0,"2019-08-10 16:41:45.000000","2019-08-10 16:59:04.000000",1.0,4.07,1.0,N,263.0,234.0,2.0,15.0,0.0,0.5,0.0,0.0,0.3,18.3,2.5
1.0,"2019-08-10 17:44:32.000000","2019-08-10 18:00:23.000000",2.0,3.5,1.0,N,263.0,234.0,1.0,14.0,2.5,0.5,3.45,0.0,0.3,20.75,2.5
2.0,"2019-08-10 17:08:35.000000","2019-08-10 17:52:22.000000",1.0,7.55,1.0,N,263.0,234.0,2.0,25.0,0.0,0.5,0.0,0.0,0.3,28.3,2.5
2.0,"2019-08-10 17:23:47.000000","2019-08-10 17:39:18.000000",2.0,3.34,1.0,N,263.0,234.0,1.0,13.5,0.0,0.5,3.36,0.0,0.3,20.16,2.5
2.0,"2019-08-10 21:11:04.000000","2019-08-10 21:32:47.000000",4.0,3.92,1.0,N,263.0,234.0,1.0,17.0,0.5,0.5,4.16,0.0,0.3,24.96,2.5
2.0,"2019-08-10 22:43:03.000000","2019-08-10 23:00:36.000000",2.0,4.91,1.0,N,263.0,234.0,1.0,17.0,0.5,0.5,4.16,0.0,0.3,24.96,2.5
1.0,"2019-08-10 22:59:29.000000","2019-08-10 23:14:55.000000",2.0,4.4,1.0,N,263.0,234.0,4.0,15.0,3.0,0.5,0.0,0.0,0.3,18.8,2.5
2.0,"2019-08-10 22:09:38.000000","2019-08-10 22:24:56.000000",1.0,4.17,1.0,N,263.0,234.0,1.0,14.5,0.5,0.5,2.0,0.0,0.3,20.3,2.5
1.0,"2019-08-10 23:24:43.000000","2019-08-10 23:42:41.000000",3.0,3.6,1.0,N,263.0,234.0,2.0,15.0,3.0,0.5,0.0,0.0,0.3,18.8,2.5
2.0,"2019-08-10 23:47:54.000000","2019-08-11 00:03:39.000000",1.0,3.35,1.0,N,263.0,234.0,1.0,14.0,0.5,0.5,3.56,0.0,0.3,21.36,2.5
1.0,"2019-08-11 10:58:33.000000","2019-08-11 11:09:30.000000",2.0,3.3,1.0,N,263.0,234.0,1.0,12.0,2.5,0.5,3.05,0.0,0.3,18.35,2.5
1.0,"2019-08-11 11:41:56.000000","2019-08-11 11:58:37.000000",1.0,4.3,1.0,N,263.0,234.0,1.0,16.5,2.5,0.5,1.98,0.0,0.3,21.78,2.5
1.0,"2019-08-11 12:18:51.000000","2019-08-11 12:34:47.000000",1.0,4.8,1.0,N,263.0,234.0,1.0,17.0,0.0,0.5,0.0,0.0,0.3,17.8,0.0
2.0,"2019-08-11 12:42:50.000000","2019-08-11 13:03:06.000000",1.0,5.78,1.0,N,263.0,234.0,1.0,20.0,0.0,0.5,2.0,0.0,0.3,25.3,2.5
1.0,"2019-08-11 13:40:16.000000","2019-08-11 13:56:19.000000",1.0,3.4,1.0,N,263.0,234.0,1.0,13.0,2.5,0.5,3.0,0.0,0.3,19.3,2.5
1.0,"2019-08-11 13:46:59.000000","2019-08-11 13:58:32.000000",2.0,3.5,1.0,N,263.0,234.0,2.0,12.0,2.5,0.5,0.0,0.0,0.3,15.3,2.5
2.0,"2019-08-11 13:02:11.000000","2019-08-11 13:11:47.000000",2.0,3.63,1.0,N,263.0,234.0,1.0,11.5,0.0,0.5,2.0,0.0,0.3,16.8,2.5
2.0,"2019-08-11 15:54:38.000000","2019-08-11 16:11:41.000000",1.0,5.1,1.0,N,263.0,234.0,1.0,18.0,0.0,0.5,4.26,0.0,0.3,25.56,2.5
2.0,"2019-08-11 20:58:12.000000","2019-08-11 21:12:33.000000",1.0,4.87,1.0,N,263.0,234.0,2.0,15.5,0.5,0.5,0.0,0.0,0.3,19.3,2.5
2.0,"2019-08-11 20:06:07.000000","2019-08-11 20:24:39.000000",5.0,3.37,1.0,N,263.0,234.0,1.0,14.0,0.5,0.5,2.67,0.0,0.3,20.47,2.5
2.0,"2019-08-11 21:41:57.000000","2019-08-11 21:56:33.000000",1.0,4.55,1.0,N,263.0,234.0,1.0,15.0,0.5,0.5,2.0,0.0,0.3,20.8,2.5
2.0,"2019-08-11 21:45:39.000000","2019-08-11 21:59:27.000000",1.0,3.65,1.0,N,263.0,234.0,1.0,14.0,0.5,0.5,3.56,0.0,0.3,21.36,2.5
2.0,"2019-08-12 05:45:36.000000","2019-08-12 05:56:44.000000",1.0,3.7,1.0,N,263.0,234.0,1.0,12.5,0.5,0.5,3.0,0.0,0.3,19.3,2.5
2.0,"2019-08-12 06:20:51.000000","2019-08-12 06:34:35.000000",2.0,4.05,1.0,N,263.0,234.0,2.0,14.5,0.0,0.5,0.0,0.0,0.3,17.8,2.5
1.0,"2019-08-12 06:12:49.000000","2019-08-12 06:24:48.000000",1.0,3.4,1.0,N,263.0,234.0,2.0,12.5,2.5,0.5,0.0,0.0,0.3,15.8,2.5
2.0,"2019-08-12 06:57:58.000000","2019-08-12 07:11:48.000000",1.0,3.47,1.0,N,263.0,234.0,1.0,13.0,0.0,0.5,3.26,0.0,0.3,19.56,2.5
2.0,"2019-08-12 06:35:41.000000","2019-08-12 06:47:10.000000",1.0,3.11,1.0,N,263.0,234.0,1.0,11.5,0.0,0.5,1.0,0.0,0.3,15.8,2.5
2.0,"2019-08-12 06:57:26.000000","2019-08-12 07:12:37.000000",1.0,3.54,1.0,N,263.0,234.0,1.0,13.5,0.0,0.5,3.36,0.0,0.3,20.16,2.5
2.0,"2019-08-12 06:35:13.000000","2019-08-12 06:49:37.000000",1.0,4.68,1.0,N,263.0,234.0,1.0,16.0,0.0,0.5,3.86,0.0,0.3,23.16,2.5
1.0,"2019-08-12 07:26:45.000000","2019-08-12 07:41:29.000000",1.0,3.9,1.0,N,263.0,234.0,1.0,14.0,2.5,0.5,2.75,0.0,0.3,20.05,2.5
1.0,"2019-08-12 10:49:28.000000","2019-08-12 11:04:36.000000",2.0,4.5,1.0,N,263.0,234.0,1.0,16.0,2.5,0.5,2.9,0.0,0.3,22.2,2.5
2.0,"2019-08-12 13:06:03.000000","2019-08-12 13:30:26.000000",1.0,3.72,1.0,N,263.0,234.0,1.0,17.5,0.0,0.5,4.16,0.0,0.3,24.96,2.5
2.0,"2019-08-12 13:57:10.000000","2019-08-12 14:16:22.000000",1.0,3.42,1.0,N,263.0,234.0,1.0,15.0,0.0,0.5,3.66,0.0,0.3,21.96,2.5
2.0,"2019-08-12 16:29:02.000000","2019-08-12 16:55:14.000000",1.0,3.72,1.0,N,263.0,234.0,1.0,18.5,1.0,0.5,4.56,0.0,0.3,27.36,2.5
1.0,"2019-08-12 19:04:39.000000","2019-08-12 19:23:41.000000",1.0,3.4,1.0,N,263.0,234.0,1.0,14.5,3.5,0.5,3.75,0.0,0.3,22.55,2.5
1.0,"2019-08-12 19:04:59.000000","2019-08-12 19:18:21.000000",1.0,4.2,1.0,N,263.0,234.0,1.0,15.0,3.5,0.5,3.85,0.0,0.3,23.15,2.5
1.0,"2019-08-13 04:28:19.000000","2019-08-13 04:40:16.000000",1.0,4.4,1.0,N,263.0,234.0,1.0,15.0,3.0,0.5,1.88,0.0,0.3,20.68,2.5
2.0,"2019-08-13 05:51:01.000000","2019-08-13 06:00:33.000000",1.0,3.35,1.0,N,263.0,234.0,1.0,11.0,0.5,0.5,2.96,0.0,0.3,17.76,2.5
2.0,"2019-08-13 05:13:28.000000","2019-08-13 05:26:19.000000",1.0,3.81,1.0,N,263.0,234.0,1.0,13.0,0.5,0.5,3.0,0.0,0.3,19.8,2.5
2.0,"2019-08-13 06:30:44.000000","2019-08-13 06:47:53.000000",1.0,4.14,1.0,N,263.0,234.0,2.0,15.5,0.0,0.5,0.0,0.0,0.3,18.8,2.5
1.0,"2019-08-13 07:25:52.000000","2019-08-13 07:39:26.000000",1.0,3.2,1.0,N,263.0,234.0,1.0,12.5,2.5,0.5,1.58,0.0,0.3,17.38,2.5
2.0,"2019-08-13 07:22:05.000000","2019-08-13 07:40:05.000000",1.0,4.04,1.0,N,263.0,234.0,1.0,15.5,0.0,0.5,2.5,0.0,0.3,21.3,2.5
2.0,"2019-08-13 09:16:39.000000","2019-08-13 09:39:12.000000",1.0,4.67,1.0,N,263.0,234.0,1.0,18.5,0.0,0.5,1.8,0.0,0.3,23.6,2.5
1.0,"2019-08-13 09:56:24.000000","2019-08-13 10:17:02.000000",1.0,4.7,1.0,N,263.0,234.0,1.0,18.0,2.5,0.5,2.0,0.0,0.3,23.3,2.5
1.0,"2019-08-13 10:26:59.000000","2019-08-13 10:56:25.000000",1.0,3.8,1.0,N,263.0,234.0,1.0,20.0,2.5,0.5,6.95,0.0,0.3,30.25,2.5
2.0,"2019-08-13 11:17:50.000000","2019-08-13 11:44:28.000000",1.0,3.45,1.0,N,263.0,234.0,1.0,18.0,0.0,0.5,4.26,0.0,0.3,25.56,2.5
1.0,"2019-08-13 12:37:37.000000","2019-08-13 13:12:10.000000",1.0,4.4,1.0,N,263.0,234.0,1.0,22.5,2.5,0.5,5.16,0.0,0.3,30.96,2.5
2.0,"2019-08-13 12:49:23.000000","2019-08-13 13:19:33.000000",1.0,5.05,1.0,N,263.0,234.0,2.0,22.5,0.0,0.5,0.0,0.0,0.3,25.8,2.5
2.0,"2019-08-13 12:35:14.000000","2019-08-13 12:55:54.000000",4.0,3.92,1.0,N,263.0,234.0,2.0,17.5,0.0,0.5,0.0,0.0,0.3,20.8,2.5
2.0,"2019-08-13 13:04:50.000000","2019-08-13 13:24:01.000000",1.0,5.12,1.0,N,263.0,234.0,1.0,17.5,0.0,0.5,4.16,0.0,0.3,24.96,2.5
2.0,"2019-08-13 15:57:11.000000","2019-08-13 16:18:30.000000",1.0,4.68,1.0,N,263.0,234.0,1.0,18.0,0.0,0.5,3.2,0.0,0.3,24.5,2.5
1.0,"2019-08-13 16:51:45.000000","2019-08-13 17:17:36.000000",1.0,4.9,1.0,N,263.0,234.0,1.0,21.0,3.5,0.5,5.05,0.0,0.3,30.35,2.5
2.0,"2019-08-13 17:07:08.000000","2019-08-13 17:27:09.000000",3.0,4.87,1.0,N,263.0,234.0,2.0,18.5,1.0,0.5,0.0,0.0,0.3,22.8,2.5
1.0,"2019-08-13 18:51:31.000000","2019-08-13 19:18:16.000000",1.0,4.1,1.0,N,263.0,234.0,1.0,19.0,3.5,0.5,4.65,0.0,0.3,27.95,2.5
1.0,"2019-08-13 19:17:35.000000","2019-08-13 19:38:24.000000",1.0,3.7,1.0,N,263.0,234.0,1.0,16.0,3.5,0.5,4.05,0.0,0.3,24.35,2.5
2.0,"2019-08-13 20:19:37.000000","2019-08-13 20:37:40.000000",1.0,5.14,1.0,N,263.0,234.0,1.0,18.0,0.5,0.5,1.5,0.0,0.3,23.3,2.5
1.0,"2019-08-13 21:27:05.000000","2019-08-13 21:48:54.000000",1.0,4.2,1.0,N,263.0,234.0,2.0,16.5,3.0,0.5,0.0,0.0,0.3,20.3,2.5
1.0,"2019-08-13 22:14:11.000000","2019-08-13 22:29:07.000000",1.0,3.5,1.0,N,263.0,234.0,1.0,13.5,3.0,0.5,2.0,0.0,0.3,19.3,2.5
2.0,"2019-08-14 06:40:36.000000","2019-08-14 06:55:22.000000",1.0,4.52,1.0,N,263.0,234.0,1.0,16.5,0.0,0.5,3.96,0.0,0.3,23.76,2.5
1.0,"2019-08-14 06:59:00.000000","2019-08-14 07:13:59.000000",1.0,3.5,1.0,N,263.0,234.0,1.0,13.5,2.5,0.5,3.35,0.0,0.3,20.15,2.5
2.0,"2019-08-14 06:12:23.000000","2019-08-14 06:24:25.000000",1.0,3.47,1.0,N,263.0,234.0,2.0,12.5,0.0,0.5,0.0,0.0,0.3,15.8,2.5
1.0,"2019-08-14 06:26:30.000000","2019-08-14 06:39:00.000000",1.0,3.4,1.0,N,263.0,234.0,1.0,13.0,2.5,0.5,3.25,0.0,0.3,19.55,2.5
2.0,"2019-08-14 07:50:40.000000","2019-08-14 08:06:24.000000",1.0,3.52,1.0,N,263.0,234.0,1.0,13.5,0.0,0.5,2.0,0.0,0.3,18.8,2.5
1.0,"2019-08-14 09:12:13.000000","2019-08-14 09:37:14.000000",1.0,3.4,1.0,N,263.0,234.0,1.0,17.5,2.5,0.5,4.15,0.0,0.3,24.95,2.5
1.0,"2019-08-14 09:51:38.000000","2019-08-14 10:10:23.000000",1.0,4.3,1.0,N,263.0,234.0,1.0,16.5,2.5,0.5,3.95,0.0,0.3,23.75,2.5
2.0,"2019-08-14 10:47:13.000000","2019-08-14 11:04:01.000000",1.0,4.71,1.0,N,263.0,234.0,2.0,17.0,0.0,0.5,0.0,0.0,0.3,20.3,2.5
2.0,"2019-08-14 11:00:08.000000","2019-08-14 11:21:59.000000",1.0,5.32,1.0,N,263.0,234.0,1.0,20.5,0.0,0.5,7.14,0.0,0.3,30.94,2.5
2.0,"2019-08-14 13:38:55.000000","2019-08-14 14:02:32.000000",1.0,3.71,1.0,N,263.0,234.0,2.0,17.5,0.0,0.5,0.0,0.0,0.3,20.8,2.5
1.0,"2019-08-14 13:04:16.000000","2019-08-14 13:44:46.000000",1.0,5.6,1.0,N,263.0,234.0,2.0,28.0,2.5,0.5,0.0,0.0,0.3,31.3,2.5
1.0,"2019-08-14 13:34:29.000000","2019-08-14 13:55:02.000000",1.0,4.4,1.0,N,263.0,234.0,1.0,18.0,2.5,0.5,3.0,0.0,0.3,24.3,2.5
2.0,"2019-08-14 14:01:47.000000","2019-08-14 14:19:50.000000",1.0,4.65,1.0,N,263.0,234.0,1.0,16.5,0.0,0.5,5.8,0.0,0.3,25.6,2.5
2.0,"2019-08-14 14:24:58.000000","2019-08-14 14:50:08.000000",1.0,4.31,1.0,N,263.0,234.0,1.0,18.0,0.0,0.5,5.32,0.0,0.3,26.62,2.5
2.0,"2019-08-14 15:39:11.000000","2019-08-14 16:14:40.000000",1.0,3.45,1.0,N,263.0,234.0,1.0,22.0,0.0,0.5,2.0,0.0,0.3,27.3,2.5
1.0,"2019-08-14 15:21:07.000000","2019-08-14 15:51:00.000000",1.0,4.6,1.0,N,263.0,234.0,1.0,19.5,2.5,0.5,5.7,0.0,0.3,28.5,2.5
1.0,"2019-08-14 16:52:50.000000","2019-08-14 17:25:41.000000",1.0,3.9,1.0,N,263.0,234.0,1.0,21.0,3.5,0.5,5.06,0.0,0.3,30.36,2.5
2.0,"2019-08-14 19:23:21.000000","2019-08-14 19:42:59.000000",1.0,4.73,1.0,N,263.0,234.0,1.0,18.5,1.0,0.5,4.56,0.0,0.3,27.36,2.5
2.0,"2019-08-14 20:06:57.000000","2019-08-14 20:37:31.000000",1.0,4.12,1.0,N,263.0,234.0,2.0,20.5,0.5,0.5,0.0,0.0,0.3,24.3,2.5
2.0,"2019-08-14 21:46:15.000000","2019-08-14 22:05:01.000000",1.0,4.21,1.0,N,263.0,234.0,2.0,17.0,0.5,0.5,0.0,0.0,0.3,20.8,2.5
2.0,"2019-08-14 21:36:55.000000","2019-08-14 21:56:08.000000",1.0,3.54,1.0,N,263.0,234.0,1.0,15.0,0.5,0.5,1.0,0.0,0.3,19.8,2.5
2.0,"2019-08-15 02:00:50.000000","2019-08-15 02:11:11.000000",1.0,3.6,1.0,N,263.0,234.0,1.0,12.0,0.5,0.5,1.68,0.0,0.3,17.48,2.5
2.0,"2019-08-15 06:08:02.000000","2019-08-15 06:19:41.000000",1.0,3.79,1.0,N,263.0,234.0,1.0,13.0,0.0,0.5,3.0,0.0,0.3,19.3,2.5
2.0,"2019-08-15 06:23:10.000000","2019-08-15 06:39:09.000000",1.0,4.27,1.0,N,263.0,234.0,2.0,15.5,0.0,0.5,0.0,0.0,0.3,18.8,2.5
2.0,"2019-08-15 06:37:52.000000","2019-08-15 06:52:51.000000",1.0,3.62,1.0,N,263.0,234.0,1.0,13.5,0.0,0.5,1.0,0.0,0.3,17.8,2.5
1.0,"2019-08-15 06:00:25.000000","2019-08-15 06:11:15.000000",1.0,3.3,1.0,N,263.0,234.0,2.0,12.0,2.5,0.5,0.0,0.0,0.3,15.3,2.5
1.0,"2019-08-15 06:38:34.000000","2019-08-15 06:50:55.000000",1.0,4.5,1.0,N,263.0,234.0,1.0,15.0,2.5,0.5,3.65,0.0,0.3,21.95,2.5
2.0,"2019-08-15 06:25:28.000000","2019-08-15 06:40:14.000000",1.0,4.3,1.0,N,263.0,234.0,1.0,15.0,0.0,0.5,1.83,0.0,0.3,20.13,2.5
2.0,"2019-08-15 07:55:56.000000","2019-08-15 08:14:21.000000",5.0,3.41,1.0,N,263.0,234.0,1.0,14.5,0.0,0.5,2.0,0.0,0.3,19.8,2.5
2.0,"2019-08-15 07:13:58.000000","2019-08-15 07:31:01.000000",1.0,3.9,1.0,N,263.0,234.0,1.0,15.0,0.0,0.5,3.66,0.0,0.3,21.96,2.5
1.0,"2019-08-15 12:25:33.000000","2019-08-15 12:57:41.000000",1.0,4.1,1.0,N,263.0,234.0,1.0,21.0,2.5,0.5,4.85,0.0,0.3,29.15,2.5
2.0,"2019-08-15 12:59:27.000000","2019-08-15 13:23:49.000000",2.0,4.65,1.0,N,263.0,234.0,2.0,19.5,0.0,0.5,0.0,0.0,0.3,22.8,2.5
2.0,"2019-08-15 13:49:22.000000","2019-08-15 14:07:34.000000",2.0,4.22,1.0,N,263.0,234.0,1.0,16.0,0.0,0.5,2.0,0.0,0.3,21.3,2.5
2.0,"2019-08-15 14:25:01.000000","2019-08-15 14:58:26.000000",1.0,4.02,1.0,N,263.0,234.0,2.0,21.5,0.0,0.5,0.0,0.0,0.3,24.8,2.5
1.0,"2019-08-15 16:54:06.000000","2019-08-15 17:29:24.000000",2.0,4.1,1.0,N,263.0,234.0,1.0,23.5,3.5,0.5,3.0,0.0,0.3,30.8,2.5
1.0,"2019-08-15 17:12:39.000000","2019-08-15 17:40:36.000000",1.0,3.2,1.0,N,263.0,234.0,1.0,18.5,3.5,0.5,4.55,0.0,0.3,27.35,2.5
2.0,"2019-08-15 17:43:21.000000","2019-08-15 18:25:57.000000",1.0,4.82,1.0,N,263.0,234.0,1.0,26.5,1.0,0.5,9.24,0.0,0.3,40.04,2.5
2.0,"2019-08-15 17:10:56.000000","2019-08-15 17:33:19.000000",2.0,4.23,1.0,N,263.0,234.0,1.0,18.5,1.0,0.5,4.56,0.0,0.3,27.36,2.5
2.0,"2019-08-15 21:29:43.000000","2019-08-15 21:52:08.000000",1.0,3.78,1.0,N,263.0,234.0,1.0,16.5,0.5,0.5,3.04,0.0,0.3,23.34,2.5
2.0,"2019-08-15 21:06:49.000000","2019-08-15 21:32:30.000000",1.0,4.26,1.0,N,263.0,234.0,1.0,18.5,0.5,0.5,4.46,0.0,0.3,26.76,2.5
2.0,"2019-08-15 21:16:41.000000","2019-08-15 21:36:13.000000",1.0,3.93,1.0,N,263.0,234.0,1.0,15.5,0.5,0.5,3.86,0.0,0.3,23.16,2.5
1.0,"2019-08-15 23:04:09.000000","2019-08-15 23:17:25.000000",1.0,3.7,1.0,N,263.0,234.0,1.0,13.5,3.0,0.5,2.7,0.0,0.3,20.0,2.5
1.0,"2019-08-16 00:18:38.000000","2019-08-16 00:36:30.000000",1.0,3.5,1.0,N,263.0,234.0,1.0,14.0,3.0,0.5,3.55,0.0,0.3,21.35,2.5
1.0,"2019-08-16 00:46:08.000000","2019-08-16 01:00:35.000000",1.0,3.8,1.0,N,263.0,234.0,2.0,13.5,3.0,0.5,0.0,0.0,0.3,17.3,2.5
1.0,"2019-08-16 05:36:11.000000","2019-08-16 05:45:17.000000",0.0,3.1,1.0,N,263.0,234.0,1.0,10.5,3.0,0.5,2.85,0.0,0.3,17.15,2.5
1.0,"2019-08-16 06:23:47.000000","2019-08-16 06:36:59.000000",1.0,3.6,1.0,N,263.0,234.0,1.0,13.0,2.5,0.5,3.25,0.0,0.3,19.55,2.5
1.0,"2019-08-16 06:21:45.000000","2019-08-16 06:37:53.000000",0.0,4.2,1.0,N,263.0,234.0,2.0,15.5,2.5,0.5,0.0,0.0,0.3,18.8,2.5
1.0,"2019-08-16 06:52:21.000000","2019-08-16 07:06:16.000000",4.0,3.2,1.0,N,263.0,234.0,1.0,12.5,2.5,0.5,1.0,0.0,0.3,16.8,2.5
1.0,"2019-08-16 08:50:04.000000","2019-08-16 09:17:12.000000",1.0,3.5,1.0,N,263.0,234.0,1.0,18.0,2.5,0.5,4.25,0.0,0.3,25.55,2.5
2.0,"2019-08-16 08:05:42.000000","2019-08-16 08:23:33.000000",2.0,3.95,1.0,N,263.0,234.0,1.0,15.0,0.0,0.5,2.5,0.0,0.3,20.8,2.5
2.0,"2019-08-16 08:27:00.000000","2019-08-16 08:55:34.000000",1.0,4.07,1.0,N,263.0,234.0,1.0,19.0,0.0,0.5,4.46,0.0,0.3,26.76,2.5
1.0,"2019-08-16 08:36:43.000000","2019-08-16 08:57:26.000000",1.0,4.7,1.0,N,263.0,234.0,1.0,18.0,2.5,0.5,5.3,0.0,0.3,26.6,2.5
1.0,"2019-08-16 09:47:59.000000","2019-08-16 10:12:28.000000",1.0,4.8,1.0,N,263.0,234.0,1.0,21.5,2.5,0.5,2.5,0.0,0.3,27.3,2.5
2.0,"2019-08-16 09:36:22.000000","2019-08-16 10:02:40.000000",1.0,5.33,1.0,N,263.0,234.0,1.0,22.0,0.0,0.5,3.0,0.0,0.3,28.3,2.5
2.0,"2019-08-16 09:39:46.000000","2019-08-16 10:18:59.000000",2.0,4.03,1.0,N,263.0,234.0,2.0,24.5,0.0,0.5,0.0,0.0,0.3,27.8,2.5
2.0,"2019-08-16 10:45:43.000000","2019-08-16 11:12:59.000000",2.0,4.89,1.0,N,263.0,234.0,2.0,22.5,0.0,0.5,0.0,0.0,0.3,25.8,2.5
2.0,"2019-08-16 11:13:01.000000","2019-08-16 11:38:35.000000",1.0,5.09,1.0,N,263.0,234.0,1.0,21.5,0.0,0.5,4.0,0.0,0.3,28.8,2.5
1.0,"2019-08-16 13:55:30.000000","2019-08-16 14:17:42.000000",1.0,4.6,1.0,N,263.0,234.0,1.0,18.5,2.5,0.5,4.0,0.0,0.3,25.8,2.5
1.0,"2019-08-16 14:38:45.000000","2019-08-16 15:02:51.000000",1.0,5.3,1.0,N,263.0,234.0,1.0,21.0,2.5,0.5,4.85,0.0,0.3,29.15,2.5
2.0,"2019-08-16 18:45:49.000000","2019-08-16 19:10:31.000000",1.0,4.11,1.0,N,263.0,234.0,1.0,18.0,1.0,0.5,3.35,0.0,0.3,25.65,2.5
1.0,"2019-08-16 21:14:01.000000","2019-08-16 21:35:41.000000",1.0,3.6,1.0,N,263.0,234.0,1.0,16.5,3.0,0.5,4.05,0.0,0.3,24.35,2.5
2.0,"2019-08-16 21:48:46.000000","2019-08-16 22:06:45.000000",1.0,3.36,1.0,N,263.0,234.0,1.0,14.5,0.5,0.5,2.75,0.0,0.3,21.05,2.5
2.0,"2019-08-16 21:46:57.000000","2019-08-16 22:13:28.000000",1.0,4.74,1.0,N,263.0,234.0,2.0,20.0,0.5,0.5,0.0,0.0,0.3,23.8,2.5
1.0,"2019-08-16 23:12:59.000000","2019-08-16 23:37:31.000000",1.0,3.9,1.0,N,263.0,234.0,1.0,18.0,3.0,0.5,4.35,0.0,0.3,26.15,2.5
2.0,"2019-08-16 23:05:12.000000","2019-08-16 23:21:43.000000",1.0,3.15,1.0,N,263.0,234.0,1.0,13.5,0.5,0.5,3.46,0.0,0.3,20.76,2.5
2.0,"2019-08-17 00:29:40.000000","2019-08-17 00:44:02.000000",1.0,3.68,1.0,N,263.0,234.0,1.0,13.5,0.5,0.5,2.5,0.0,0.3,19.8,2.5
2.0,"2019-08-17 00:36:35.000000","2019-08-17 00:52:16.000000",1.0,4.36,1.0,N,263.0,234.0,1.0,16.5,0.5,0.5,2.0,0.0,0.3,22.3,2.5
2.0,"2019-08-17 00:30:46.000000","2019-08-17 00:44:42.000000",1.0,3.57,1.0,N,263.0,234.0,1.0,13.0,0.5,0.5,3.36,0.0,0.3,20.16,2.5
1.0,"2019-08-17 01:52:03.000000","2019-08-17 02:04:54.000000",3.0,4.0,1.0,N,263.0,234.0,1.0,13.5,3.0,0.5,3.45,0.0,0.3,20.75,2.5
1.0,"2019-08-17 02:23:01.000000","2019-08-17 02:32:39.000000",1.0,3.6,1.0,N,263.0,234.0,1.0,11.5,3.0,0.5,2.0,0.0,0.3,17.3,2.5
2.0,"2019-08-17 03:22:35.000000","2019-08-17 03:35:10.000000",1.0,3.94,1.0,N,263.0,234.0,2.0,13.0,0.5,0.5,0.0,0.0,0.3,16.8,2.5
1.0,"2019-08-17 08:28:50.000000","2019-08-17 08:46:39.000000",1.0,4.8,1.0,N,263.0,234.0,2.0,18.0,2.5,0.5,0.0,0.0,0.3,21.3,2.5
1.0,"2019-08-17 09:36:14.000000","2019-08-17 09:57:26.000000",1.0,4.4,1.0,N,263.0,234.0,2.0,17.0,2.5,0.5,0.0,0.0,0.3,20.3,2.5
2.0,"2019-08-17 11:07:05.000000","2019-08-17 11:29:33.000000",1.0,3.77,1.0,N,263.0,234.0,1.0,17.0,0.0,0.5,4.06,0.0,0.3,24.36,2.5
2.0,"2019-08-17 14:10:17.000000","2019-08-17 14:33:04.000000",5.0,4.11,1.0,N,263.0,234.0,1.0,17.5,0.0,0.5,4.16,0.0,0.3,24.96,2.5
1.0,"2019-08-17 16:38:55.000000","2019-08-17 16:56:23.000000",2.0,3.3,1.0,N,263.0,234.0,1.0,14.0,2.5,0.5,3.45,0.0,0.3,20.75,2.5
2.0,"2019-08-17 16:21:55.000000","2019-08-17 16:41:17.000000",1.0,4.24,1.0,N,263.0,234.0,1.0,16.5,0.0,0.5,3.96,0.0,0.3,23.76,2.5
2.0,"2019-08-17 18:30:30.000000","2019-08-17 18:47:16.000000",2.0,3.64,1.0,N,263.0,234.0,1.0,14.0,0.0,0.5,3.46,0.0,0.3,20.76,2.5
1.0,"2019-08-17 19:14:33.000000","2019-08-17 19:34:55.000000",2.0,4.2,1.0,N,263.0,234.0,1.0,17.5,2.5,0.5,4.15,0.0,0.3,24.95,2.5
2.0,"2019-08-17 19:44:41.000000","2019-08-17 19:59:17.000000",4.0,3.37,1.0,N,263.0,234.0,1.0,13.0,0.0,0.5,1.63,0.0,0.3,17.93,2.5
2.0,"2019-08-17 19:16:52.000000","2019-08-17 19:38:24.000000",1.0,4.49,1.0,N,263.0,234.0,1.0,17.0,0.0,0.5,4.06,0.0,0.3,24.36,2.5
2.0,"2019-08-17 20:48:02.000000","2019-08-17 21:06:08.000000",1.0,5.17,1.0,N,263.0,234.0,1.0,18.5,0.5,0.5,2.22,0.0,0.3,24.52,2.5
1.0,"2019-08-17 23:02:11.000000","2019-08-17 23:14:34.000000",1.0,3.4,1.0,N,263.0,234.0,1.0,12.0,3.0,0.5,1.5,0.0,0.3,17.3,2.5
2.0,"2019-08-18 05:32:04.000000","2019-08-18 05:44:26.000000",1.0,4.38,1.0,N,263.0,234.0,1.0,14.0,0.5,0.5,3.56,0.0,0.3,21.36,2.5
2.0,"2019-08-18 09:15:44.000000","2019-08-18 09:31:21.000000",3.0,4.99,1.0,N,263.0,234.0,2.0,18.0,0.0,0.5,0.0,0.0,0.3,21.3,2.5
2.0,"2019-08-18 10:43:03.000000","2019-08-18 10:57:18.000000",3.0,3.6,1.0,N,263.0,234.0,2.0,13.5,0.0,0.5,0.0,0.0,0.3,16.8,2.5
2.0,"2019-08-18 10:09:15.000000","2019-08-18 10:25:18.000000",1.0,4.66,1.0,N,263.0,234.0,1.0,17.0,0.0,0.5,3.5,0.0,0.3,23.8,2.5
1.0,"2019-08-18 11:35:51.000000","2019-08-18 11:50:26.000000",3.0,4.7,1.0,N,263.0,234.0,1.0,16.5,2.5,0.5,3.95,0.0,0.3,23.75,2.5
2.0,"2019-08-18 14:59:02.000000","2019-08-18 15:21:46.000000",1.0,3.94,1.0,N,263.0,234.0,1.0,17.0,0.0,0.5,4.06,0.0,0.3,24.36,2.5
1.0,"2019-08-18 14:41:28.000000","2019-08-18 15:00:39.000000",1.0,3.8,1.0,N,263.0,234.0,1.0,15.5,2.5,0.5,4.7,0.0,0.3,23.5,2.5
2.0,"2019-08-18 15:39:31.000000","2019-08-18 16:00:59.000000",1.0,4.06,1.0,N,263.0,234.0,2.0,16.5,0.0,0.5,0.0,0.0,0.3,19.8,2.5
1.0,"2019-08-18 16:23:26.000000","2019-08-18 16:46:20.000000",1.0,4.3,1.0,N,263.0,234.0,1.0,17.5,2.5,0.5,6.2,0.0,0.3,27.0,2.5
2.0,"2019-08-18 17:01:27.000000","2019-08-18 17:17:24.000000",2.0,4.09,1.0,N,263.0,234.0,1.0,14.0,0.0,0.5,4.33,0.0,0.3,21.63,2.5
2.0,"2019-08-18 17:04:32.000000","2019-08-18 17:24:01.000000",1.0,3.54,1.0,N,263.0,234.0,1.0,15.5,0.0,0.5,2.0,0.0,0.3,20.8,2.5
1.0,"2019-08-18 18:54:01.000000","2019-08-18 19:12:38.000000",1.0,4.5,1.0,N,263.0,234.0,1.0,16.5,2.5,0.5,4.95,0.0,0.3,24.75,2.5
1.0,"2019-08-18 18:43:24.000000","2019-08-18 19:04:41.000000",2.0,3.5,1.0,N,263.0,234.0,1.0,15.5,2.5,0.5,3.75,0.0,0.3,22.55,2.5
2.0,"2019-08-18 18:31:54.000000","2019-08-18 18:48:44.000000",5.0,3.56,1.0,N,263.0,234.0,1.0,14.0,0.0,0.5,1.73,0.0,0.3,20.98,2.5
1.0,"2019-08-18 19:25:42.000000","2019-08-18 19:47:36.000000",2.0,4.9,1.0,N,263.0,234.0,1.0,18.5,2.5,0.5,4.36,0.0,0.3,26.16,2.5
1.0,"2019-08-19 05:24:19.000000","2019-08-19 05:36:36.000000",1.0,3.6,1.0,N,263.0,234.0,1.0,13.0,3.0,0.5,3.0,0.0,0.3,19.8,2.5
2.0,"2019-08-19 05:23:21.000000","2019-08-19 05:35:35.000000",1.0,4.43,1.0,N,263.0,234.0,1.0,14.0,0.5,0.5,3.0,0.0,0.3,20.8,2.5
1.0,"2019-08-19 07:34:39.000000","2019-08-19 07:50:20.000000",1.0,3.8,1.0,N,263.0,234.0,1.0,14.0,2.5,0.5,3.0,0.0,0.3,20.3,2.5
2.0,"2019-08-19 08:34:03.000000","2019-08-19 08:58:50.000000",1.0,4.77,1.0,N,263.0,234.0,1.0,20.0,0.0,0.5,5.82,0.0,0.3,31.07,2.5
2.0,"2019-08-19 08:06:32.000000","2019-08-19 08:25:26.000000",3.0,3.14,1.0,N,263.0,234.0,1.0,14.0,0.0,0.5,0.0,0.0,0.3,17.3,2.5
1.0,"2019-08-19 09:03:54.000000","2019-08-19 09:35:33.000000",2.0,4.0,1.0,N,263.0,234.0,2.0,21.0,2.5,0.5,0.0,0.0,0.3,24.3,2.5
1.0,"2019-08-19 09:29:39.000000","2019-08-19 09:48:02.000000",1.0,4.8,1.0,N,263.0,234.0,1.0,17.5,2.5,0.5,4.15,0.0,0.3,24.95,2.5
1.0,"2019-08-19 10:17:53.000000","2019-08-19 10:34:42.000000",2.0,4.2,1.0,N,263.0,234.0,1.0,15.5,2.5,0.5,3.75,0.0,0.3,22.55,2.5
1.0,"2019-08-19 17:40:07.000000","2019-08-19 18:01:43.000000",1.0,3.9,1.0,N,263.0,234.0,1.0,16.0,3.5,0.5,4.05,0.0,0.3,24.35,2.5
1.0,"2019-08-19 18:21:27.000000","2019-08-19 18:43:12.000000",1.0,3.8,1.0,N,263.0,234.0,1.0,16.5,3.5,0.5,4.15,0.0,0.3,24.95,2.5
2.0,"2019-08-19 18:32:08.000000","2019-08-19 18:49:46.000000",1.0,3.64,1.0,N,263.0,234.0,2.0,14.5,1.0,0.5,0.0,0.0,0.3,18.8,2.5
2.0,"2019-08-19 19:24:03.000000","2019-08-19 19:43:51.000000",1.0,3.4,1.0,N,263.0,234.0,1.0,15.5,1.0,0.5,3.96,0.0,0.3,23.76,2.5
2.0,"2019-08-19 19:39:39.000000","2019-08-19 20:03:18.000000",5.0,4.27,1.0,N,263.0,234.0,1.0,18.5,1.0,0.5,1.0,0.0,0.3,23.8,2.5
2.0,"2019-08-19 22:34:14.000000","2019-08-19 22:53:36.000000",2.0,3.91,1.0,N,263.0,234.0,1.0,16.0,0.5,0.5,1.9,0.0,0.3,21.7,2.5
1.0,"2019-08-19 22:15:53.000000","2019-08-19 22:35:11.000000",1.0,4.0,1.0,N,263.0,234.0,1.0,16.0,3.0,0.5,3.95,0.0,0.3,23.75,2.5
2.0,"2019-08-19 23:40:10.000000","2019-08-19 23:52:10.000000",1.0,3.41,1.0,N,263.0,234.0,2.0,12.5,0.5,0.5,0.0,0.0,0.3,16.3,2.5
1.0,"2019-08-20 05:56:06.000000","2019-08-20 06:09:06.000000",1.0,3.5,1.0,N,263.0,234.0,1.0,13.0,2.5,0.5,3.0,0.0,0.3,19.3,2.5
2.0,"2019-08-20 06:24:29.000000","2019-08-20 06:37:43.000000",5.0,4.23,1.0,N,263.0,234.0,2.0,14.5,0.0,0.5,0.0,0.0,0.3,17.8,2.5
2.0,"2019-08-20 07:44:30.000000","2019-08-20 08:11:32.000000",1.0,3.4,1.0,N,263.0,234.0,1.0,18.0,0.0,0.5,1.5,0.0,0.3,22.8,2.5
2.0,"2019-08-20 08:38:17.000000","2019-08-20 09:02:32.000000",1.0,4.92,1.0,N,263.0,234.0,1.0,19.5,0.0,0.5,4.0,0.0,0.3,26.8,2.5
2.0,"2019-08-20 08:52:33.000000","2019-08-20 09:21:19.000000",2.0,3.52,1.0,N,263.0,234.0,1.0,19.0,0.0,0.5,2.0,0.0,0.3,24.3,2.5
2.0,"2019-08-20 08:28:59.000000","2019-08-20 08:55:01.000000",2.0,3.2,1.0,N,263.0,234.0,1.0,17.5,0.0,0.5,1.5,0.0,0.3,22.3,2.5
1.0,"2019-08-20 09:27:19.000000","2019-08-20 09:46:25.000000",1.0,4.7,1.0,N,263.0,234.0,1.0,17.0,2.5,0.5,4.05,0.0,0.3,24.35,2.5
1.0,"2019-08-20 09:44:21.000000","2019-08-20 10:05:20.000000",1.0,4.7,1.0,N,263.0,234.0,1.0,18.0,2.5,0.5,2.13,0.0,0.3,23.43,2.5
1.0,"2019-08-20 10:45:21.000000","2019-08-20 11:08:07.000000",2.0,3.5,1.0,N,263.0,234.0,2.0,16.5,2.5,0.5,0.0,0.0,0.3,19.8,2.5
2.0,"2019-08-20 14:41:44.000000","2019-08-20 15:06:39.000000",1.0,3.16,1.0,N,263.0,234.0,1.0,17.0,0.0,0.5,4.06,0.0,0.3,24.36,2.5
2.0,"2019-08-20 14:50:09.000000","2019-08-20 15:11:02.000000",2.0,4.35,1.0,N,263.0,234.0,1.0,18.0,0.0,0.5,4.26,0.0,0.3,25.56,2.5
1.0,"2019-08-20 15:25:14.000000","2019-08-20 15:45:51.000000",1.0,4.2,1.0,N,263.0,234.0,1.0,17.5,3.5,0.5,4.35,0.0,0.3,26.15,2.5
1.0,"2019-08-20 19:45:46.000000","2019-08-20 20:06:28.000000",1.0,3.7,1.0,N,263.0,234.0,1.0,16.5,3.5,0.5,3.0,0.0,0.3,23.8,2.5
2.0,"2019-08-20 20:16:42.000000","2019-08-20 20:34:14.000000",1.0,3.76,1.0,N,263.0,234.0,1.0,14.5,0.5,0.5,3.66,0.0,0.3,21.96,2.5
1.0,"2019-08-20 23:06:44.000000","2019-08-20 23:21:03.000000",1.0,4.5,1.0,N,263.0,234.0,1.0,15.0,3.0,0.5,3.0,0.0,0.3,21.8,2.5
1.0,"2019-08-21 00:40:16.000000","2019-08-21 00:58:29.000000",1.0,3.8,1.0,N,263.0,234.0,1.0,16.0,3.0,0.5,3.95,0.0,0.3,23.75,2.5
2.0,"2019-08-21 06:29:32.000000","2019-08-21 06:40:37.000000",1.0,3.4,1.0,N,263.0,234.0,1.0,12.0,0.0,0.5,3.06,0.0,0.3,18.36,2.5
2.0,"2019-08-21 06:27:30.000000","2019-08-21 06:46:36.000000",1.0,4.33,1.0,N,263.0,234.0,2.0,16.5,0.0,0.5,0.0,0.0,0.3,19.8,2.5
1.0,"2019-08-21 07:52:46.000000","2019-08-21 08:12:48.000000",1.0,4.0,1.0,N,263.0,234.0,1.0,16.0,2.5,0.5,2.5,0.0,0.3,21.8,2.5
2.0,"2019-08-21 07:04:50.000000","2019-08-21 07:16:59.000000",2.0,3.33,1.0,N,263.0,234.0,1.0,12.0,0.0,0.5,3.06,0.0,0.3,18.36,2.5
2.0,"2019-08-21 07:05:25.000000","2019-08-21 07:22:07.000000",1.0,3.47,1.0,N,263.0,234.0,1.0,14.0,0.0,0.5,3.46,0.0,0.3,20.76,2.5
1.0,"2019-08-21 08:04:04.000000","2019-08-21 08:23:34.000000",1.0,3.4,1.0,N,263.0,234.0,1.0,15.0,2.5,0.5,2.0,0.0,0.3,20.3,2.5
2.0,"2019-08-21 09:46:40.000000","2019-08-21 10:02:56.000000",1.0,4.09,1.0,N,263.0,234.0,1.0,16.0,0.0,0.5,3.0,0.0,0.3,22.3,2.5
2.0,"2019-08-21 10:51:29.000000","2019-08-21 11:11:38.000000",1.0,4.58,1.0,N,263.0,234.0,1.0,18.0,0.0,0.5,5.32,0.0,0.3,26.62,2.5
2.0,"2019-08-21 11:12:23.000000","2019-08-21 11:41:00.000000",5.0,3.71,1.0,N,263.0,234.0,1.0,19.0,0.0,0.5,2.0,0.0,0.3,24.3,2.5
2.0,"2019-08-21 11:48:03.000000","2019-08-21 12:18:43.000000",1.0,3.76,1.0,N,263.0,234.0,2.0,20.5,0.0,0.5,0.0,0.0,0.3,23.8,2.5
1.0,"2019-08-21 14:20:17.000000","2019-08-21 14:43:44.000000",1.0,3.8,1.0,N,263.0,234.0,1.0,17.5,2.5,0.5,4.15,0.0,0.3,24.95,2.5
2.0,"2019-08-21 14:49:09.000000","2019-08-21 15:12:21.000000",4.0,4.55,1.0,N,263.0,234.0,1.0,19.0,0.0,0.5,4.46,0.0,0.3,26.76,2.5
1.0,"2019-08-21 14:56:02.000000","2019-08-21 15:11:12.000000",2.0,4.6,1.0,N,263.0,234.0,1.0,16.0,2.5,0.5,2.9,0.0,0.3,22.2,2.5
2.0,"2019-08-21 17:33:09.000000","2019-08-21 18:02:10.000000",1.0,3.56,1.0,N,263.0,234.0,1.0,19.5,1.0,0.5,3.57,0.0,0.3,27.37,2.5
2.0,"2019-08-21 17:44:13.000000","2019-08-21 18:06:53.000000",1.0,4.24,1.0,N,263.0,234.0,1.0,18.0,1.0,0.5,3.0,0.0,0.3,25.3,2.5
1.0,"2019-08-21 18:33:14.000000","2019-08-21 18:56:05.000000",1.0,5.2,1.0,N,263.0,234.0,1.0,20.0,3.5,0.5,2.43,0.0,0.3,26.73,2.5
2.0,"2019-08-21 18:50:53.000000","2019-08-21 19:11:53.000000",1.0,5.05,1.0,N,263.0,234.0,1.0,19.0,1.0,0.5,2.0,0.0,0.3,25.3,2.5
1.0,"2019-08-21 18:15:33.000000","2019-08-21 18:41:17.000000",1.0,4.3,1.0,N,263.0,234.0,1.0,19.5,3.5,0.5,4.75,0.0,0.3,28.55,2.5
1.0,"2019-08-21 20:51:44.000000","2019-08-21 21:11:42.000000",1.0,3.7,1.0,N,263.0,234.0,2.0,15.5,3.0,0.5,0.0,0.0,0.3,19.3,2.5
2.0,"2019-08-21 21:57:48.000000","2019-08-21 22:16:33.000000",1.0,3.59,1.0,N,263.0,234.0,1.0,15.0,0.5,0.5,3.76,0.0,0.3,22.56,2.5
2.0,"2019-08-21 21:40:43.000000","2019-08-21 22:00:06.000000",1.0,3.88,1.0,N,263.0,234.0,1.0,15.5,0.5,0.5,2.0,0.0,0.3,21.3,2.5
2.0,"2019-08-21 22:00:39.000000","2019-08-21 22:17:51.000000",5.0,4.81,1.0,N,263.0,234.0,1.0,17.5,0.5,0.5,4.26,0.0,0.3,25.56,2.5
1.0,"2019-08-21 22:17:04.000000","2019-08-21 22:39:15.000000",1.0,3.9,1.0,N,263.0,234.0,1.0,17.0,3.0,0.5,4.15,0.0,0.3,24.95,2.5
2.0,"2019-08-21 22:58:27.000000","2019-08-21 23:11:37.000000",1.0,4.12,1.0,N,263.0,234.0,1.0,13.5,0.5,0.5,3.46,0.0,0.3,20.76,2.5
2.0,"2019-08-21 23:47:19.000000","2019-08-22 00:03:30.000000",1.0,3.51,1.0,N,263.0,234.0,1.0,14.5,0.5,0.5,3.66,0.0,0.3,21.96,2.5
1.0,"2019-08-22 06:11:14.000000","2019-08-22 06:24:40.000000",1.0,3.6,1.0,N,263.0,234.0,1.0,13.0,2.5,0.5,2.45,0.0,0.3,18.75,2.5
2.0,"2019-08-22 06:46:11.000000","2019-08-22 07:00:59.000000",1.0,3.41,1.0,N,263.0,234.0,1.0,13.5,0.0,0.5,3.36,0.0,0.3,20.16,2.5
2.0,"2019-08-22 06:25:44.000000","2019-08-22 06:40:21.000000",1.0,4.16,1.0,N,263.0,234.0,2.0,14.5,0.0,0.5,0.0,0.0,0.3,17.8,2.5
2.0,"2019-08-22 07:36:51.000000","2019-08-22 08:00:12.000000",1.0,3.96,1.0,N,263.0,234.0,1.0,17.5,0.0,0.5,4.16,0.0,0.3,24.96,2.5
2.0,"2019-08-22 08:03:36.000000","2019-08-22 08:27:23.000000",1.0,4.03,1.0,N,263.0,234.0,1.0,18.0,0.0,0.5,3.0,0.0,0.3,24.3,2.5
2.0,"2019-08-22 08:35:00.000000","2019-08-22 09:05:32.000000",2.0,3.87,1.0,N,263.0,234.0,1.0,20.0,0.0,0.5,4.66,0.0,0.3,27.96,2.5
2.0,"2019-08-22 08:59:28.000000","2019-08-22 09:32:22.000000",1.0,4.93,1.0,N,263.0,234.0,1.0,24.0,0.0,0.5,6.82,0.0,0.3,34.12,2.5
2.0,"2019-08-22 09:53:39.000000","2019-08-22 10:13:07.000000",1.0,4.93,1.0,N,263.0,234.0,1.0,17.5,0.0,0.5,4.16,0.0,0.3,24.96,2.5
2.0,"2019-08-22 09:15:06.000000","2019-08-22 09:47:35.000000",1.0,4.35,1.0,N,263.0,234.0,1.0,23.0,0.0,0.5,5.26,0.0,0.3,31.56,2.5
2.0,"2019-08-22 09:00:48.000000","2019-08-22 09:21:03.000000",2.0,3.38,1.0,N,263.0,234.0,1.0,15.5,0.0,0.5,2.0,0.0,0.3,20.8,2.5
2.0,"2019-08-22 09:27:59.000000","2019-08-22 09:53:06.000000",1.0,4.1,1.0,N,263.0,234.0,1.0,19.5,0.0,0.5,2.0,0.0,0.3,24.8,2.5
2.0,"2019-08-22 08:52:36.000000","2019-08-22 09:21:22.000000",1.0,5.24,1.0,N,263.0,234.0,1.0,21.5,0.0,0.5,4.0,0.0,0.3,28.8,2.5
1.0,"2019-08-22 10:15:03.000000","2019-08-22 10:42:37.000000",0.0,4.0,1.0,N,263.0,234.0,1.0,19.5,2.5,0.5,4.0,0.0,0.3,26.8,2.5
1.0,"2019-08-22 10:06:27.000000","2019-08-22 10:33:03.000000",1.0,3.5,1.0,N,263.0,234.0,1.0,17.5,2.5,0.5,0.0,0.0,0.3,20.8,2.5
2.0,"2019-08-22 11:50:29.000000","2019-08-22 12:24:00.000000",1.0,3.85,1.0,N,263.0,234.0,1.0,21.5,0.0,0.5,4.96,0.0,0.3,29.76,2.5
2.0,"2019-08-22 12:51:27.000000","2019-08-22 13:10:28.000000",2.0,5.13,1.0,N,263.0,234.0,2.0,18.0,0.0,0.5,0.0,0.0,0.3,21.3,2.5
2.0,"2019-08-22 12:25:19.000000","2019-08-22 12:56:37.000000",2.0,5.08,1.0,N,263.0,234.0,1.0,24.0,0.0,0.5,6.82,0.0,0.3,34.12,2.5
1.0,"2019-08-22 13:28:10.000000","2019-08-22 13:55:09.000000",1.0,3.6,1.0,N,263.0,234.0,1.0,18.5,2.5,0.5,4.35,0.0,0.3,26.15,2.5
2.0,"2019-08-22 13:12:26.000000","2019-08-22 13:28:53.000000",1.0,4.7,1.0,N,263.0,234.0,1.0,16.5,0.0,0.5,1.5,0.0,0.3,21.3,2.5
2.0,"2019-08-22 15:50:19.000000","2019-08-22 16:20:34.000000",1.0,4.11,1.0,N,263.0,234.0,1.0,20.5,0.0,0.5,4.76,0.0,0.3,28.56,2.5
2.0,"2019-08-22 15:21:26.000000","2019-08-22 15:42:54.000000",1.0,4.73,1.0,N,263.0,234.0,1.0,19.0,0.0,0.5,4.46,0.0,0.3,26.76,2.5
1.0,"2019-08-22 18:00:42.000000","2019-08-22 18:30:51.000000",1.0,4.8,1.0,N,263.0,234.0,1.0,22.0,3.5,0.5,5.25,0.0,0.3,31.55,2.5
1.0,"2019-08-22 18:31:11.000000","2019-08-22 18:56:08.000000",1.0,3.7,1.0,N,263.0,234.0,1.0,18.0,3.5,0.5,2.5,0.0,0.3,24.8,2.5
1.0,"2019-08-22 19:58:48.000000","2019-08-22 20:20:04.000000",1.0,3.4,1.0,N,263.0,234.0,1.0,15.5,3.0,0.5,1.93,0.0,0.3,21.23,2.5
2.0,"2019-08-22 20:36:28.000000","2019-08-22 21:00:21.000000",1.0,3.54,1.0,N,263.0,234.0,1.0,16.5,0.5,0.5,10.0,0.0,0.3,30.3,2.5
2.0,"2019-08-22 20:20:33.000000","2019-08-22 20:43:36.000000",1.0,3.61,1.0,N,263.0,234.0,1.0,17.0,0.5,0.5,4.16,0.0,0.3,24.96,2.5
1.0,"2019-08-22 21:28:22.000000","2019-08-22 21:49:40.000000",1.0,4.0,1.0,N,263.0,234.0,1.0,16.0,3.0,0.5,3.0,0.0,0.3,22.8,2.5
2.0,"2019-08-22 22:44:40.000000","2019-08-22 23:01:39.000000",1.0,3.84,1.0,N,263.0,234.0,1.0,15.0,0.5,0.5,3.76,0.0,0.3,22.56,2.5
2.0,"2019-08-22 22:53:11.000000","2019-08-22 23:10:40.000000",1.0,3.55,1.0,N,263.0,234.0,1.0,14.5,0.5,0.5,3.0,0.0,0.3,21.3,2.5
2.0,"2019-08-22 22:15:15.000000","2019-08-22 22:40:03.000000",1.0,3.98,1.0,N,263.0,234.0,1.0,18.5,0.5,0.5,4.46,0.0,0.3,26.76,2.5
1.0,"2019-08-23 07:38:19.000000","2019-08-23 07:53:24.000000",1.0,3.5,1.0,N,263.0,234.0,1.0,13.5,2.5,0.5,3.35,0.0,0.3,20.15,2.5
1.0,"2019-08-23 07:53:32.000000","2019-08-23 08:13:54.000000",0.0,3.5,1.0,Y,263.0,234.0,1.0,15.5,2.5,0.5,2.0,0.0,0.3,20.8,2.5
2.0,"2019-08-23 07:11:11.000000","2019-08-23 07:27:18.000000",1.0,3.34,1.0,N,263.0,234.0,1.0,13.5,0.0,0.5,3.36,0.0,0.3,20.16,2.5
2.0,"2019-08-23 07:59:00.000000","2019-08-23 08:21:31.000000",5.0,3.86,1.0,N,263.0,234.0,1.0,16.5,0.0,0.5,3.96,0.0,0.3,23.76,2.5
2.0,"2019-08-23 08:50:20.000000","2019-08-23 09:17:54.000000",1.0,4.95,1.0,N,263.0,234.0,1.0,21.5,0.0,0.5,4.96,0.0,0.3,29.76,2.5
1.0,"2019-08-23 08:30:45.000000","2019-08-23 08:54:32.000000",1.0,5.0,1.0,N,263.0,234.0,1.0,19.5,2.5,0.5,4.56,0.0,0.3,27.36,2.5
2.0,"2019-08-23 08:37:05.000000","2019-08-23 09:08:56.000000",1.0,5.33,1.0,N,263.0,234.0,1.0,24.0,0.0,0.5,5.46,0.0,0.3,32.76,2.5
2.0,"2019-08-23 09:51:24.000000","2019-08-23 10:20:47.000000",2.0,5.26,1.0,N,263.0,234.0,2.0,22.5,0.0,0.5,0.0,0.0,0.3,25.8,2.5
2.0,"2019-08-23 09:37:59.000000","2019-08-23 09:59:10.000000",2.0,4.46,1.0,N,263.0,234.0,1.0,17.5,0.0,0.5,4.16,0.0,0.3,24.96,2.5
1.0,"2019-08-23 10:03:03.000000","2019-08-23 10:24:08.000000",1.0,4.5,1.0,N,263.0,234.0,1.0,18.0,2.5,0.5,1.5,0.0,0.3,22.8,2.5
1.0,"2019-08-23 12:03:20.000000","2019-08-23 12:41:41.000000",1.0,4.4,1.0,N,263.0,234.0,1.0,24.5,2.5,0.5,5.55,0.0,0.3,33.35,2.5
1.0,"2019-08-23 14:40:59.000000","2019-08-23 14:57:10.000000",1.0,4.4,1.0,N,263.0,234.0,1.0,16.0,2.5,0.5,4.8,0.0,0.3,24.1,2.5
1.0,"2019-08-23 17:21:53.000000","2019-08-23 17:52:23.000000",1.0,3.4,1.0,N,263.0,234.0,2.0,19.5,3.5,0.5,0.0,0.0,0.3,23.8,2.5
2.0,"2019-08-23 18:31:52.000000","2019-08-23 18:53:43.000000",4.0,5.06,1.0,N,263.0,234.0,1.0,19.0,1.0,0.5,6.99,0.0,0.3,30.29,2.5
2.0,"2019-08-23 21:17:41.000000","2019-08-23 21:36:30.000000",1.0,3.47,1.0,N,263.0,234.0,1.0,14.5,0.5,0.5,3.66,0.0,0.3,21.96,2.5
1.0,"2019-08-23 21:53:00.000000","2019-08-23 22:11:06.000000",1.0,3.4,1.0,N,263.0,234.0,2.0,15.0,3.0,0.5,0.0,0.0,0.3,18.8,2.5
2.0,"2019-08-23 22:10:24.000000","2019-08-23 22:34:28.000000",1.0,4.1,1.0,N,263.0,234.0,1.0,17.5,0.5,0.5,3.4,0.0,0.3,24.7,2.5
2.0,"2019-08-23 22:08:19.000000","2019-08-23 22:27:10.000000",1.0,3.43,1.0,N,263.0,234.0,1.0,15.0,0.5,0.5,3.76,0.0,0.3,22.56,2.5
2.0,"2019-08-23 23:23:18.000000","2019-08-23 23:47:32.000000",1.0,4.39,1.0,N,263.0,234.0,1.0,17.5,0.5,0.5,2.0,0.0,0.3,23.3,2.5
2.0,"2019-08-24 07:48:53.000000","2019-08-24 08:02:17.000000",1.0,4.0,1.0,N,263.0,234.0,1.0,14.0,0.0,0.5,3.46,0.0,0.3,20.76,2.5
2.0,"2019-08-24 09:38:07.000000","2019-08-24 09:55:50.000000",1.0,5.25,1.0,N,263.0,234.0,1.0,19.0,0.0,0.5,2.22,0.0,0.3,24.52,2.5
2.0,"2019-08-24 09:05:42.000000","2019-08-24 09:24:11.000000",1.0,3.98,1.0,N,263.0,234.0,2.0,16.0,0.0,0.5,0.0,0.0,0.3,19.3,2.5
2.0,"2019-08-24 09:55:43.000000","2019-08-24 10:11:24.000000",1.0,4.83,1.0,N,263.0,234.0,1.0,17.0,0.0,0.5,4.06,0.0,0.3,24.36,2.5
2.0,"2019-08-24 09:35:42.000000","2019-08-24 09:54:53.000000",1.0,3.66,1.0,N,263.0,234.0,2.0,15.5,0.0,0.5,0.0,0.0,0.3,18.8,2.5
2.0,"2019-08-24 10:20:56.000000","2019-08-24 10:37:56.000000",1.0,4.45,1.0,N,263.0,234.0,2.0,15.5,0.0,0.5,0.0,0.0,0.3,18.8,2.5
1.0,"2019-08-24 11:09:19.000000","2019-08-24 11:22:36.000000",1.0,2.9,1.0,N,263.0,234.0,1.0,11.5,2.5,0.5,1.0,0.0,0.3,15.8,2.5
2.0,"2019-08-24 11:28:30.000000","2019-08-24 11:45:52.000000",2.0,3.68,1.0,N,263.0,234.0,1.0,15.5,0.0,0.5,2.0,0.0,0.3,20.8,2.5
2.0,"2019-08-24 12:53:11.000000","2019-08-24 13:25:08.000000",2.0,4.59,1.0,N,263.0,234.0,1.0,23.0,0.0,0.5,6.58,0.0,0.3,32.88,2.5
2.0,"2019-08-24 13:04:12.000000","2019-08-24 13:24:19.000000",1.0,4.6,1.0,N,263.0,234.0,1.0,18.0,0.0,0.5,4.26,0.0,0.3,25.56,2.5
2.0,"2019-08-24 14:48:40.000000","2019-08-24 15:13:15.000000",1.0,3.6,1.0,N,263.0,234.0,1.0,18.0,0.0,0.5,4.26,0.0,0.3,25.56,2.5
2.0,"2019-08-24 14:14:42.000000","2019-08-24 14:32:00.000000",6.0,4.34,1.0,N,263.0,234.0,2.0,15.5,0.0,0.5,0.0,0.0,0.3,18.8,2.5
2.0,"2019-08-24 15:14:55.000000","2019-08-24 15:36:09.000000",1.0,4.1,1.0,N,263.0,234.0,1.0,16.5,0.0,0.5,3.37,0.0,0.3,23.17,2.5
1.0,"2019-08-24 15:59:19.000000","2019-08-24 16:18:10.000000",1.0,3.4,1.0,N,263.0,234.0,1.0,15.0,2.5,0.5,3.65,0.0,0.3,21.95,2.5
2.0,"2019-08-24 16:49:02.000000","2019-08-24 17:08:45.000000",1.0,3.72,1.0,N,263.0,234.0,1.0,15.5,0.0,0.5,3.76,0.0,0.3,22.56,2.5
2.0,"2019-08-24 16:13:38.000000","2019-08-24 16:31:25.000000",1.0,3.78,1.0,N,263.0,234.0,1.0,15.0,0.0,0.5,2.5,0.0,0.3,20.8,2.5
1.0,"2019-08-24 17:19:04.000000","2019-08-24 17:40:19.000000",1.0,4.3,1.0,N,263.0,234.0,1.0,18.0,2.5,0.5,1.0,0.0,0.3,22.3,2.5
2.0,"2019-08-24 18:10:27.000000","2019-08-24 18:28:13.000000",1.0,4.85,1.0,N,263.0,234.0,1.0,17.0,0.0,0.5,5.0,0.0,0.3,25.3,2.5
2.0,"2019-08-24 18:11:10.000000","2019-08-24 18:27:58.000000",1.0,4.01,1.0,N,263.0,234.0,2.0,14.5,0.0,0.5,0.0,0.0,0.3,17.8,2.5
2.0,"2019-08-24 18:59:12.000000","2019-08-24 19:18:57.000000",1.0,4.25,1.0,N,263.0,234.0,1.0,15.5,0.0,0.5,3.76,0.0,0.3,22.56,2.5
1.0,"2019-08-24 19:21:36.000000","2019-08-24 19:43:30.000000",1.0,5.0,1.0,N,263.0,234.0,1.0,19.5,2.5,0.5,5.7,0.0,0.3,28.5,2.5
2.0,"2019-08-24 19:06:47.000000","2019-08-24 19:24:10.000000",1.0,3.13,1.0,N,263.0,234.0,1.0,13.5,0.0,0.5,1.0,0.0,0.3,17.8,2.5
2.0,"2019-08-24 20:51:43.000000","2019-08-24 21:11:10.000000",6.0,3.99,1.0,N,263.0,234.0,1.0,16.0,0.5,0.5,2.5,0.0,0.3,22.3,2.5
2.0,"2019-08-24 21:23:50.000000","2019-08-24 21:37:09.000000",1.0,4.22,1.0,N,263.0,234.0,1.0,15.0,0.5,0.5,3.76,0.0,0.3,22.56,2.5
2.0,"2019-08-24 22:14:51.000000","2019-08-24 22:31:11.000000",2.0,3.32,1.0,N,263.0,234.0,2.0,13.5,0.5,0.5,0.0,0.0,0.3,17.3,2.5
1.0,"2019-08-25 00:39:40.000000","2019-08-25 00:55:00.000000",1.0,3.8,1.0,N,263.0,234.0,1.0,14.0,3.0,0.5,3.55,0.0,0.3,21.35,2.5
1.0,"2019-08-25 10:59:50.000000","2019-08-25 11:11:54.000000",1.0,3.9,1.0,Y,263.0,234.0,1.0,13.0,2.5,0.5,1.0,0.0,0.3,17.3,2.5
2.0,"2019-08-25 10:01:33.000000","2019-08-25 10:18:02.000000",1.0,4.27,1.0,N,263.0,234.0,1.0,16.0,0.0,0.5,2.0,0.0,0.3,21.3,2.5
2.0,"2019-08-25 11:37:33.000000","2019-08-25 11:59:26.000000",1.0,3.45,1.0,N,263.0,234.0,1.0,16.5,0.0,0.5,3.96,0.0,0.3,23.76,2.5
2.0,"2019-08-25 13:15:45.000000","2019-08-25 13:35:51.000000",5.0,3.98,1.0,N,263.0,234.0,1.0,16.5,0.0,0.5,3.96,0.0,0.3,23.76,2.5
2.0,"2019-08-25 14:12:04.000000","2019-08-25 14:26:53.000000",6.0,4.8,1.0,N,263.0,234.0,1.0,16.5,0.0,0.5,2.0,0.0,0.3,21.8,2.5
1.0,"2019-08-25 16:12:06.000000","2019-08-25 16:34:21.000000",1.0,4.0,1.0,N,263.0,234.0,1.0,17.0,2.5,0.5,3.65,0.0,0.3,23.95,2.5
2.0,"2019-08-25 17:28:40.000000","2019-08-25 17:44:21.000000",2.0,4.06,1.0,N,263.0,234.0,1.0,14.0,0.0,0.5,1.0,0.0,0.3,18.3,2.5
1.0,"2019-08-25 18:17:08.000000","2019-08-25 18:37:27.000000",3.0,3.9,1.0,N,263.0,234.0,1.0,15.5,2.5,0.5,2.0,0.0,0.3,20.8,2.5
2.0,"2019-08-25 19:53:08.000000","2019-08-25 20:06:31.000000",2.0,3.78,1.0,N,263.0,234.0,2.0,13.0,0.0,0.5,0.0,0.0,0.3,16.3,2.5
2.0,"2019-08-26 00:39:39.000000","2019-08-26 00:48:33.000000",1.0,3.78,1.0,N,263.0,234.0,1.0,11.5,0.5,0.5,2.0,0.0,0.3,17.3,2.5
2.0,"2019-08-26 05:34:24.000000","2019-08-26 05:46:46.000000",2.0,3.83,1.0,N,263.0,234.0,1.0,13.0,0.5,0.5,3.0,0.0,0.3,19.8,2.5
2.0,"2019-08-26 05:13:42.000000","2019-08-26 05:25:51.000000",1.0,3.94,1.0,N,263.0,234.0,1.0,13.5,0.5,0.5,3.46,0.0,0.3,20.76,2.5
2.0,"2019-08-26 05:37:45.000000","2019-08-26 05:50:08.000000",1.0,4.01,1.0,N,263.0,234.0,1.0,14.0,0.5,0.5,1.0,0.0,0.3,18.8,2.5
2.0,"2019-08-26 06:24:34.000000","2019-08-26 06:39:17.000000",2.0,4.29,1.0,N,263.0,234.0,2.0,15.0,0.0,0.5,0.0,0.0,0.3,18.3,2.5
2.0,"2019-08-26 06:50:22.000000","2019-08-26 07:06:14.000000",1.0,4.17,1.0,N,263.0,234.0,2.0,15.5,0.0,0.5,0.0,0.0,0.3,18.8,2.5
2.0,"2019-08-26 06:04:29.000000","2019-08-26 06:14:13.000000",5.0,3.39,1.0,N,263.0,234.0,2.0,12.0,0.0,0.5,0.0,0.0,0.3,15.3,2.5
1.0,"2019-08-26 07:05:45.000000","2019-08-26 07:20:04.000000",1.0,3.6,1.0,N,263.0,234.0,1.0,13.5,2.5,0.5,3.35,0.0,0.3,20.15,2.5
1.0,"2019-08-26 07:55:18.000000","2019-08-26 08:08:42.000000",1.0,4.3,1.0,N,263.0,234.0,1.0,15.0,2.5,0.5,3.65,0.0,0.3,21.95,2.5
2.0,"2019-08-26 07:58:49.000000","2019-08-26 08:16:47.000000",1.0,4.8,1.0,N,263.0,234.0,1.0,17.0,0.0,0.5,4.06,0.0,0.3,24.36,2.5
2.0,"2019-08-26 07:21:49.000000","2019-08-26 07:39:14.000000",1.0,3.48,1.0,N,263.0,234.0,1.0,14.5,0.0,0.5,3.56,0.0,0.3,21.36,2.5
2.0,"2019-08-26 07:15:04.000000","2019-08-26 07:31:00.000000",1.0,3.76,1.0,N,263.0,234.0,1.0,14.0,0.0,0.5,2.6,0.0,0.3,19.9,2.5
2.0,"2019-08-26 07:07:23.000000","2019-08-26 07:23:36.000000",1.0,3.41,1.0,N,263.0,234.0,1.0,14.0,0.0,0.5,3.46,0.0,0.3,20.76,2.5
2.0,"2019-08-26 08:42:07.000000","2019-08-26 09:03:38.000000",2.0,3.6,1.0,N,263.0,234.0,1.0,16.5,0.0,0.5,2.5,0.0,0.3,22.3,2.5
2.0,"2019-08-26 08:56:08.000000","2019-08-26 09:22:47.000000",1.0,5.09,1.0,N,263.0,234.0,1.0,20.5,0.0,0.5,5.95,0.0,0.3,29.75,2.5
2.0,"2019-08-26 09:55:43.000000","2019-08-26 10:18:11.000000",6.0,4.45,1.0,N,263.0,234.0,1.0,19.0,0.0,0.5,5.58,0.0,0.3,27.88,2.5
2.0,"2019-08-26 09:08:34.000000","2019-08-27 00:00:00.000000",1.0,4.38,1.0,N,263.0,234.0,1.0,22.5,0.0,0.5,2.58,0.0,0.3,28.38,2.5
2.0,"2019-08-26 07:13:06.000000","2019-08-26 07:34:12.000000",1.0,4.53,1.0,N,263.0,234.0,1.0,18.0,0.0,0.5,2.0,0.0,0.3,23.3,2.5
2.0,"2019-08-26 11:37:13.000000","2019-08-26 11:52:20.000000",1.0,4.78,1.0,N,263.0,234.0,1.0,16.5,0.0,0.5,4.95,0.0,0.3,24.75,2.5
2.0,"2019-08-26 13:21:39.000000","2019-08-26 13:45:21.000000",2.0,4.01,1.0,N,263.0,234.0,1.0,17.5,0.0,0.5,3.0,0.0,0.3,23.8,2.5
2.0,"2019-08-26 14:26:32.000000","2019-08-26 14:44:52.000000",1.0,4.9,1.0,N,263.0,234.0,1.0,18.0,0.0,0.5,3.0,0.0,0.3,24.3,2.5
2.0,"2019-08-26 15:30:55.000000","2019-08-26 15:50:06.000000",2.0,4.63,1.0,N,263.0,234.0,1.0,17.5,0.0,0.5,4.16,0.0,0.3,24.96,2.5
2.0,"2019-08-26 18:55:02.000000","2019-08-26 19:12:50.000000",2.0,3.79,1.0,N,263.0,234.0,1.0,15.0,1.0,0.5,3.86,0.0,0.3,23.16,2.5
2.0,"2019-08-26 20:12:05.000000","2019-08-26 20:29:10.000000",1.0,3.16,1.0,N,263.0,234.0,1.0,14.0,0.5,0.5,1.0,0.0,0.3,18.8,2.5
2.0,"2019-08-26 19:57:56.000000","2019-08-26 20:16:37.000000",2.0,4.53,1.0,N,263.0,234.0,1.0,17.5,0.5,0.5,0.0,0.0,0.3,21.3,2.5
1.0,"2019-08-26 21:27:10.000000","2019-08-26 21:41:58.000000",2.0,3.5,1.0,N,263.0,234.0,1.0,13.5,3.0,0.5,3.46,0.0,0.3,20.76,2.5
2.0,"2019-08-26 22:44:10.000000","2019-08-26 22:57:45.000000",5.0,3.29,1.0,N,263.0,234.0,1.0,12.5,0.5,0.5,3.26,0.0,0.3,19.56,2.5
1.0,"2019-08-26 23:08:57.000000","2019-08-26 23:24:49.000000",0.0,4.9,1.0,N,263.0,234.0,1.0,17.0,3.0,0.5,4.15,0.0,0.3,24.95,2.5
2.0,"2019-08-27 02:10:53.000000","2019-08-27 02:27:48.000000",1.0,4.94,1.0,N,263.0,234.0,2.0,18.0,0.5,0.5,0.0,0.0,0.3,21.8,2.5
2.0,"2019-08-27 04:38:44.000000","2019-08-27 04:48:57.000000",1.0,4.34,1.0,N,263.0,234.0,2.0,-14.5,-0.5,-0.5,0.0,0.0,-0.3,-18.3,-2.5
2.0,"2019-08-27 04:38:44.000000","2019-08-27 04:48:57.000000",1.0,4.34,1.0,N,263.0,234.0,2.0,14.5,0.5,0.5,0.0,0.0,0.3,18.3,2.5
2.0,"2019-08-27 05:07:57.000000","2019-08-27 05:21:55.000000",1.0,4.71,1.0,N,263.0,234.0,1.0,15.0,0.5,0.5,1.0,0.0,0.3,19.8,2.5
1.0,"2019-08-27 06:48:34.000000","2019-08-27 07:01:28.000000",1.0,4.8,1.0,N,263.0,234.0,1.0,16.0,2.5,0.5,3.47,0.0,0.3,22.77,2.5
1.0,"2019-08-27 06:26:18.000000","2019-08-27 06:45:37.000000",1.0,4.3,1.0,N,263.0,234.0,2.0,16.5,2.5,0.5,0.0,0.0,0.3,19.8,2.5
2.0,"2019-08-27 06:27:36.000000","2019-08-27 06:40:58.000000",1.0,3.45,1.0,N,263.0,234.0,2.0,13.0,0.0,0.5,0.0,0.0,0.3,16.3,2.5
2.0,"2019-08-27 07:33:31.000000","2019-08-27 07:49:03.000000",2.0,3.43,1.0,N,263.0,234.0,1.0,13.5,0.0,0.5,3.36,0.0,0.3,20.16,2.5
1.0,"2019-08-27 08:29:07.000000","2019-08-27 08:50:58.000000",0.0,4.8,1.0,N,263.0,234.0,1.0,18.5,2.5,0.5,4.35,0.0,0.3,26.15,2.5
2.0,"2019-08-27 08:46:01.000000","2019-08-27 09:11:18.000000",1.0,3.99,1.0,N,263.0,234.0,1.0,18.5,0.0,0.5,3.0,0.0,0.3,24.8,2.5
2.0,"2019-08-27 08:32:33.000000","2019-08-27 08:58:31.000000",1.0,5.25,1.0,N,263.0,234.0,1.0,21.0,0.0,0.5,4.86,0.0,0.3,29.16,2.5
2.0,"2019-08-27 09:07:17.000000","2019-08-27 09:32:55.000000",6.0,5.09,1.0,N,263.0,234.0,1.0,20.5,0.0,0.5,4.76,0.0,0.3,28.56,2.5
1.0,"2019-08-27 09:57:36.000000","2019-08-27 10:21:32.000000",0.0,4.6,1.0,N,263.0,234.0,1.0,19.0,2.5,0.5,4.45,0.0,0.3,26.75,2.5
2.0,"2019-08-27 09:49:47.000000","2019-08-27 10:14:44.000000",1.0,4.89,1.0,N,263.0,234.0,1.0,20.5,0.0,0.5,4.76,0.0,0.3,28.56,2.5
1.0,"2019-08-27 11:30:00.000000","2019-08-27 11:57:11.000000",1.0,4.0,1.0,N,263.0,234.0,1.0,19.5,2.5,0.5,4.55,0.0,0.3,27.35,2.5
2.0,"2019-08-27 11:45:42.000000","2019-08-27 12:11:13.000000",5.0,4.72,1.0,N,263.0,234.0,1.0,21.5,0.0,0.5,7.44,0.0,0.3,32.24,2.5
2.0,"2019-08-27 12:39:07.000000","2019-08-27 12:54:51.000000",1.0,4.18,1.0,N,263.0,234.0,1.0,15.5,0.0,0.5,3.76,0.0,0.3,22.56,2.5
2.0,"2019-08-27 18:50:27.000000","2019-08-27 19:07:34.000000",1.0,3.05,1.0,N,263.0,234.0,1.0,13.5,1.0,0.5,3.56,0.0,0.3,21.36,2.5
2.0,"2019-08-27 18:05:04.000000","2019-08-27 18:21:16.000000",1.0,4.21,1.0,N,263.0,234.0,1.0,16.5,1.0,0.5,4.16,0.0,0.3,24.96,2.5
2.0,"2019-08-27 19:40:44.000000","2019-08-27 19:58:17.000000",1.0,5.48,1.0,N,263.0,234.0,2.0,18.5,1.0,0.5,0.0,0.0,0.3,22.8,2.5
1.0,"2019-08-27 23:15:31.000000","2019-08-27 23:30:14.000000",1.0,3.9,1.0,N,263.0,234.0,1.0,13.5,3.0,0.5,3.45,0.0,0.3,20.75,2.5
2.0,"2019-08-28 00:34:58.000000","2019-08-28 00:46:03.000000",1.0,3.63,1.0,N,263.0,234.0,2.0,12.5,0.5,0.5,0.0,0.0,0.3,16.3,2.5
2.0,"2019-08-28 05:10:47.000000","2019-08-28 05:22:49.000000",6.0,4.46,1.0,N,263.0,234.0,1.0,14.5,0.5,0.5,3.66,0.0,0.3,21.96,2.5
2.0,"2019-08-28 06:26:04.000000","2019-08-28 06:39:15.000000",1.0,3.48,1.0,N,263.0,234.0,2.0,13.0,0.0,0.5,0.0,0.0,0.3,16.3,2.5
2.0,"2019-08-28 06:43:44.000000","2019-08-28 06:58:58.000000",1.0,4.12,1.0,N,263.0,234.0,1.0,14.0,0.0,0.5,3.46,0.0,0.3,20.76,2.5
2.0,"2019-08-28 06:51:24.000000","2019-08-28 07:03:38.000000",1.0,3.76,1.0,N,263.0,234.0,1.0,13.0,0.0,0.5,1.0,0.0,0.3,17.3,2.5
2.0,"2019-08-28 06:25:59.000000","2019-08-28 06:39:14.000000",1.0,4.27,1.0,N,263.0,234.0,2.0,14.5,0.0,0.5,0.0,0.0,0.3,17.8,2.5
1.0,"2019-08-28 07:09:34.000000","2019-08-28 07:26:28.000000",1.0,4.0,1.0,N,263.0,234.0,1.0,14.5,2.5,0.5,4.45,0.0,0.3,22.25,2.5
1.0,"2019-08-28 07:11:37.000000","2019-08-28 07:29:12.000000",1.0,4.2,1.0,N,263.0,234.0,1.0,15.5,2.5,0.5,2.0,0.0,0.3,20.8,2.5
1.0,"2019-08-28 08:36:17.000000","2019-08-28 08:56:02.000000",1.0,4.2,1.0,N,263.0,234.0,1.0,17.5,2.5,0.5,2.0,0.0,0.3,22.8,2.5
2.0,"2019-08-28 11:57:56.000000","2019-08-28 12:21:32.000000",1.0,3.57,1.0,N,263.0,234.0,1.0,17.0,0.0,0.5,3.0,0.0,0.3,23.3,2.5
2.0,"2019-08-28 11:30:23.000000","2019-08-28 11:47:50.000000",1.0,4.48,1.0,N,263.0,234.0,1.0,16.5,0.0,0.5,4.95,0.0,0.3,24.75,2.5
1.0,"2019-08-28 12:58:53.000000","2019-08-28 13:20:49.000000",1.0,4.6,1.0,N,263.0,234.0,2.0,18.5,2.5,0.5,0.0,0.0,0.3,21.8,2.5
2.0,"2019-08-28 14:20:58.000000","2019-08-28 14:49:51.000000",1.0,5.63,1.0,N,263.0,234.0,1.0,23.5,0.0,0.5,2.68,0.0,0.3,29.48,2.5
2.0,"2019-08-28 16:28:46.000000","2019-08-28 16:56:40.000000",1.0,3.77,1.0,N,263.0,234.0,1.0,19.5,1.0,0.5,3.57,0.0,0.3,27.37,2.5
1.0,"2019-08-28 17:04:58.000000","2019-08-28 17:25:57.000000",1.0,4.5,1.0,N,263.0,234.0,1.0,18.0,3.5,0.5,4.45,0.0,0.3,26.75,2.5
2.0,"2019-08-28 17:56:07.000000","2019-08-28 18:15:28.000000",5.0,4.52,1.0,N,263.0,234.0,1.0,17.5,1.0,0.5,4.36,0.0,0.3,26.16,2.5
2.0,"2019-08-28 18:16:06.000000","2019-08-28 18:37:11.000000",3.0,3.52,1.0,N,263.0,234.0,1.0,15.5,1.0,0.5,3.96,0.0,0.3,23.76,2.5
1.0,"2019-08-28 19:57:57.000000","2019-08-28 20:18:11.000000",1.0,3.7,1.0,N,263.0,234.0,1.0,15.5,3.0,0.5,3.85,0.0,0.3,23.15,2.5
2.0,"2019-08-28 19:40:22.000000","2019-08-28 20:10:34.000000",2.0,4.73,1.0,N,263.0,234.0,1.0,21.5,1.0,0.5,4.0,0.0,0.3,29.8,2.5
1.0,"2019-08-28 20:06:20.000000","2019-08-28 20:29:17.000000",4.0,5.1,1.0,N,263.0,234.0,2.0,20.0,3.0,0.5,0.0,0.0,0.3,23.8,2.5
1.0,"2019-08-28 23:34:35.000000","2019-08-28 23:47:02.000000",1.0,3.9,1.0,N,263.0,234.0,1.0,12.5,3.0,0.5,2.0,0.0,0.3,18.3,2.5
1.0,"2019-08-28 23:10:12.000000","2019-08-28 23:25:42.000000",1.0,3.0,1.0,N,263.0,234.0,1.0,12.5,3.0,0.5,2.45,0.0,0.3,18.75,2.5
1.0,"2019-08-29 00:04:49.000000","2019-08-29 00:19:25.000000",1.0,4.4,1.0,N,263.0,234.0,1.0,16.0,3.0,0.5,3.95,0.0,0.3,23.75,2.5
1.0,"2019-08-29 06:29:28.000000","2019-08-29 06:42:46.000000",1.0,3.7,1.0,N,263.0,234.0,1.0,13.0,2.5,0.5,3.25,0.0,0.3,19.55,2.5
1.0,"2019-08-29 06:54:54.000000","2019-08-29 07:07:43.000000",1.0,3.8,1.0,N,263.0,234.0,2.0,13.0,2.5,0.5,0.0,0.0,0.3,16.3,2.5
2.0,"2019-08-29 06:26:43.000000","2019-08-29 06:42:05.000000",1.0,4.28,1.0,N,263.0,234.0,2.0,15.5,0.0,0.5,0.0,0.0,0.3,18.8,2.5
2.0,"2019-08-29 06:29:32.000000","2019-08-29 06:42:26.000000",1.0,3.45,1.0,N,263.0,234.0,2.0,12.5,0.0,0.5,0.0,0.0,0.3,15.8,2.5
2.0,"2019-08-29 07:17:59.000000","2019-08-29 07:31:41.000000",2.0,3.09,1.0,N,263.0,234.0,1.0,12.5,0.0,0.5,1.58,0.0,0.3,17.38,2.5
2.0,"2019-08-29 07:09:46.000000","2019-08-29 07:24:18.000000",1.0,3.31,1.0,N,263.0,234.0,1.0,13.0,0.0,0.5,3.26,0.0,0.3,19.56,2.5
1.0,"2019-08-29 07:02:57.000000","2019-08-29 07:17:10.000000",1.0,3.7,1.0,N,263.0,234.0,1.0,13.5,2.5,0.5,1.5,0.0,0.3,18.3,2.5
1.0,"2019-08-29 07:03:13.000000","2019-08-29 07:18:35.000000",1.0,3.5,1.0,N,263.0,234.0,1.0,14.0,2.5,0.5,3.45,0.0,0.3,20.75,2.5
1.0,"2019-08-29 08:46:39.000000","2019-08-29 09:07:31.000000",1.0,5.0,1.0,N,263.0,234.0,1.0,19.0,2.5,0.5,4.45,0.0,0.3,26.75,2.5
1.0,"2019-08-29 08:39:45.000000","2019-08-29 08:55:10.000000",0.0,4.5,1.0,N,263.0,234.0,1.0,16.5,2.5,0.5,2.0,0.0,0.3,21.8,2.5
2.0,"2019-08-29 08:05:10.000000","2019-08-29 08:23:36.000000",5.0,3.88,1.0,N,263.0,234.0,1.0,15.5,0.0,0.5,3.76,0.0,0.3,22.56,2.5
1.0,"2019-08-29 10:34:08.000000","2019-08-29 10:52:41.000000",1.0,4.3,1.0,N,263.0,234.0,1.0,16.5,2.5,0.5,3.95,0.0,0.3,23.75,2.5
1.0,"2019-08-29 11:46:58.000000","2019-08-29 12:04:11.000000",1.0,3.2,1.0,N,263.0,234.0,2.0,14.0,2.5,0.5,0.0,0.0,0.3,17.3,2.5
2.0,"2019-08-29 12:40:48.000000","2019-08-29 13:02:40.000000",1.0,4.41,1.0,N,263.0,234.0,1.0,18.5,0.0,0.5,4.36,0.0,0.3,26.16,2.5
2.0,"2019-08-29 13:03:28.000000","2019-08-29 13:20:31.000000",1.0,4.12,1.0,N,263.0,234.0,1.0,16.0,0.0,0.5,4.82,0.0,0.3,24.12,2.5
1.0,"2019-08-29 14:28:56.000000","2019-08-29 14:56:37.000000",1.0,3.7,1.0,N,263.0,234.0,1.0,19.0,2.5,0.5,3.75,0.0,0.3,26.05,2.5
2.0,"2019-08-29 16:19:34.000000","2019-08-29 16:42:40.000000",5.0,3.19,1.0,N,263.0,234.0,1.0,16.5,1.0,0.5,2.08,0.0,0.3,22.88,2.5
2.0,"2019-08-29 17:08:56.000000","2019-08-29 17:37:33.000000",1.0,3.59,1.0,N,263.0,234.0,1.0,19.5,1.0,0.5,4.76,0.0,0.3,28.56,2.5
2.0,"2019-08-29 18:17:02.000000","2019-08-29 18:42:44.000000",1.0,3.07,1.0,N,263.0,234.0,1.0,17.5,1.0,0.5,5.45,0.0,0.3,27.25,2.5
2.0,"2019-08-29 19:59:52.000000","2019-08-29 20:17:06.000000",1.0,3.9,1.0,N,263.0,234.0,1.0,15.0,0.5,0.5,2.0,0.0,0.3,20.8,2.5
2.0,"2019-08-29 22:28:16.000000","2019-08-29 22:42:16.000000",5.0,4.6,1.0,N,263.0,234.0,1.0,15.5,0.5,0.5,2.7,0.0,0.3,22.0,2.5
2.0,"2019-08-30 00:41:31.000000","2019-08-30 00:55:14.000000",5.0,3.72,1.0,N,263.0,234.0,1.0,13.5,0.5,0.5,1.0,0.0,0.3,18.3,2.5
1.0,"2019-08-30 06:26:07.000000","2019-08-30 06:41:53.000000",1.0,4.1,1.0,N,263.0,234.0,2.0,15.0,2.5,0.5,0.0,0.0,0.3,18.3,2.5
2.0,"2019-08-30 07:38:52.000000","2019-08-30 07:55:44.000000",1.0,3.95,1.0,N,263.0,234.0,1.0,15.0,0.0,0.5,3.0,0.0,0.3,21.3,2.5
1.0,"2019-08-30 07:50:46.000000","2019-08-30 08:07:50.000000",1.0,4.6,1.0,N,263.0,234.0,1.0,17.0,2.5,0.5,4.05,0.0,0.3,24.35,2.5
2.0,"2019-08-30 07:22:57.000000","2019-08-30 07:38:22.000000",4.0,3.79,1.0,N,263.0,234.0,1.0,14.0,0.0,0.5,3.46,0.0,0.3,20.76,2.5
1.0,"2019-08-30 08:57:39.000000","2019-08-30 09:16:04.000000",0.0,5.2,1.0,Y,263.0,234.0,1.0,18.0,2.5,0.5,4.0,0.0,0.3,25.3,2.5
2.0,"2019-08-30 08:55:38.000000","2019-08-30 09:18:52.000000",1.0,5.07,1.0,N,263.0,234.0,1.0,20.0,0.0,0.5,4.66,0.0,0.3,27.96,2.5
1.0,"2019-08-30 09:12:11.000000","2019-08-30 09:39:21.000000",1.0,4.8,1.0,N,263.0,234.0,1.0,22.0,2.5,0.5,0.0,0.0,0.3,25.3,2.5
2.0,"2019-08-30 09:02:32.000000","2019-08-30 09:20:16.000000",1.0,3.6,1.0,N,263.0,234.0,1.0,14.5,0.0,0.5,2.0,0.0,0.3,19.8,2.5
2.0,"2019-08-30 09:02:41.000000","2019-08-30 09:21:33.000000",6.0,4.85,1.0,N,263.0,234.0,1.0,18.0,0.0,0.5,4.26,0.0,0.3,25.56,2.5
2.0,"2019-08-30 09:09:05.000000","2019-08-30 09:37:58.000000",1.0,4.55,1.0,N,263.0,234.0,1.0,22.0,0.0,0.5,5.06,0.0,0.3,30.36,2.5
2.0,"2019-08-30 11:53:28.000000","2019-08-30 12:15:06.000000",1.0,3.4,1.0,N,263.0,234.0,1.0,16.0,0.0,0.5,1.5,0.0,0.3,20.8,2.5
2.0,"2019-08-30 12:38:48.000000","2019-08-30 12:57:08.000000",1.0,4.44,1.0,N,263.0,234.0,2.0,17.5,0.0,0.5,0.0,0.0,0.3,20.8,2.5
2.0,"2019-08-30 12:13:13.000000","2019-08-30 12:30:18.000000",6.0,4.7,1.0,N,263.0,234.0,1.0,17.5,0.0,0.5,0.0,0.0,0.3,20.8,2.5
1.0,"2019-08-30 12:27:41.000000","2019-08-30 12:47:24.000000",1.0,3.6,1.0,N,263.0,234.0,1.0,15.5,2.5,0.5,3.75,0.0,0.3,22.55,2.5
1.0,"2019-08-30 13:48:27.000000","2019-08-30 14:07:02.000000",1.0,3.5,1.0,N,263.0,234.0,1.0,15.0,2.5,0.5,1.83,0.0,0.3,20.13,2.5
2.0,"2019-08-30 14:52:54.000000","2019-08-30 15:13:56.000000",1.0,4.55,1.0,N,263.0,234.0,1.0,17.5,0.0,0.5,3.5,0.0,0.3,24.3,2.5
2.0,"2019-08-30 14:30:32.000000","2019-08-30 14:50:59.000000",5.0,4.76,1.0,N,263.0,234.0,1.0,17.5,0.0,0.5,4.16,0.0,0.3,24.96,2.5
2.0,"2019-08-30 15:39:42.000000","2019-08-30 16:01:58.000000",1.0,3.73,1.0,N,263.0,234.0,1.0,17.0,0.0,0.5,1.7,0.0,0.3,22.0,2.5
1.0,"2019-08-30 15:52:55.000000","2019-08-30 16:13:44.000000",1.0,5.5,1.0,N,263.0,234.0,1.0,19.0,3.5,0.5,5.8,0.0,0.3,29.1,2.5
1.0,"2019-08-30 21:04:44.000000","2019-08-30 21:24:55.000000",1.0,4.2,1.0,Y,263.0,234.0,1.0,16.0,3.0,0.5,3.95,0.0,0.3,23.75,2.5
2.0,"2019-08-30 22:35:58.000000","2019-08-30 22:55:57.000000",1.0,3.63,1.0,N,263.0,234.0,1.0,15.5,0.5,0.5,3.86,0.0,0.3,23.16,2.5
1.0,"2019-08-31 00:52:40.000000","2019-08-31 01:12:42.000000",3.0,4.8,1.0,N,263.0,234.0,1.0,17.0,3.0,0.5,6.2,0.0,0.3,27.0,2.5
1.0,"2019-08-31 00:54:43.000000","2019-08-31 01:07:53.000000",1.0,4.0,1.0,N,263.0,234.0,3.0,13.0,3.0,0.5,0.0,0.0,0.3,16.8,2.5
2.0,"2019-08-31 01:06:55.000000","2019-08-31 01:25:09.000000",2.0,4.1,1.0,N,263.0,234.0,1.0,15.5,0.5,0.5,2.5,0.0,0.3,21.8,2.5
2.0,"2019-08-31 08:48:38.000000","2019-08-31 09:02:57.000000",1.0,3.8,1.0,N,263.0,234.0,1.0,13.5,0.0,0.5,0.5,0.0,0.3,17.3,2.5
1.0,"2019-08-31 09:46:57.000000","2019-08-31 10:01:55.000000",1.0,4.5,1.0,N,263.0,234.0,1.0,16.5,2.5,0.5,2.0,0.0,0.3,21.8,2.5
2.0,"2019-08-31 09:40:17.000000","2019-08-31 09:56:19.000000",1.0,4.88,1.0,N,263.0,234.0,1.0,18.0,0.0,0.5,4.26,0.0,0.3,25.56,2.5
2.0,"2019-08-31 09:34:10.000000","2019-08-31 09:48:55.000000",1.0,4.39,1.0,N,263.0,234.0,2.0,16.0,0.0,0.5,0.0,0.0,0.3,19.3,2.5
2.0,"2019-08-31 11:02:16.000000","2019-08-31 11:22:35.000000",1.0,4.29,1.0,N,263.0,234.0,1.0,17.0,0.0,0.5,5.08,0.0,0.3,25.38,2.5
2.0,"2019-08-31 12:51:14.000000","2019-08-31 13:06:32.000000",5.0,3.97,1.0,N,263.0,234.0,1.0,15.0,0.0,0.5,2.0,0.0,0.3,20.3,2.5
2.0,"2019-08-31 15:21:35.000000","2019-08-31 15:39:04.000000",3.0,4.79,1.0,N,263.0,234.0,1.0,17.5,0.0,0.5,4.16,0.0,0.3,24.96,2.5
1.0,"2019-08-31 16:58:09.000000","2019-08-31 17:18:20.000000",2.0,3.7,1.0,N,263.0,234.0,1.0,16.0,2.5,0.5,3.85,0.0,0.3,23.15,2.5
2.0,"2019-08-31 16:19:32.000000","2019-08-31 16:37:29.000000",1.0,5.18,1.0,N,263.0,234.0,2.0,18.0,0.0,0.5,0.0,0.0,0.3,21.3,2.5
1.0,"2019-08-31 18:52:03.000000","2019-08-31 19:09:30.000000",2.0,5.0,1.0,N,263.0,234.0,1.0,18.5,2.5,0.5,4.35,0.0,0.3,26.15,2.5
1.0,"2019-08-31 18:35:36.000000","2019-08-31 18:50:12.000000",1.0,3.2,1.0,N,263.0,234.0,2.0,13.0,2.5,0.5,0.0,0.0,0.3,16.3,2.5
2.0,"2019-08-31 20:37:55.000000","2019-08-31 20:49:38.000000",1.0,3.62,1.0,N,263.0,234.0,1.0,12.0,0.5,0.5,4.74,0.0,0.3,20.54,2.5
2.0,"2019-08-31 21:37:09.000000","2019-08-31 21:52:27.000000",1.0,4.21,1.0,N,263.0,234.0,1.0,14.5,0.5,0.5,3.66,0.0,0.3,21.96,2.5
1.0,"2019-08-31 22:12:22.000000","2019-08-31 22:29:57.000000",1.0,3.9,1.0,N,263.0,234.0,1.0,14.5,3.0,0.5,3.65,0.0,0.3,21.95,2.5
,"2019-08-04 11:37:00.000000","2019-08-04 12:04:00.000000",,4.07,,,263.0,234.0,,24.46,2.75,0.5,0.0,0.0,0.3,28.01,0.0
