1.0,"2019-08-01 06:32:40.000000","2019-08-01 06:51:35.000000",2.0,6.9,1.0,N,264.0,234.0,1.0,21.5,2.5,0.5,4.95,0.0,0.3,29.75,2.5
1.0,"2019-08-01 08:53:45.000000","2019-08-01 08:59:30.000000",1.0,0.8,1.0,N,264.0,234.0,1.0,5.5,2.5,0.5,0.7,0.0,0.3,9.5,2.5
1.0,"2019-08-01 09:11:12.000000","2019-08-01 09:47:16.000000",1.0,6.8,1.0,N,264.0,234.0,1.0,26.5,2.5,0.5,4.25,0.0,0.3,34.05,2.5
1.0,"2019-08-01 12:23:27.000000","2019-08-01 12:33:40.000000",1.0,1.2,1.0,N,264.0,234.0,1.0,8.0,2.5,0.5,2.8,0.0,0.3,14.1,2.5
1.0,"2019-08-01 14:33:20.000000","2019-08-01 14:36:42.000000",1.0,0.5,1.0,N,264.0,234.0,1.0,4.0,2.5,0.5,1.45,0.0,0.3,8.75,2.5
1.0,"2019-08-01 14:28:01.000000","2019-08-01 14:38:13.000000",3.0,1.6,1.0,N,264.0,234.0,2.0,8.5,2.5,0.5,0.0,0.0,0.3,11.8,2.5
1.0,"2019-08-01 15:04:41.000000","2019-08-01 15:10:02.000000",2.0,0.9,1.0,N,264.0,234.0,1.0,5.5,2.5,0.5,2.2,0.0,0.3,11.0,2.5
2.0,"2019-08-01 15:43:58.000000","2019-08-01 15:48:23.000000",1.0,0.73,1.0,N,264.0,234.0,1.0,5.0,0.0,0.5,1.66,0.0,0.3,9.96,2.5
1.0,"2019-08-01 16:17:19.000000","2019-08-01 16:28:49.000000",1.0,1.0,1.0,N,264.0,234.0,1.0,8.5,3.5,0.5,3.2,0.0,0.3,16.0,2.5
2.0,"2019-08-01 18:23:34.000000","2019-08-01 18:29:36.000000",1.0,0.71,1.0,N,264.0,234.0,2.0,5.5,1.0,0.5,0.0,0.0,0.3,9.8,2.5
2.0,"2019-08-01 18:03:31.000000","2019-08-01 18:21:38.000000",1.0,2.27,1.0,N,264.0,234.0,2.0,12.5,1.0,0.5,0.0,0.0,0.3,16.8,2.5
2.0,"2019-08-01 19:06:25.000000","2019-08-01 19:35:02.000000",1.0,2.57,1.0,N,264.0,234.0,1.0,18.0,1.0,0.5,2.0,0.0,0.3,24.3,2.5
1.0,"2019-08-01 23:46:39.000000","2019-08-01 23:55:52.000000",1.0,1.3,1.0,N,264.0,234.0,2.0,8.0,3.0,0.5,0.0,0.0,0.3,11.8,2.5
1.0,"2019-08-01 23:11:02.000000","2019-08-01 23:21:49.000000",1.0,1.5,1.0,N,264.0,234.0,1.0,9.0,3.0,0.5,2.55,0.0,0.3,15.35,2.5
1.0,"2019-08-02 07:31:55.000000","2019-08-02 07:35:56.000000",1.0,0.9,1.0,N,264.0,234.0,1.0,5.0,2.5,0.5,2.08,0.0,0.3,10.38,2.5
1.0,"2019-08-02 09:14:11.000000","2019-08-02 09:18:24.000000",1.0,0.7,1.0,N,264.0,234.0,1.0,5.0,2.5,0.5,0.0,0.0,0.3,8.3,2.5
1.0,"2019-08-02 09:15:45.000000","2019-08-02 09:19:13.000000",1.0,0.6,1.0,N,264.0,234.0,1.0,4.5,2.5,0.5,0.7,0.0,0.3,8.5,2.5
1.0,"2019-08-02 09:24:52.000000","2019-08-02 09:45:14.000000",1.0,3.7,1.0,N,264.0,234.0,1.0,15.5,2.5,0.5,1.0,0.0,0.3,19.8,2.5
1.0,"2019-08-02 10:20:20.000000","2019-08-02 10:34:47.000000",1.0,1.7,1.0,N,264.0,234.0,2.0,10.0,2.5,0.5,0.0,0.0,0.3,13.3,2.5
2.0,"2019-08-02 11:13:41.000000","2019-08-02 11:30:21.000000",1.0,2.24,1.0,N,264.0,234.0,1.0,12.0,0.0,0.5,1.0,0.0,0.3,16.3,2.5
2.0,"2019-08-02 11:06:19.000000","2019-08-02 11:27:49.000000",2.0,1.8,1.0,N,264.0,234.0,2.0,13.5,0.0,0.5,0.0,0.0,0.3,16.8,2.5
1.0,"2019-08-02 12:26:33.000000","2019-08-02 12:40:37.000000",1.0,1.5,1.0,N,264.0,234.0,1.0,10.0,2.5,0.5,1.0,0.0,0.3,14.3,2.5
1.0,"2019-08-02 12:58:21.000000","2019-08-02 13:06:05.000000",1.0,0.7,1.0,N,264.0,234.0,1.0,6.5,2.5,0.5,1.96,0.0,0.3,11.76,2.5
2.0,"2019-08-02 13:28:31.000000","2019-08-02 13:42:26.000000",1.0,1.95,1.0,N,264.0,234.0,1.0,10.0,0.0,0.5,2.0,0.0,0.3,15.3,2.5
1.0,"2019-08-02 15:06:40.000000","2019-08-02 15:26:13.000000",1.0,1.3,1.0,N,264.0,234.0,2.0,13.0,2.5,0.5,0.0,0.0,0.3,16.3,2.5
2.0,"2019-08-02 16:37:58.000000","2019-08-02 16:44:51.000000",1.0,0.85,1.0,N,264.0,234.0,1.0,6.5,1.0,0.5,2.0,0.0,0.3,12.8,2.5
2.0,"2019-08-02 17:45:17.000000","2019-08-02 18:34:54.000000",2.0,17.45,2.0,N,264.0,234.0,1.0,52.0,4.5,0.5,16.48,6.12,0.3,82.4,2.5
2.0,"2019-08-02 18:25:49.000000","2019-08-02 18:38:33.000000",1.0,2.21,1.0,N,264.0,234.0,1.0,10.5,1.0,0.5,1.0,0.0,0.3,13.3,0.0
2.0,"2019-08-02 21:40:43.000000","2019-08-02 21:44:00.000000",1.0,0.47,1.0,N,264.0,234.0,1.0,4.0,0.5,0.5,0.0,0.0,0.3,7.8,2.5
1.0,"2019-08-03 08:28:50.000000","2019-08-03 08:30:35.000000",1.0,0.2,1.0,N,264.0,234.0,1.0,3.5,2.5,0.5,0.68,0.0,0.3,7.48,2.5
1.0,"2019-08-03 12:31:40.000000","2019-08-03 13:01:42.000000",1.0,6.4,1.0,Y,264.0,234.0,1.0,25.5,0.0,0.5,0.0,0.0,0.3,26.3,0.0
1.0,"2019-08-03 14:56:25.000000","2019-08-03 15:01:21.000000",1.0,0.7,1.0,N,264.0,234.0,2.0,5.0,2.5,0.5,0.0,0.0,0.3,8.3,2.5
1.0,"2019-08-03 16:24:28.000000","2019-08-03 16:32:40.000000",4.0,0.9,1.0,N,264.0,234.0,2.0,7.0,2.5,0.5,0.0,0.0,0.3,10.3,2.5
1.0,"2019-08-03 17:08:28.000000","2019-08-03 17:14:52.000000",1.0,0.8,1.0,N,264.0,234.0,2.0,5.5,2.5,0.5,0.0,0.0,0.3,8.8,2.5
1.0,"2019-08-03 17:44:32.000000","2019-08-03 17:51:15.000000",1.0,0.9,1.0,N,264.0,234.0,1.0,6.5,2.5,0.5,1.47,0.0,0.3,11.27,2.5
2.0,"2019-08-03 19:53:26.000000","2019-08-03 20:13:38.000000",2.0,4.77,1.0,N,264.0,234.0,1.0,17.5,0.0,0.5,4.16,0.0,0.3,24.96,2.5
1.0,"2019-08-03 21:57:39.000000","2019-08-03 22:08:07.000000",1.0,1.6,1.0,Y,264.0,234.0,1.0,8.5,3.0,0.5,2.45,0.0,0.3,14.75,2.5
1.0,"2019-08-03 21:34:44.000000","2019-08-03 21:43:38.000000",1.0,1.5,1.0,N,264.0,234.0,2.0,7.5,3.0,0.5,0.0,0.0,0.3,11.3,2.5
1.0,"2019-08-04 10:33:22.000000","2019-08-04 10:38:34.000000",0.0,1.4,1.0,N,264.0,234.0,1.0,6.5,2.5,0.5,1.95,0.0,0.3,11.75,2.5
1.0,"2019-08-04 13:33:20.000000","2019-08-04 13:59:57.000000",1.0,1.1,1.0,N,264.0,234.0,1.0,16.0,2.5,0.5,1.93,0.0,0.3,21.23,2.5
2.0,"2019-08-04 19:07:04.000000","2019-08-04 19:26:08.000000",2.0,3.03,1.0,N,264.0,234.0,1.0,14.5,0.0,0.5,3.0,0.0,0.3,20.8,2.5
1.0,"2019-08-04 22:46:30.000000","2019-08-04 22:50:48.000000",2.0,0.7,1.0,N,264.0,234.0,2.0,5.0,3.0,0.5,0.0,0.0,0.3,8.8,2.5
1.0,"2019-08-05 07:42:20.000000","2019-08-05 07:44:13.000000",1.0,0.2,1.0,Y,264.0,234.0,1.0,3.5,2.5,0.5,1.0,0.0,0.3,7.8,2.5
2.0,"2019-08-05 10:22:25.000000","2019-08-05 10:50:34.000000",1.0,4.17,1.0,N,264.0,234.0,1.0,20.0,0.0,0.5,4.66,0.0,0.3,27.96,2.5
1.0,"2019-08-05 10:13:22.000000","2019-08-05 10:37:48.000000",1.0,1.3,1.0,N,264.0,234.0,1.0,15.0,2.5,0.5,0.0,0.0,0.3,18.3,2.5
1.0,"2019-08-05 11:12:09.000000","2019-08-05 11:22:52.000000",1.0,1.6,1.0,N,264.0,234.0,1.0,8.5,2.5,0.5,2.35,0.0,0.3,14.15,2.5
1.0,"2019-08-05 13:31:30.000000","2019-08-05 13:35:56.000000",1.0,0.8,1.0,N,264.0,234.0,1.0,5.0,2.5,0.5,1.65,0.0,0.3,9.95,2.5
1.0,"2019-08-05 14:05:08.000000","2019-08-05 14:11:14.000000",1.0,0.8,1.0,N,264.0,234.0,2.0,6.0,2.5,0.5,0.0,0.0,0.3,9.3,2.5
1.0,"2019-08-05 15:15:32.000000","2019-08-05 15:21:00.000000",1.0,1.1,1.0,N,264.0,234.0,1.0,6.0,2.5,0.5,2.75,0.0,0.3,12.05,2.5
2.0,"2019-08-05 15:34:33.000000","2019-08-05 15:47:28.000000",4.0,2.13,1.0,N,264.0,234.0,2.0,11.0,0.0,0.5,0.0,0.0,0.3,14.3,2.5
1.0,"2019-08-05 17:49:32.000000","2019-08-05 18:07:52.000000",1.0,1.7,1.0,N,264.0,234.0,1.0,12.5,3.5,0.5,2.0,0.0,0.3,18.8,2.5
1.0,"2019-08-05 17:41:18.000000","2019-08-05 17:59:01.000000",1.0,1.9,1.0,Y,264.0,234.0,1.0,12.0,3.5,0.5,1.0,0.0,0.3,17.3,2.5
2.0,"2019-08-05 18:37:53.000000","2019-08-05 18:56:32.000000",2.0,2.02,1.0,N,264.0,234.0,1.0,12.5,1.0,0.5,3.36,0.0,0.3,20.16,2.5
1.0,"2019-08-05 19:40:51.000000","2019-08-05 19:46:31.000000",1.0,1.0,1.0,N,264.0,234.0,1.0,6.0,3.5,0.5,2.05,0.0,0.3,12.35,2.5
1.0,"2019-08-05 20:47:10.000000","2019-08-05 20:57:02.000000",1.0,1.4,1.0,N,264.0,234.0,1.0,8.0,3.0,0.5,2.35,0.0,0.3,14.15,2.5
1.0,"2019-08-05 21:57:29.000000","2019-08-05 22:04:47.000000",2.0,1.7,1.0,N,264.0,234.0,1.0,7.5,3.0,0.5,2.25,0.0,0.3,13.55,2.5
1.0,"2019-08-06 06:13:46.000000","2019-08-06 06:22:30.000000",1.0,1.7,1.0,N,264.0,234.0,1.0,8.5,2.5,0.5,1.0,0.0,0.3,12.8,2.5
1.0,"2019-08-06 11:39:51.000000","2019-08-06 11:52:42.000000",2.0,1.3,1.0,N,264.0,234.0,2.0,9.5,2.5,0.5,0.0,0.0,0.3,12.8,2.5
1.0,"2019-08-06 11:03:50.000000","2019-08-06 11:10:34.000000",1.0,1.1,1.0,N,264.0,234.0,2.0,6.5,2.5,0.5,0.0,0.0,0.3,9.8,2.5
2.0,"2019-08-06 12:58:05.000000","2019-08-06 13:10:34.000000",1.0,1.44,1.0,N,264.0,234.0,1.0,9.5,0.0,0.5,2.0,0.0,0.3,14.8,2.5
1.0,"2019-08-06 13:10:53.000000","2019-08-06 13:17:16.000000",1.0,0.6,1.0,N,264.0,234.0,1.0,6.0,2.5,0.5,2.0,0.0,0.3,11.3,2.5
2.0,"2019-08-06 15:41:21.000000","2019-08-06 16:02:56.000000",1.0,1.87,1.0,N,264.0,234.0,2.0,14.0,0.0,0.5,0.0,0.0,0.3,17.3,2.5
2.0,"2019-08-06 16:21:09.000000","2019-08-06 16:30:47.000000",1.0,1.07,1.0,N,264.0,234.0,1.0,7.5,1.0,0.5,2.36,0.0,0.3,14.16,2.5
1.0,"2019-08-06 16:52:38.000000","2019-08-06 17:14:41.000000",1.0,1.8,1.0,N,264.0,234.0,1.0,14.0,3.5,0.5,3.65,0.0,0.3,21.95,2.5
1.0,"2019-08-06 16:44:11.000000","2019-08-06 16:59:41.000000",1.0,2.1,1.0,N,264.0,234.0,1.0,11.5,3.5,0.5,3.15,0.0,0.3,18.95,2.5
2.0,"2019-08-06 18:59:59.000000","2019-08-06 19:06:03.000000",1.0,0.69,1.0,N,264.0,234.0,1.0,6.0,1.0,0.5,2.06,0.0,0.3,12.36,2.5
1.0,"2019-08-06 18:04:51.000000","2019-08-06 18:13:24.000000",3.0,0.8,1.0,N,264.0,234.0,1.0,7.0,3.5,0.5,2.25,0.0,0.3,13.55,2.5
2.0,"2019-08-06 19:11:56.000000","2019-08-06 19:29:05.000000",1.0,1.94,1.0,N,264.0,234.0,1.0,11.5,1.0,0.5,3.16,0.0,0.3,18.96,2.5
1.0,"2019-08-06 19:35:17.000000","2019-08-06 19:41:33.000000",1.0,1.2,1.0,N,264.0,234.0,1.0,6.0,3.5,0.5,1.0,0.0,0.3,11.3,2.5
1.0,"2019-08-06 19:39:31.000000","2019-08-06 20:00:24.000000",1.0,2.6,1.0,N,264.0,234.0,2.0,15.0,3.5,0.5,0.0,0.0,0.3,19.3,2.5
1.0,"2019-08-06 20:31:46.000000","2019-08-06 20:48:39.000000",1.0,3.0,1.0,N,264.0,234.0,1.0,13.5,3.0,0.5,3.45,0.0,0.3,20.75,2.5
2.0,"2019-08-06 22:59:05.000000","2019-08-06 22:59:33.000000",1.0,0.11,1.0,N,264.0,234.0,1.0,2.5,0.5,0.5,1.26,0.0,0.3,7.56,2.5
2.0,"2019-08-07 05:46:09.000000","2019-08-07 05:56:29.000000",1.0,3.3,1.0,N,264.0,234.0,1.0,11.5,0.5,0.5,3.06,0.0,0.3,18.36,2.5
1.0,"2019-08-07 07:36:01.000000","2019-08-07 07:41:45.000000",1.0,1.0,1.0,N,264.0,234.0,1.0,6.0,2.5,0.5,1.85,0.0,0.3,11.15,2.5
1.0,"2019-08-07 07:54:24.000000","2019-08-07 07:59:26.000000",1.0,0.8,1.0,N,264.0,234.0,1.0,5.5,2.5,0.5,1.75,0.0,0.3,10.55,2.5
2.0,"2019-08-07 10:23:15.000000","2019-08-07 10:45:15.000000",4.0,1.46,1.0,N,264.0,234.0,1.0,13.5,0.0,0.5,3.36,0.0,0.3,20.16,2.5
1.0,"2019-08-07 11:37:25.000000","2019-08-07 11:47:07.000000",1.0,1.1,1.0,N,264.0,234.0,1.0,8.0,2.5,0.5,2.25,0.0,0.3,13.55,2.5
1.0,"2019-08-07 11:58:19.000000","2019-08-07 12:03:19.000000",1.0,0.5,1.0,N,264.0,234.0,2.0,5.0,2.5,0.5,0.0,0.0,0.3,8.3,2.5
1.0,"2019-08-07 12:11:29.000000","2019-08-07 12:19:21.000000",1.0,0.9,1.0,N,264.0,234.0,1.0,6.5,2.5,0.5,1.95,0.0,0.3,11.75,2.5
2.0,"2019-08-07 12:13:11.000000","2019-08-07 12:22:07.000000",1.0,1.29,1.0,N,264.0,234.0,2.0,7.5,0.0,0.5,0.0,0.0,0.3,10.8,2.5
1.0,"2019-08-07 13:47:14.000000","2019-08-07 13:50:53.000000",1.0,0.4,1.0,N,264.0,234.0,1.0,4.5,2.5,0.5,0.0,0.0,0.3,7.8,2.5
2.0,"2019-08-07 14:50:48.000000","2019-08-07 14:59:56.000000",2.0,1.1,1.0,N,264.0,234.0,2.0,7.5,0.0,0.5,0.0,0.0,0.3,10.8,2.5
1.0,"2019-08-07 17:49:49.000000","2019-08-07 17:55:55.000000",1.0,0.9,1.0,N,264.0,234.0,1.0,6.0,3.5,0.5,1.0,0.0,0.3,11.3,2.5
2.0,"2019-08-07 18:08:13.000000","2019-08-07 18:43:41.000000",1.0,2.21,1.0,N,264.0,234.0,1.0,21.0,1.0,0.5,7.59,0.0,0.3,32.89,2.5
1.0,"2019-08-07 18:26:24.000000","2019-08-07 18:43:56.000000",1.0,1.8,1.0,N,264.0,234.0,1.0,12.0,3.5,0.5,4.05,0.0,0.3,20.35,2.5
1.0,"2019-08-08 08:35:55.000000","2019-08-08 09:01:37.000000",1.0,3.2,1.0,N,264.0,234.0,1.0,17.5,2.5,0.5,2.08,0.0,0.3,22.88,2.5
1.0,"2019-08-08 09:11:42.000000","2019-08-08 09:26:48.000000",1.0,1.7,1.0,N,264.0,234.0,1.0,11.0,2.5,0.5,2.85,0.0,0.3,17.15,2.5
2.0,"2019-08-08 10:36:07.000000","2019-08-08 10:50:14.000000",1.0,1.44,1.0,N,264.0,234.0,1.0,10.0,0.0,0.5,2.66,0.0,0.3,15.96,2.5
1.0,"2019-08-08 10:31:20.000000","2019-08-08 10:40:57.000000",1.0,1.5,1.0,N,264.0,234.0,1.0,8.5,2.5,0.5,1.77,0.0,0.3,13.57,2.5
2.0,"2019-08-08 10:23:50.000000","2019-08-08 10:52:09.000000",1.0,2.4,1.0,N,264.0,234.0,2.0,17.5,0.0,0.5,0.0,0.0,0.3,20.8,2.5
1.0,"2019-08-08 10:31:27.000000","2019-08-08 10:47:58.000000",1.0,2.1,1.0,N,264.0,234.0,1.0,11.5,2.5,0.5,3.0,0.0,0.3,17.8,2.5
2.0,"2019-08-08 11:45:19.000000","2019-08-08 11:58:53.000000",1.0,1.54,1.0,N,264.0,234.0,1.0,10.0,0.0,0.5,2.0,0.0,0.3,15.3,2.5
2.0,"2019-08-08 12:33:07.000000","2019-08-08 12:45:58.000000",4.0,0.97,1.0,N,264.0,234.0,1.0,9.0,0.0,0.5,2.46,0.0,0.3,14.76,2.5
2.0,"2019-08-08 13:46:16.000000","2019-08-08 14:06:29.000000",2.0,2.47,1.0,N,264.0,234.0,1.0,13.5,0.0,0.5,3.36,0.0,0.3,20.16,2.5
1.0,"2019-08-08 13:10:55.000000","2019-08-08 13:19:11.000000",1.0,0.6,1.0,N,264.0,234.0,1.0,6.5,2.5,0.5,1.95,0.0,0.3,11.75,2.5
1.0,"2019-08-08 15:24:02.000000","2019-08-08 15:28:44.000000",1.0,0.4,1.0,N,264.0,234.0,1.0,5.0,2.5,0.5,2.45,0.0,0.3,10.75,2.5
2.0,"2019-08-08 16:01:55.000000","2019-08-08 16:17:49.000000",1.0,2.38,1.0,N,264.0,234.0,1.0,11.5,0.0,0.5,2.96,0.0,0.3,17.76,2.5
2.0,"2019-08-08 16:47:18.000000","2019-08-08 16:51:04.000000",1.0,0.71,1.0,N,264.0,234.0,1.0,4.5,1.0,0.5,1.76,0.0,0.3,10.56,2.5
1.0,"2019-08-08 17:08:19.000000","2019-08-08 17:39:23.000000",1.0,2.9,1.0,N,264.0,234.0,2.0,19.5,3.5,0.5,0.0,0.0,0.3,23.8,2.5
2.0,"2019-08-08 18:49:39.000000","2019-08-08 18:52:04.000000",1.0,0.63,1.0,N,264.0,234.0,1.0,4.0,1.0,0.5,2.08,0.0,0.3,10.38,2.5
1.0,"2019-08-08 18:45:41.000000","2019-08-08 18:59:11.000000",2.0,1.6,1.0,N,264.0,234.0,2.0,10.5,3.5,0.5,0.0,0.0,0.3,14.8,2.5
2.0,"2019-08-08 20:08:54.000000","2019-08-08 20:20:19.000000",2.0,1.49,1.0,N,264.0,234.0,2.0,8.5,0.5,0.5,0.0,0.0,0.3,12.3,2.5
1.0,"2019-08-09 00:20:44.000000","2019-08-09 00:32:01.000000",1.0,1.6,1.0,N,264.0,234.0,1.0,9.0,3.0,0.5,2.55,0.0,0.3,15.35,2.5
1.0,"2019-08-09 09:07:55.000000","2019-08-09 09:13:48.000000",1.0,1.0,1.0,Y,264.0,234.0,1.0,6.0,2.5,0.5,1.85,0.0,0.3,11.15,2.5
1.0,"2019-08-09 10:37:04.000000","2019-08-09 10:57:57.000000",1.0,1.9,1.0,N,264.0,234.0,1.0,13.5,2.5,0.5,3.36,0.0,0.3,20.16,2.5
1.0,"2019-08-09 11:57:31.000000","2019-08-09 12:12:28.000000",1.0,1.3,1.0,N,264.0,234.0,2.0,10.5,2.5,0.5,0.0,0.0,0.3,13.8,2.5
2.0,"2019-08-09 13:19:11.000000","2019-08-09 13:44:44.000000",1.0,5.69,1.0,N,264.0,234.0,1.0,21.5,0.0,0.5,4.96,0.0,0.3,29.76,2.5
2.0,"2019-08-09 13:26:44.000000","2019-08-09 13:40:21.000000",1.0,1.2,1.0,N,264.0,234.0,1.0,10.0,0.0,0.5,2.0,0.0,0.3,15.3,2.5
1.0,"2019-08-09 13:26:33.000000","2019-08-09 13:49:16.000000",1.0,3.3,1.0,N,264.0,234.0,1.0,17.0,2.5,0.5,4.05,0.0,0.3,24.35,2.5
1.0,"2019-08-09 13:33:58.000000","2019-08-09 13:42:02.000000",1.0,1.2,1.0,N,264.0,234.0,1.0,7.0,2.5,0.5,1.7,0.0,0.3,12.0,2.5
2.0,"2019-08-09 15:23:45.000000","2019-08-09 15:45:38.000000",1.0,2.09,1.0,N,264.0,234.0,1.0,14.5,0.0,0.5,3.56,0.0,0.3,21.36,2.5
2.0,"2019-08-09 16:19:35.000000","2019-08-09 16:33:29.000000",2.0,1.97,1.0,N,264.0,234.0,1.0,11.0,1.0,0.5,1.75,0.0,0.3,17.05,2.5
1.0,"2019-08-09 17:24:09.000000","2019-08-09 17:34:17.000000",4.0,0.7,1.0,N,264.0,234.0,2.0,7.5,3.5,0.5,0.0,0.0,0.3,11.8,2.5
1.0,"2019-08-09 17:58:55.000000","2019-08-09 18:04:19.000000",1.0,0.6,1.0,N,264.0,234.0,1.0,5.5,3.5,0.5,1.0,0.0,0.3,10.8,2.5
1.0,"2019-08-09 18:31:17.000000","2019-08-09 18:41:52.000000",1.0,1.2,1.0,N,264.0,234.0,1.0,8.0,3.5,0.5,2.45,0.0,0.3,14.75,2.5
2.0,"2019-08-09 18:14:14.000000","2019-08-09 18:28:35.000000",1.0,1.43,1.0,N,264.0,234.0,2.0,10.0,1.0,0.5,0.0,0.0,0.3,14.3,2.5
2.0,"2019-08-09 19:52:48.000000","2019-08-09 20:01:30.000000",1.0,1.02,1.0,N,264.0,234.0,1.0,7.5,1.0,0.5,2.36,0.0,0.3,14.16,2.5
1.0,"2019-08-09 19:51:10.000000","2019-08-09 20:04:40.000000",4.0,1.7,1.0,N,264.0,234.0,1.0,10.0,3.5,0.5,2.5,0.0,0.3,16.8,2.5
1.0,"2019-08-09 23:59:08.000000","2019-08-10 00:10:10.000000",2.0,1.9,1.0,N,264.0,234.0,2.0,9.5,3.0,0.5,0.0,0.0,0.3,13.3,2.5
1.0,"2019-08-09 23:31:40.000000","2019-08-09 23:43:12.000000",2.0,1.8,1.0,N,264.0,234.0,2.0,9.5,3.0,0.5,0.0,0.0,0.3,13.3,2.5
1.0,"2019-08-10 15:49:51.000000","2019-08-10 16:04:55.000000",1.0,3.2,1.0,N,264.0,234.0,1.0,13.5,2.5,0.5,4.2,0.0,0.3,21.0,2.5
2.0,"2019-08-10 17:12:03.000000","2019-08-10 17:26:41.000000",1.0,2.6,1.0,N,264.0,234.0,1.0,12.0,0.0,0.5,2.0,0.0,0.3,17.3,2.5
1.0,"2019-08-10 18:07:28.000000","2019-08-10 18:21:06.000000",1.0,1.8,1.0,N,264.0,234.0,1.0,10.5,2.5,0.5,2.0,0.0,0.3,15.8,2.5
1.0,"2019-08-10 19:23:30.000000","2019-08-10 19:29:15.000000",2.0,1.2,1.0,N,264.0,234.0,1.0,6.0,2.5,0.5,0.93,0.0,0.3,10.23,2.5
2.0,"2019-08-10 20:46:57.000000","2019-08-10 20:55:04.000000",1.0,1.17,1.0,N,264.0,234.0,2.0,7.0,0.5,0.5,0.0,0.0,0.3,10.8,2.5
2.0,"2019-08-10 20:26:33.000000","2019-08-10 20:26:40.000000",2.0,0.03,2.0,N,264.0,234.0,2.0,52.0,0.0,0.5,0.0,0.0,0.3,52.8,0.0
1.0,"2019-08-10 21:20:37.000000","2019-08-10 21:35:24.000000",2.0,2.5,1.0,N,264.0,234.0,1.0,12.0,3.0,0.5,3.16,0.0,0.3,18.96,2.5
1.0,"2019-08-10 23:14:06.000000","2019-08-10 23:19:01.000000",1.0,1.1,1.0,N,264.0,234.0,1.0,5.5,3.0,0.5,2.0,0.0,0.3,11.3,2.5
1.0,"2019-08-11 01:45:40.000000","2019-08-11 01:51:56.000000",1.0,1.0,1.0,N,264.0,234.0,1.0,6.5,3.0,0.5,2.05,0.0,0.3,12.35,2.5
1.0,"2019-08-11 15:52:04.000000","2019-08-11 16:10:00.000000",2.0,1.4,1.0,N,264.0,234.0,1.0,12.0,2.5,0.5,3.05,0.0,0.3,18.35,2.5
1.0,"2019-08-11 15:00:32.000000","2019-08-11 15:12:29.000000",1.0,2.6,1.0,N,264.0,234.0,1.0,10.5,2.5,0.5,1.3,0.0,0.3,15.1,2.5
1.0,"2019-08-11 15:33:03.000000","2019-08-11 15:37:41.000000",0.0,0.8,1.0,N,264.0,234.0,1.0,5.5,2.5,0.5,1.0,0.0,0.3,9.8,2.5
1.0,"2019-08-11 17:56:55.000000","2019-08-11 18:10:08.000000",1.0,1.4,1.0,N,264.0,234.0,1.0,10.0,2.5,0.5,1.0,0.0,0.3,14.3,2.5
1.0,"2019-08-11 22:17:57.000000","2019-08-11 22:26:17.000000",2.0,1.6,1.0,N,264.0,234.0,1.0,8.0,3.0,0.5,2.36,0.0,0.3,14.16,2.5
1.0,"2019-08-11 22:13:52.000000","2019-08-11 22:16:54.000000",2.0,0.5,1.0,N,264.0,234.0,2.0,4.0,3.0,0.5,0.0,0.0,0.3,7.8,2.5
1.0,"2019-08-12 07:11:04.000000","2019-08-12 07:21:32.000000",1.0,2.4,1.0,N,264.0,234.0,1.0,10.0,2.5,0.5,2.65,0.0,0.3,15.95,2.5
2.0,"2019-08-12 09:43:47.000000","2019-08-12 10:03:45.000000",1.0,2.22,1.0,N,264.0,234.0,2.0,13.5,0.0,0.5,0.0,0.0,0.3,16.8,2.5
1.0,"2019-08-12 09:11:19.000000","2019-08-12 09:16:16.000000",1.0,0.9,1.0,N,264.0,234.0,1.0,5.5,2.5,0.5,1.75,0.0,0.3,10.55,2.5
1.0,"2019-08-12 11:20:46.000000","2019-08-12 11:37:31.000000",1.0,2.5,1.0,N,264.0,234.0,2.0,12.5,2.5,0.5,0.0,0.0,0.3,15.8,2.5
1.0,"2019-08-12 11:41:04.000000","2019-08-12 11:56:51.000000",1.0,2.8,1.0,Y,264.0,234.0,1.0,12.5,2.5,0.5,2.0,0.0,0.3,17.8,2.5
1.0,"2019-08-12 12:24:37.000000","2019-08-12 12:31:11.000000",1.0,0.6,1.0,N,264.0,234.0,1.0,6.0,2.5,0.5,1.85,0.0,0.3,11.15,2.5
1.0,"2019-08-12 12:15:53.000000","2019-08-12 12:21:29.000000",1.0,0.9,1.0,N,264.0,234.0,1.0,6.0,2.5,0.5,1.86,0.0,0.3,11.16,2.5
1.0,"2019-08-12 15:23:28.000000","2019-08-12 15:38:14.000000",1.0,1.3,1.0,N,264.0,234.0,1.0,10.5,2.5,0.5,2.75,0.0,0.3,16.55,2.5
2.0,"2019-08-12 17:38:43.000000","2019-08-12 18:01:41.000000",2.0,1.62,1.0,N,264.0,234.0,1.0,14.5,1.0,0.5,3.76,0.0,0.3,22.56,2.5
1.0,"2019-08-12 19:57:14.000000","2019-08-12 20:21:19.000000",4.0,4.7,1.0,N,264.0,234.0,1.0,19.0,3.5,0.5,4.65,0.0,0.3,27.95,2.5
1.0,"2019-08-12 19:05:49.000000","2019-08-12 19:08:57.000000",1.0,0.5,1.0,Y,264.0,234.0,1.0,4.0,3.5,0.5,1.7,0.0,0.3,10.0,2.5
2.0,"2019-08-12 20:40:51.000000","2019-08-12 20:53:25.000000",1.0,2.09,1.0,N,264.0,234.0,1.0,10.5,0.5,0.5,2.86,0.0,0.3,17.16,2.5
1.0,"2019-08-12 22:15:58.000000","2019-08-12 22:24:55.000000",1.0,1.4,1.0,N,264.0,234.0,2.0,8.0,3.0,0.5,0.0,0.0,0.3,11.8,2.5
2.0,"2019-08-12 23:50:00.000000","2019-08-12 23:55:48.000000",1.0,1.69,1.0,N,264.0,234.0,1.0,7.0,0.5,0.5,2.7,0.0,0.3,13.5,2.5
2.0,"2019-08-13 06:01:05.000000","2019-08-13 06:06:58.000000",1.0,0.78,1.0,N,264.0,234.0,1.0,6.0,0.5,0.5,1.47,0.0,0.3,11.27,2.5
1.0,"2019-08-13 07:26:06.000000","2019-08-13 07:35:09.000000",1.0,2.1,1.0,N,264.0,234.0,1.0,9.0,2.5,0.5,1.5,0.0,0.3,13.8,2.5
1.0,"2019-08-13 07:38:03.000000","2019-08-13 07:45:39.000000",1.0,0.8,1.0,N,264.0,234.0,1.0,6.5,2.5,0.5,0.0,0.0,0.3,9.8,2.5
2.0,"2019-08-13 08:51:14.000000","2019-08-13 09:05:59.000000",1.0,1.88,1.0,N,264.0,234.0,2.0,10.5,0.0,0.5,0.0,0.0,0.3,13.8,2.5
1.0,"2019-08-13 10:19:31.000000","2019-08-13 10:39:08.000000",1.0,1.9,1.0,N,264.0,234.0,2.0,13.0,2.5,0.5,0.0,0.0,0.3,16.3,2.5
1.0,"2019-08-13 10:06:36.000000","2019-08-13 10:21:34.000000",1.0,1.5,1.0,N,264.0,234.0,1.0,11.0,2.5,0.5,1.0,0.0,0.3,15.3,2.5
1.0,"2019-08-13 11:44:41.000000","2019-08-13 11:55:48.000000",2.0,0.9,1.0,N,264.0,234.0,2.0,8.0,2.5,0.5,0.0,0.0,0.3,11.3,2.5
1.0,"2019-08-13 12:32:29.000000","2019-08-13 13:00:47.000000",2.0,4.8,1.0,N,264.0,234.0,2.0,22.0,2.5,0.5,0.0,0.0,0.3,25.3,2.5
1.0,"2019-08-13 12:10:41.000000","2019-08-13 12:12:45.000000",1.0,0.3,1.0,N,264.0,234.0,1.0,3.5,2.5,0.5,1.36,0.0,0.3,8.16,2.5
1.0,"2019-08-13 12:06:48.000000","2019-08-13 12:17:29.000000",1.0,1.6,1.0,N,264.0,234.0,1.0,8.5,2.5,0.5,2.35,0.0,0.3,14.15,2.5
1.0,"2019-08-13 13:47:48.000000","2019-08-13 14:00:20.000000",1.0,2.2,1.0,N,264.0,234.0,1.0,10.5,2.5,0.5,2.75,0.0,0.3,16.55,2.5
2.0,"2019-08-13 14:03:39.000000","2019-08-13 14:24:04.000000",1.0,1.95,1.0,N,264.0,234.0,1.0,13.5,0.0,0.5,3.36,0.0,0.3,20.16,2.5
2.0,"2019-08-13 15:55:36.000000","2019-08-13 16:21:29.000000",1.0,4.49,1.0,N,264.0,234.0,1.0,21.0,0.0,0.5,4.86,0.0,0.3,29.16,2.5
2.0,"2019-08-13 15:01:44.000000","2019-08-13 15:24:08.000000",1.0,3.99,1.0,N,264.0,234.0,2.0,18.0,0.0,0.5,0.0,0.0,0.3,21.3,2.5
2.0,"2019-08-13 18:05:05.000000","2019-08-13 18:28:01.000000",4.0,2.01,1.0,N,264.0,234.0,1.0,15.0,1.0,0.5,3.86,0.0,0.3,23.16,2.5
1.0,"2019-08-13 18:05:59.000000","2019-08-13 18:26:29.000000",1.0,1.8,1.0,N,264.0,234.0,1.0,13.5,3.5,0.5,3.55,0.0,0.3,21.35,2.5
2.0,"2019-08-13 18:38:36.000000","2019-08-13 18:44:02.000000",2.0,1.2,1.0,N,264.0,234.0,1.0,6.0,1.0,0.5,1.0,0.0,0.3,11.3,2.5
2.0,"2019-08-13 19:30:57.000000","2019-08-13 19:45:40.000000",1.0,2.53,1.0,N,264.0,234.0,2.0,11.5,1.0,0.5,0.0,0.0,0.3,15.8,2.5
2.0,"2019-08-13 19:30:18.000000","2019-08-13 19:32:51.000000",1.0,0.49,1.0,N,264.0,234.0,1.0,3.5,1.0,0.5,1.56,0.0,0.3,9.36,2.5
2.0,"2019-08-13 20:46:57.000000","2019-08-13 20:51:41.000000",1.0,1.21,1.0,N,264.0,234.0,1.0,6.0,0.5,0.5,1.96,0.0,0.3,11.76,2.5
1.0,"2019-08-14 07:47:56.000000","2019-08-14 07:52:54.000000",1.0,0.8,1.0,N,264.0,234.0,1.0,5.5,2.5,0.5,2.2,0.0,0.3,11.0,2.5
1.0,"2019-08-14 08:26:59.000000","2019-08-14 08:38:38.000000",1.0,1.3,1.0,N,264.0,234.0,2.0,9.0,2.5,0.5,0.0,0.0,0.3,12.3,2.5
2.0,"2019-08-14 08:50:47.000000","2019-08-14 09:06:24.000000",1.0,1.62,1.0,N,264.0,234.0,2.0,10.5,0.0,0.5,0.0,0.0,0.3,13.8,2.5
1.0,"2019-08-14 09:15:58.000000","2019-08-14 09:27:10.000000",1.0,1.9,1.0,N,264.0,234.0,1.0,9.0,2.5,0.5,2.45,0.0,0.3,14.75,2.5
2.0,"2019-08-14 09:51:07.000000","2019-08-14 10:11:42.000000",1.0,2.0,1.0,N,264.0,234.0,1.0,13.5,0.0,0.5,3.36,0.0,0.3,20.16,2.5
1.0,"2019-08-14 12:28:25.000000","2019-08-14 12:48:52.000000",1.0,1.5,1.0,N,264.0,234.0,1.0,13.0,2.5,0.5,2.5,0.0,0.3,18.8,2.5
1.0,"2019-08-14 12:25:48.000000","2019-08-14 12:56:00.000000",1.0,2.6,1.0,N,264.0,234.0,2.0,18.5,2.5,0.5,0.0,0.0,0.3,21.8,2.5
1.0,"2019-08-14 15:18:22.000000","2019-08-14 15:38:21.000000",1.0,2.0,1.0,N,264.0,234.0,1.0,13.5,2.5,0.5,3.35,0.0,0.3,20.15,2.5
2.0,"2019-08-14 15:04:57.000000","2019-08-14 15:13:29.000000",1.0,1.23,1.0,N,264.0,234.0,1.0,7.0,0.0,0.5,2.06,0.0,0.3,12.36,2.5
1.0,"2019-08-14 16:03:37.000000","2019-08-14 16:09:18.000000",1.0,1.0,1.0,N,264.0,234.0,1.0,6.0,3.5,0.5,3.05,0.0,0.3,13.35,2.5
2.0,"2019-08-14 17:54:05.000000","2019-08-14 18:05:31.000000",1.0,1.34,1.0,N,264.0,234.0,2.0,9.0,1.0,0.5,0.0,0.0,0.3,13.3,2.5
2.0,"2019-08-14 18:37:49.000000","2019-08-14 18:58:31.000000",1.0,1.64,1.0,N,264.0,234.0,1.0,13.5,1.0,0.5,2.0,0.0,0.3,19.8,2.5
1.0,"2019-08-14 18:51:10.000000","2019-08-14 19:08:46.000000",2.0,3.6,1.0,N,264.0,234.0,1.0,15.5,3.5,0.5,3.95,0.0,0.3,23.75,2.5
1.0,"2019-08-14 19:41:18.000000","2019-08-14 19:50:31.000000",1.0,1.2,1.0,N,264.0,234.0,1.0,7.5,3.5,0.5,2.95,0.0,0.3,14.75,2.5
2.0,"2019-08-14 19:48:17.000000","2019-08-14 20:00:55.000000",1.0,1.81,1.0,N,264.0,234.0,1.0,10.5,1.0,0.5,2.96,0.0,0.3,17.76,2.5
1.0,"2019-08-14 19:18:06.000000","2019-08-14 19:34:02.000000",1.0,1.8,1.0,N,264.0,234.0,1.0,11.0,3.5,0.5,1.0,0.0,0.3,16.3,2.5
1.0,"2019-08-15 06:51:41.000000","2019-08-15 06:55:47.000000",1.0,0.7,1.0,N,264.0,234.0,1.0,5.0,2.5,0.5,1.0,0.0,0.3,9.3,2.5
1.0,"2019-08-15 11:52:19.000000","2019-08-15 12:03:42.000000",1.0,1.0,1.0,N,264.0,234.0,1.0,8.5,2.5,0.5,2.35,0.0,0.3,14.15,2.5
1.0,"2019-08-15 12:22:38.000000","2019-08-15 12:32:57.000000",1.0,0.7,1.0,Y,264.0,234.0,1.0,8.0,2.5,0.5,2.25,0.0,0.3,13.55,2.5
2.0,"2019-08-15 12:08:54.000000","2019-08-15 12:22:43.000000",1.0,1.19,1.0,N,264.0,234.0,1.0,9.5,0.0,0.5,2.56,0.0,0.3,15.36,2.5
1.0,"2019-08-15 15:25:55.000000","2019-08-15 15:36:35.000000",1.0,1.6,1.0,N,264.0,234.0,1.0,8.5,2.5,0.5,2.35,0.0,0.3,14.15,2.5
1.0,"2019-08-15 15:45:39.000000","2019-08-15 15:50:53.000000",1.0,0.8,1.0,N,264.0,234.0,1.0,5.5,2.5,0.5,2.2,0.0,0.3,11.0,2.5
1.0,"2019-08-15 17:07:59.000000","2019-08-15 17:23:14.000000",1.0,3.0,1.0,N,264.0,234.0,1.0,13.0,3.5,0.5,3.45,0.0,0.3,20.75,2.5
1.0,"2019-08-15 18:19:54.000000","2019-08-15 18:33:03.000000",1.0,1.5,1.0,N,264.0,234.0,1.0,9.5,3.5,0.5,2.75,0.0,0.3,16.55,2.5
2.0,"2019-08-15 19:33:49.000000","2019-08-15 19:46:25.000000",1.0,1.79,1.0,N,264.0,234.0,2.0,10.0,1.0,0.5,0.0,0.0,0.3,14.3,2.5
1.0,"2019-08-15 20:02:53.000000","2019-08-15 20:13:16.000000",1.0,1.7,1.0,N,264.0,234.0,1.0,8.5,3.0,0.5,2.45,0.0,0.3,14.75,2.5
1.0,"2019-08-15 20:05:40.000000","2019-08-15 20:22:54.000000",1.0,2.4,1.0,N,264.0,234.0,1.0,13.0,3.0,0.5,3.35,0.0,0.3,20.15,2.5
1.0,"2019-08-15 21:44:42.000000","2019-08-15 21:51:10.000000",1.0,0.8,1.0,N,264.0,234.0,1.0,6.0,3.0,0.5,1.95,0.0,0.3,11.75,2.5
1.0,"2019-08-15 21:56:58.000000","2019-08-15 22:06:14.000000",1.0,1.8,1.0,N,264.0,234.0,1.0,8.5,3.0,0.5,2.45,0.0,0.3,14.75,2.5
1.0,"2019-08-16 07:50:08.000000","2019-08-16 08:06:31.000000",1.0,2.5,1.0,N,264.0,234.0,1.0,12.0,2.5,0.5,3.05,0.0,0.3,18.35,2.5
2.0,"2019-08-16 10:30:56.000000","2019-08-16 10:46:43.000000",1.0,3.89,1.0,N,264.0,234.0,2.0,15.5,0.0,0.5,0.0,0.0,0.3,18.8,2.5
1.0,"2019-08-16 10:40:58.000000","2019-08-16 11:07:33.000000",2.0,2.8,1.0,N,264.0,234.0,1.0,17.0,2.5,0.5,4.05,0.0,0.3,24.35,2.5
2.0,"2019-08-16 11:54:50.000000","2019-08-16 12:04:47.000000",1.0,1.28,1.0,N,264.0,234.0,1.0,8.0,0.0,0.5,2.0,0.0,0.3,13.3,2.5
1.0,"2019-08-16 14:36:44.000000","2019-08-16 14:46:04.000000",1.0,1.0,1.0,N,264.0,234.0,1.0,7.5,2.5,0.5,2.15,0.0,0.3,12.95,2.5
2.0,"2019-08-16 17:56:39.000000","2019-08-16 17:59:24.000000",1.0,0.26,1.0,N,264.0,234.0,1.0,3.5,1.0,0.5,1.56,0.0,0.3,9.36,2.5
1.0,"2019-08-16 18:40:36.000000","2019-08-16 18:51:48.000000",1.0,1.2,1.0,N,264.0,234.0,1.0,8.5,3.5,0.5,2.56,0.0,0.3,15.36,2.5
2.0,"2019-08-16 18:27:46.000000","2019-08-16 18:37:38.000000",1.0,1.01,1.0,N,264.0,234.0,1.0,7.5,1.0,0.5,2.5,0.0,0.3,14.3,2.5
2.0,"2019-08-16 19:16:33.000000","2019-08-16 19:26:22.000000",1.0,1.75,1.0,N,264.0,234.0,1.0,8.5,1.0,0.5,1.5,0.0,0.3,14.3,2.5
1.0,"2019-08-16 22:13:00.000000","2019-08-16 22:25:55.000000",1.0,1.9,1.0,N,264.0,234.0,2.0,10.0,3.0,0.5,0.0,0.0,0.3,13.8,2.5
2.0,"2019-08-17 00:51:58.000000","2019-08-17 01:03:39.000000",1.0,2.46,1.0,N,264.0,234.0,2.0,10.5,0.5,0.5,0.0,0.0,0.3,11.8,0.0
2.0,"2019-08-17 07:08:42.000000","2019-08-17 07:17:22.000000",1.0,1.99,1.0,N,264.0,234.0,1.0,8.5,0.0,0.5,2.36,0.0,0.3,14.16,2.5
1.0,"2019-08-17 10:13:12.000000","2019-08-17 10:25:52.000000",1.0,2.2,1.0,N,264.0,234.0,2.0,10.5,2.5,0.5,0.0,0.0,0.3,13.8,2.5
1.0,"2019-08-17 15:07:08.000000","2019-08-17 15:13:25.000000",1.0,1.0,1.0,N,264.0,234.0,2.0,6.0,2.5,0.5,0.0,0.0,0.3,9.3,2.5
2.0,"2019-08-17 15:22:54.000000","2019-08-17 15:32:35.000000",1.0,1.64,1.0,N,264.0,234.0,1.0,8.5,0.0,0.5,2.95,0.0,0.3,14.75,2.5
1.0,"2019-08-17 16:46:20.000000","2019-08-17 17:02:50.000000",1.0,2.6,1.0,N,264.0,234.0,1.0,12.5,2.5,0.5,3.95,0.0,0.3,19.75,2.5
2.0,"2019-08-17 17:12:23.000000","2019-08-17 17:24:43.000000",2.0,1.77,1.0,N,264.0,234.0,1.0,9.5,0.0,0.5,5.0,0.0,0.3,17.8,2.5
1.0,"2019-08-17 18:38:17.000000","2019-08-17 18:48:37.000000",1.0,1.4,1.0,N,264.0,234.0,1.0,8.5,2.5,0.5,2.35,0.0,0.3,14.15,2.5
2.0,"2019-08-17 20:58:13.000000","2019-08-17 21:20:24.000000",1.0,3.78,1.0,N,264.0,234.0,2.0,17.0,0.5,0.5,0.0,0.0,0.3,20.8,2.5
2.0,"2019-08-17 21:15:03.000000","2019-08-17 21:21:28.000000",1.0,0.85,1.0,N,264.0,234.0,1.0,6.0,0.5,0.5,1.96,0.0,0.3,11.76,2.5
1.0,"2019-08-18 01:34:34.000000","2019-08-18 01:37:52.000000",0.0,0.5,1.0,N,264.0,234.0,1.0,4.0,3.0,0.5,1.55,0.0,0.3,9.35,2.5
1.0,"2019-08-18 07:07:04.000000","2019-08-18 07:09:22.000000",1.0,0.8,1.0,N,264.0,234.0,2.0,4.5,2.5,0.5,0.0,0.0,0.3,7.8,2.5
1.0,"2019-08-18 12:32:03.000000","2019-08-18 12:38:23.000000",0.0,0.9,1.0,N,264.0,234.0,2.0,6.5,2.5,0.5,0.0,0.0,0.3,9.8,2.5
1.0,"2019-08-18 13:51:52.000000","2019-08-18 13:56:56.000000",1.0,0.7,1.0,N,264.0,234.0,1.0,5.0,2.5,0.5,1.65,0.0,0.3,9.95,2.5
2.0,"2019-08-18 14:29:46.000000","2019-08-18 14:44:15.000000",2.0,2.72,1.0,N,264.0,234.0,1.0,12.0,0.0,0.5,3.06,0.0,0.3,18.36,2.5
2.0,"2019-08-18 14:51:57.000000","2019-08-18 15:06:35.000000",1.0,2.11,1.0,N,264.0,234.0,1.0,11.0,0.0,0.5,3.58,0.0,0.3,17.88,2.5
2.0,"2019-08-18 15:33:17.000000","2019-08-18 15:47:47.000000",1.0,2.66,1.0,N,264.0,234.0,1.0,12.0,0.0,0.5,3.06,0.0,0.3,18.36,2.5
2.0,"2019-08-18 17:45:18.000000","2019-08-18 18:33:34.000000",1.0,15.16,2.0,N,264.0,234.0,1.0,52.0,0.0,0.5,5.0,6.12,0.3,66.42,2.5
2.0,"2019-08-18 17:46:19.000000","2019-08-18 18:02:54.000000",1.0,2.14,1.0,N,264.0,234.0,1.0,11.5,0.0,0.5,2.96,0.0,0.3,17.76,2.5
1.0,"2019-08-18 17:54:45.000000","2019-08-18 18:03:52.000000",1.0,1.2,1.0,Y,264.0,234.0,1.0,8.0,2.5,0.5,2.26,0.0,0.3,13.56,2.5
1.0,"2019-08-18 18:01:30.000000","2019-08-18 18:18:47.000000",1.0,2.7,1.0,N,264.0,234.0,1.0,12.5,2.5,0.5,3.95,0.0,0.3,19.75,2.5
1.0,"2019-08-19 07:29:21.000000","2019-08-19 07:44:25.000000",1.0,3.0,1.0,N,264.0,234.0,2.0,13.0,2.5,0.5,0.0,0.0,0.3,16.3,2.5
2.0,"2019-08-19 07:37:58.000000","2019-08-19 08:30:36.000000",3.0,17.77,2.0,N,264.0,234.0,1.0,52.0,0.0,0.5,12.28,6.12,0.3,73.7,2.5
1.0,"2019-08-19 08:26:10.000000","2019-08-19 08:33:50.000000",0.0,0.7,1.0,N,264.0,234.0,1.0,6.5,2.5,0.5,1.95,0.0,0.3,11.75,2.5
1.0,"2019-08-19 09:02:00.000000","2019-08-19 09:05:49.000000",1.0,0.8,1.0,N,264.0,234.0,1.0,5.0,2.5,0.5,1.65,0.0,0.3,9.95,2.5
1.0,"2019-08-19 10:31:34.000000","2019-08-19 10:37:32.000000",1.0,0.9,1.0,N,264.0,234.0,1.0,6.0,2.5,0.5,1.85,0.0,0.3,11.15,2.5
2.0,"2019-08-19 11:51:42.000000","2019-08-19 12:07:57.000000",1.0,1.92,1.0,N,264.0,234.0,1.0,12.0,0.0,0.5,3.06,0.0,0.3,18.36,2.5
2.0,"2019-08-19 11:13:59.000000","2019-08-19 11:22:23.000000",1.0,1.09,1.0,N,264.0,234.0,1.0,7.0,0.0,0.5,2.06,0.0,0.3,12.36,2.5
1.0,"2019-08-19 15:02:27.000000","2019-08-19 15:14:13.000000",1.0,1.3,1.0,N,264.0,234.0,1.0,9.0,2.5,0.5,2.45,0.0,0.3,14.75,2.5
1.0,"2019-08-19 15:47:47.000000","2019-08-19 16:30:32.000000",1.0,17.7,2.0,N,264.0,234.0,1.0,52.0,2.5,0.5,5.0,6.12,0.3,66.42,2.5
2.0,"2019-08-19 15:22:04.000000","2019-08-19 15:30:58.000000",1.0,1.66,1.0,N,264.0,234.0,1.0,8.5,0.0,0.5,3.54,0.0,0.3,15.34,2.5
2.0,"2019-08-19 17:08:18.000000","2019-08-19 17:17:09.000000",1.0,1.63,1.0,N,264.0,234.0,1.0,8.0,1.0,0.5,2.46,0.0,0.3,14.76,2.5
1.0,"2019-08-19 18:57:09.000000","2019-08-19 19:03:45.000000",1.0,0.7,1.0,N,264.0,234.0,2.0,6.0,3.5,0.5,0.0,0.0,0.3,10.3,2.5
2.0,"2019-08-19 19:47:57.000000","2019-08-19 20:01:24.000000",1.0,2.05,1.0,N,264.0,234.0,1.0,10.5,1.0,0.5,2.96,0.0,0.3,17.76,2.5
1.0,"2019-08-19 20:05:17.000000","2019-08-19 20:16:17.000000",2.0,1.4,1.0,N,264.0,234.0,1.0,8.5,3.0,0.5,0.75,0.0,0.3,13.05,2.5
1.0,"2019-08-19 22:45:41.000000","2019-08-19 22:54:10.000000",1.0,1.5,1.0,N,264.0,234.0,2.0,7.5,3.0,0.5,0.0,0.0,0.3,11.3,2.5
2.0,"2019-08-20 03:47:09.000000","2019-08-20 03:50:31.000000",1.0,0.42,1.0,N,264.0,234.0,2.0,4.0,0.5,0.5,0.0,0.0,0.3,7.8,2.5
1.0,"2019-08-20 06:48:03.000000","2019-08-20 06:52:19.000000",1.0,0.7,1.0,N,264.0,234.0,1.0,5.0,2.5,0.5,1.66,0.0,0.3,9.96,2.5
1.0,"2019-08-20 10:18:18.000000","2019-08-20 10:44:26.000000",4.0,2.8,1.0,N,264.0,234.0,1.0,17.5,2.5,0.5,4.15,0.0,0.3,24.95,2.5
1.0,"2019-08-20 10:08:05.000000","2019-08-20 10:19:30.000000",1.0,1.0,1.0,N,264.0,234.0,3.0,8.5,2.5,0.5,0.0,0.0,0.3,11.8,2.5
1.0,"2019-08-20 11:08:57.000000","2019-08-20 11:17:41.000000",1.0,1.0,1.0,N,264.0,234.0,1.0,7.0,2.5,0.5,1.0,0.0,0.3,11.3,2.5
2.0,"2019-08-20 11:01:12.000000","2019-08-20 11:09:33.000000",1.0,1.11,1.0,N,264.0,234.0,1.0,7.0,0.0,0.5,2.06,0.0,0.3,12.36,2.5
2.0,"2019-08-20 12:35:16.000000","2019-08-20 12:40:36.000000",2.0,1.09,1.0,N,264.0,234.0,1.0,6.0,0.0,0.5,1.5,0.0,0.3,10.8,2.5
1.0,"2019-08-20 12:33:29.000000","2019-08-20 12:54:49.000000",1.0,2.6,1.0,N,264.0,234.0,2.0,15.0,2.5,0.5,0.0,0.0,0.3,18.3,2.5
2.0,"2019-08-20 13:12:35.000000","2019-08-20 13:26:02.000000",1.0,1.44,1.0,N,264.0,234.0,1.0,10.0,0.0,0.5,2.66,0.0,0.3,15.96,2.5
1.0,"2019-08-20 13:57:55.000000","2019-08-20 14:43:22.000000",1.0,12.9,1.0,N,264.0,234.0,1.0,44.5,2.5,0.5,10.75,6.12,0.3,64.67,2.5
1.0,"2019-08-20 13:24:35.000000","2019-08-20 13:27:33.000000",1.0,0.4,1.0,N,264.0,234.0,1.0,4.0,2.5,0.5,1.8,0.0,0.3,9.1,2.5
1.0,"2019-08-20 14:36:22.000000","2019-08-20 14:41:36.000000",1.0,0.9,1.0,N,264.0,234.0,1.0,5.5,2.5,0.5,1.75,0.0,0.3,10.55,2.5
2.0,"2019-08-20 16:49:52.000000","2019-08-20 17:06:43.000000",1.0,2.26,1.0,N,264.0,234.0,1.0,12.5,1.0,0.5,1.68,0.0,0.3,18.48,2.5
1.0,"2019-08-20 16:07:37.000000","2019-08-20 16:38:44.000000",1.0,3.3,1.0,N,264.0,234.0,2.0,20.0,3.5,0.5,0.0,0.0,0.3,24.3,2.5
2.0,"2019-08-20 18:45:22.000000","2019-08-20 19:03:27.000000",2.0,1.79,1.0,N,264.0,234.0,1.0,12.0,1.0,0.5,3.26,0.0,0.3,19.56,2.5
2.0,"2019-08-20 19:41:26.000000","2019-08-20 19:52:38.000000",1.0,1.87,1.0,N,264.0,234.0,1.0,9.5,1.0,0.5,4.14,0.0,0.3,17.94,2.5
1.0,"2019-08-20 19:07:31.000000","2019-08-20 19:21:47.000000",1.0,1.9,1.0,N,264.0,234.0,1.0,10.5,3.5,0.5,2.95,0.0,0.3,17.75,2.5
1.0,"2019-08-20 19:36:01.000000","2019-08-20 19:46:39.000000",1.0,1.1,1.0,N,264.0,234.0,1.0,8.5,3.5,0.5,2.55,0.0,0.3,15.35,2.5
2.0,"2019-08-20 20:10:18.000000","2019-08-20 20:23:49.000000",1.0,3.58,1.0,N,264.0,234.0,1.0,13.5,0.5,0.5,3.46,0.0,0.3,20.76,2.5
2.0,"2019-08-20 23:17:29.000000","2019-08-20 23:23:26.000000",2.0,0.81,1.0,N,264.0,234.0,1.0,5.5,0.5,0.5,2.33,0.0,0.3,11.63,2.5
1.0,"2019-08-21 05:56:25.000000","2019-08-21 06:00:38.000000",1.0,1.1,1.0,N,264.0,234.0,1.0,5.5,2.5,0.5,1.5,0.0,0.3,10.3,2.5
1.0,"2019-08-21 07:41:57.000000","2019-08-21 07:46:44.000000",1.0,0.7,1.0,N,264.0,234.0,1.0,5.0,2.5,0.5,1.66,0.0,0.3,9.96,2.5
2.0,"2019-08-21 11:53:38.000000","2019-08-21 12:07:46.000000",1.0,1.88,1.0,N,264.0,234.0,1.0,10.5,0.0,0.5,2.76,0.0,0.3,16.56,2.5
2.0,"2019-08-21 11:55:35.000000","2019-08-21 12:19:03.000000",1.0,2.78,1.0,N,264.0,234.0,2.0,16.0,0.0,0.5,0.0,0.0,0.3,19.3,2.5
1.0,"2019-08-21 12:45:15.000000","2019-08-21 12:47:38.000000",2.0,0.4,1.0,N,264.0,234.0,1.0,4.0,2.5,0.5,1.45,0.0,0.3,8.75,2.5
1.0,"2019-08-21 12:10:28.000000","2019-08-21 12:21:08.000000",1.0,1.1,1.0,N,264.0,234.0,1.0,8.0,2.5,0.5,1.0,0.0,0.3,12.3,2.5
1.0,"2019-08-21 13:42:24.000000","2019-08-21 13:50:12.000000",1.0,0.8,1.0,Y,264.0,234.0,1.0,7.0,2.5,0.5,1.0,0.0,0.3,11.3,2.5
2.0,"2019-08-21 13:14:34.000000","2019-08-21 13:37:11.000000",2.0,3.28,1.0,N,264.0,234.0,2.0,15.5,0.0,0.5,0.0,0.0,0.3,18.8,2.5
1.0,"2019-08-21 15:16:55.000000","2019-08-21 15:30:06.000000",1.0,1.6,1.0,N,264.0,234.0,1.0,10.0,2.5,0.5,2.0,0.0,0.3,15.3,2.5
1.0,"2019-08-21 15:29:07.000000","2019-08-21 15:35:35.000000",1.0,0.9,1.0,N,264.0,234.0,1.0,6.0,2.5,0.5,1.85,0.0,0.3,11.15,2.5
2.0,"2019-08-21 17:57:29.000000","2019-08-21 18:47:05.000000",1.0,17.98,2.0,N,264.0,234.0,1.0,52.0,4.5,0.5,13.18,6.12,0.3,79.1,2.5
2.0,"2019-08-21 18:05:06.000000","2019-08-21 18:21:45.000000",1.0,1.77,1.0,N,264.0,234.0,1.0,11.5,1.0,0.5,1.58,0.0,0.3,17.38,2.5
1.0,"2019-08-21 19:37:20.000000","2019-08-21 19:50:05.000000",1.0,1.1,1.0,Y,264.0,234.0,1.0,9.0,3.5,0.5,2.65,0.0,0.3,15.95,2.5
2.0,"2019-08-21 19:26:21.000000","2019-08-21 19:44:32.000000",1.0,1.94,1.0,N,264.0,234.0,1.0,12.5,1.0,0.5,4.2,0.0,0.3,21.0,2.5
2.0,"2019-08-21 21:05:28.000000","2019-08-21 21:18:47.000000",1.0,2.14,1.0,N,264.0,234.0,1.0,10.5,0.5,0.5,2.15,0.0,0.3,16.45,2.5
1.0,"2019-08-22 09:21:19.000000","2019-08-22 09:30:05.000000",1.0,0.9,1.0,N,264.0,234.0,1.0,7.0,2.5,0.5,1.0,0.0,0.3,11.3,2.5
1.0,"2019-08-22 09:12:27.000000","2019-08-22 09:33:15.000000",1.0,2.4,1.0,N,264.0,234.0,2.0,14.0,2.5,0.5,0.0,0.0,0.3,17.3,2.5
2.0,"2019-08-22 09:13:17.000000","2019-08-22 09:38:33.000000",3.0,2.16,1.0,N,264.0,234.0,1.0,16.0,0.0,0.5,3.86,0.0,0.3,23.16,2.5
2.0,"2019-08-22 10:36:34.000000","2019-08-22 10:52:30.000000",1.0,1.16,1.0,N,264.0,234.0,1.0,11.0,0.0,0.5,4.29,0.0,0.3,18.59,2.5
1.0,"2019-08-22 15:40:44.000000","2019-08-22 16:04:04.000000",1.0,1.7,1.0,N,264.0,234.0,1.0,15.0,2.5,0.5,3.65,0.0,0.3,21.95,2.5
1.0,"2019-08-22 17:53:41.000000","2019-08-22 17:57:47.000000",1.0,0.3,1.0,N,264.0,234.0,2.0,4.5,3.5,0.5,0.0,0.0,0.3,8.8,2.5
2.0,"2019-08-22 17:42:06.000000","2019-08-22 17:52:53.000000",1.0,0.81,1.0,N,264.0,234.0,1.0,8.0,1.0,0.5,2.46,0.0,0.3,14.76,2.5
2.0,"2019-08-22 19:54:39.000000","2019-08-22 20:13:10.000000",1.0,4.39,1.0,N,264.0,234.0,1.0,17.5,1.0,0.5,4.36,0.0,0.3,26.16,2.5
1.0,"2019-08-22 19:51:48.000000","2019-08-22 20:00:20.000000",2.0,1.0,1.0,N,264.0,234.0,1.0,7.0,3.0,0.5,2.15,0.0,0.3,12.95,2.5
1.0,"2019-08-22 20:30:07.000000","2019-08-22 20:34:34.000000",1.0,0.8,1.0,N,264.0,234.0,2.0,5.0,3.0,0.5,0.0,0.0,0.3,8.8,2.5
1.0,"2019-08-23 08:13:32.000000","2019-08-23 08:36:39.000000",1.0,2.5,1.0,N,264.0,234.0,1.0,15.0,2.5,0.5,2.25,0.0,0.3,20.55,2.5
2.0,"2019-08-23 09:34:55.000000","2019-08-23 10:24:51.000000",1.0,18.16,2.0,N,264.0,234.0,1.0,52.0,0.0,0.5,12.28,6.12,0.3,73.7,2.5
1.0,"2019-08-23 10:23:05.000000","2019-08-23 10:27:56.000000",1.0,0.6,1.0,N,264.0,234.0,3.0,5.0,2.5,0.5,0.0,0.0,0.3,8.3,2.5
2.0,"2019-08-23 12:30:20.000000","2019-08-23 12:52:08.000000",1.0,1.99,1.0,N,264.0,234.0,1.0,15.0,0.0,0.5,2.75,0.0,0.3,21.05,2.5
2.0,"2019-08-23 13:18:26.000000","2019-08-23 13:42:04.000000",3.0,2.07,1.0,N,264.0,234.0,2.0,14.5,0.0,0.5,0.0,0.0,0.3,17.8,2.5
1.0,"2019-08-23 13:26:34.000000","2019-08-23 13:43:26.000000",1.0,3.1,1.0,N,264.0,234.0,1.0,14.0,2.5,0.5,3.45,0.0,0.3,20.75,2.5
2.0,"2019-08-23 14:30:19.000000","2019-08-23 14:37:32.000000",1.0,0.85,1.0,N,264.0,234.0,1.0,6.5,0.0,0.5,1.0,0.0,0.3,10.8,2.5
1.0,"2019-08-23 15:41:56.000000","2019-08-23 15:55:48.000000",1.0,2.5,1.0,N,264.0,234.0,1.0,12.0,2.5,0.5,3.06,0.0,0.3,18.36,2.5
2.0,"2019-08-23 15:56:07.000000","2019-08-23 16:14:47.000000",1.0,2.37,1.0,N,264.0,234.0,1.0,13.0,0.0,0.5,3.26,0.0,0.3,19.56,2.5
1.0,"2019-08-23 17:18:52.000000","2019-08-23 17:35:44.000000",2.0,1.1,1.0,N,264.0,234.0,1.0,11.0,3.5,0.5,2.0,0.0,0.3,17.3,2.5
2.0,"2019-08-23 19:06:41.000000","2019-08-23 19:16:07.000000",3.0,1.25,1.0,N,264.0,234.0,2.0,7.5,1.0,0.5,0.0,0.0,0.3,11.8,2.5
2.0,"2019-08-23 20:11:25.000000","2019-08-23 20:21:54.000000",1.0,1.66,1.0,N,264.0,234.0,1.0,8.5,0.5,0.5,0.98,0.0,0.3,13.28,2.5
1.0,"2019-08-24 00:00:32.000000","2019-08-24 00:10:10.000000",1.0,1.5,1.0,N,264.0,234.0,1.0,8.5,3.0,0.5,2.45,0.0,0.3,14.75,2.5
1.0,"2019-08-24 00:52:06.000000","2019-08-24 01:00:39.000000",0.0,1.4,1.0,N,264.0,234.0,1.0,7.5,3.0,0.5,2.25,0.0,0.3,13.55,2.5
2.0,"2019-08-24 04:04:58.000000","2019-08-24 04:09:55.000000",1.0,0.87,1.0,N,264.0,234.0,2.0,5.5,0.5,0.5,0.0,0.0,0.3,9.3,2.5
2.0,"2019-08-24 14:52:51.000000","2019-08-24 14:57:32.000000",1.0,0.56,1.0,N,264.0,234.0,2.0,5.0,0.0,0.5,0.0,0.0,0.3,8.3,2.5
2.0,"2019-08-24 15:44:05.000000","2019-08-24 16:05:18.000000",1.0,3.66,1.0,N,264.0,234.0,2.0,16.5,0.0,0.5,0.0,0.0,0.3,19.8,2.5
1.0,"2019-08-24 20:29:09.000000","2019-08-24 20:39:47.000000",1.0,1.0,1.0,N,264.0,234.0,1.0,8.0,3.0,0.5,2.0,0.0,0.3,13.8,2.5
1.0,"2019-08-25 02:39:31.000000","2019-08-25 02:44:50.000000",0.0,1.1,1.0,N,264.0,234.0,1.0,6.0,3.0,0.5,1.5,0.0,0.3,11.3,2.5
1.0,"2019-08-25 05:49:05.000000","2019-08-25 05:56:18.000000",1.0,1.5,1.0,N,264.0,234.0,1.0,8.0,3.0,0.5,1.0,0.0,0.3,12.8,2.5
2.0,"2019-08-25 10:28:11.000000","2019-08-25 10:36:49.000000",1.0,1.5,1.0,N,264.0,234.0,2.0,8.0,0.0,0.5,0.0,0.0,0.3,11.3,2.5
2.0,"2019-08-25 11:26:12.000000","2019-08-25 11:33:02.000000",1.0,1.83,1.0,N,264.0,234.0,2.0,7.5,0.0,0.5,0.0,0.0,0.3,10.8,2.5
2.0,"2019-08-25 14:27:24.000000","2019-08-25 14:33:08.000000",1.0,1.19,1.0,N,264.0,234.0,1.0,6.0,0.0,0.5,1.86,0.0,0.3,11.16,2.5
1.0,"2019-08-25 15:32:39.000000","2019-08-25 15:37:53.000000",1.0,0.8,1.0,N,264.0,234.0,2.0,5.5,2.5,0.5,0.0,0.0,0.3,8.8,2.5
1.0,"2019-08-25 17:26:18.000000","2019-08-25 17:35:44.000000",2.0,1.5,1.0,N,264.0,234.0,1.0,8.0,2.5,0.5,1.0,0.0,0.3,12.3,2.5
1.0,"2019-08-25 18:53:42.000000","2019-08-25 19:01:17.000000",1.0,0.8,1.0,N,264.0,234.0,1.0,6.5,2.5,0.5,1.95,0.0,0.3,11.75,2.5
1.0,"2019-08-25 22:13:17.000000","2019-08-25 22:20:31.000000",2.0,1.6,1.0,N,264.0,234.0,2.0,7.5,3.0,0.5,0.0,0.0,0.3,11.3,2.5
1.0,"2019-08-26 00:18:18.000000","2019-08-26 00:24:20.000000",2.0,1.2,1.0,N,264.0,234.0,2.0,6.5,3.0,0.5,0.0,0.0,0.3,10.3,2.5
1.0,"2019-08-26 07:35:43.000000","2019-08-26 07:41:01.000000",1.0,1.3,1.0,Y,264.0,234.0,1.0,6.5,2.5,0.5,1.0,0.0,0.3,10.8,2.5
1.0,"2019-08-26 09:57:25.000000","2019-08-26 10:12:04.000000",1.0,1.3,1.0,N,264.0,234.0,1.0,10.5,2.5,0.5,0.02,0.0,0.3,13.82,2.5
1.0,"2019-08-26 09:14:59.000000","2019-08-26 09:19:21.000000",1.0,0.3,1.0,Y,264.0,234.0,1.0,4.5,2.5,0.5,0.0,0.0,0.3,7.8,2.5
2.0,"2019-08-26 14:18:06.000000","2019-08-26 14:29:38.000000",1.0,1.7,1.0,N,264.0,234.0,2.0,9.0,0.0,0.5,0.0,0.0,0.3,12.3,2.5
2.0,"2019-08-26 15:10:34.000000","2019-08-26 15:14:08.000000",3.0,0.62,2.0,N,264.0,234.0,1.0,52.0,0.0,0.5,6.0,6.12,0.3,67.42,2.5
2.0,"2019-08-26 20:44:29.000000","2019-08-26 20:54:28.000000",1.0,1.55,1.0,N,264.0,234.0,2.0,8.5,0.5,0.5,0.0,0.0,0.3,12.3,2.5
1.0,"2019-08-27 06:26:52.000000","2019-08-27 06:29:53.000000",1.0,0.5,1.0,N,264.0,234.0,1.0,4.5,2.5,0.5,1.56,0.0,0.3,9.36,2.5
1.0,"2019-08-27 10:02:33.000000","2019-08-27 10:11:57.000000",1.0,1.3,1.0,N,264.0,234.0,1.0,8.0,2.5,0.5,2.0,0.0,0.3,13.3,2.5
1.0,"2019-08-27 11:48:09.000000","2019-08-27 11:52:27.000000",2.0,0.8,1.0,N,264.0,234.0,2.0,5.0,2.5,0.5,0.0,0.0,0.3,8.3,2.5
1.0,"2019-08-27 13:37:48.000000","2019-08-27 13:54:26.000000",1.0,2.1,1.0,N,264.0,234.0,2.0,12.0,2.5,0.5,0.0,0.0,0.3,15.3,2.5
1.0,"2019-08-27 15:52:59.000000","2019-08-27 16:04:40.000000",1.0,1.9,1.0,N,264.0,234.0,1.0,9.5,3.5,0.5,2.75,0.0,0.3,16.55,2.5
2.0,"2019-08-27 15:58:36.000000","2019-08-27 16:04:29.000000",1.0,0.71,1.0,N,264.0,234.0,1.0,5.5,0.0,0.5,1.76,0.0,0.3,10.56,2.5
1.0,"2019-08-27 17:35:02.000000","2019-08-27 17:38:45.000000",1.0,0.7,1.0,N,264.0,234.0,1.0,4.5,3.5,0.5,1.75,0.0,0.3,10.55,2.5
1.0,"2019-08-27 17:36:05.000000","2019-08-27 17:59:34.000000",2.0,1.7,1.0,N,264.0,234.0,1.0,14.5,3.5,0.5,3.75,0.0,0.3,22.55,2.5
2.0,"2019-08-27 18:28:38.000000","2019-08-27 18:46:02.000000",1.0,2.01,1.0,N,264.0,234.0,1.0,12.0,1.0,0.5,3.26,0.0,0.3,19.56,2.5
2.0,"2019-08-27 19:01:38.000000","2019-08-27 19:12:29.000000",2.0,1.26,1.0,N,264.0,234.0,1.0,8.0,1.0,0.5,2.46,0.0,0.3,14.76,2.5
2.0,"2019-08-27 20:41:38.000000","2019-08-27 21:20:43.000000",1.0,17.83,2.0,N,264.0,234.0,1.0,52.0,0.0,0.5,12.28,6.12,0.3,73.7,2.5
1.0,"2019-08-27 22:36:58.000000","2019-08-27 22:45:17.000000",2.0,1.3,1.0,N,264.0,234.0,1.0,7.5,3.0,0.5,2.25,0.0,0.3,13.55,2.5
1.0,"2019-08-27 22:13:36.000000","2019-08-27 22:48:57.000000",1.0,8.2,1.0,N,264.0,234.0,1.0,30.0,3.0,0.5,7.98,6.12,0.3,47.9,2.5
1.0,"2019-08-28 10:25:01.000000","2019-08-28 10:45:37.000000",1.0,2.2,1.0,N,264.0,234.0,1.0,14.0,2.5,0.5,3.45,0.0,0.3,20.75,2.5
2.0,"2019-08-28 11:02:06.000000","2019-08-28 11:14:10.000000",1.0,1.35,1.0,N,264.0,234.0,1.0,9.0,0.0,0.5,2.46,0.0,0.3,14.76,2.5
1.0,"2019-08-28 13:52:27.000000","2019-08-28 13:56:57.000000",1.0,0.5,1.0,N,264.0,234.0,1.0,5.0,2.5,0.5,1.5,0.0,0.3,9.8,2.5
2.0,"2019-08-28 16:18:29.000000","2019-08-28 16:28:19.000000",1.0,1.45,1.0,N,264.0,234.0,1.0,8.0,1.0,0.5,3.08,0.0,0.3,15.38,2.5
2.0,"2019-08-28 16:45:15.000000","2019-08-28 16:51:58.000000",1.0,0.72,1.0,N,264.0,234.0,2.0,6.0,1.0,0.5,0.0,0.0,0.3,10.3,2.5
2.0,"2019-08-28 16:33:43.000000","2019-08-28 16:45:04.000000",1.0,1.76,1.0,N,264.0,234.0,1.0,9.0,1.0,0.5,2.66,0.0,0.3,15.96,2.5
1.0,"2019-08-28 17:28:27.000000","2019-08-28 17:29:02.000000",1.0,0.0,5.0,N,264.0,234.0,1.0,20.0,0.0,0.0,0.0,0.0,0.3,20.3,0.0
1.0,"2019-08-28 18:47:57.000000","2019-08-28 18:57:35.000000",2.0,1.6,1.0,N,264.0,234.0,1.0,8.0,3.5,0.5,2.46,0.0,0.3,14.76,2.5
1.0,"2019-08-28 18:05:20.000000","2019-08-28 18:15:59.000000",1.0,2.0,1.0,Y,264.0,234.0,2.0,9.5,3.5,0.5,0.0,0.0,0.3,13.8,2.5
1.0,"2019-08-28 18:32:44.000000","2019-08-28 18:33:51.000000",1.0,0.3,1.0,N,264.0,234.0,1.0,3.0,3.5,0.5,1.45,0.0,0.3,8.75,2.5
1.0,"2019-08-28 19:42:43.000000","2019-08-28 19:47:49.000000",1.0,0.6,1.0,N,264.0,234.0,1.0,5.0,3.5,0.5,1.85,0.0,0.3,11.15,2.5
2.0,"2019-08-28 20:49:48.000000","2019-08-28 20:59:08.000000",1.0,1.3,1.0,N,264.0,234.0,1.0,8.0,0.5,0.5,2.36,0.0,0.3,14.16,2.5
1.0,"2019-08-28 20:47:47.000000","2019-08-28 21:02:33.000000",1.0,1.9,1.0,N,264.0,234.0,2.0,10.5,3.0,0.5,0.0,0.0,0.3,14.3,2.5
1.0,"2019-08-28 22:09:09.000000","2019-08-28 22:21:54.000000",1.0,2.2,1.0,N,264.0,234.0,1.0,10.5,3.0,0.5,1.2,0.0,0.3,15.5,2.5
1.0,"2019-08-29 08:45:03.000000","2019-08-29 08:53:01.000000",1.0,1.2,1.0,N,264.0,234.0,1.0,7.0,2.5,0.5,2.05,0.0,0.3,12.35,2.5
1.0,"2019-08-29 08:43:44.000000","2019-08-29 08:59:43.000000",1.0,1.2,1.0,N,264.0,234.0,2.0,11.0,2.5,0.5,0.0,0.0,0.3,14.3,2.5
1.0,"2019-08-29 13:43:54.000000","2019-08-29 13:59:14.000000",3.0,2.7,1.0,N,264.0,234.0,1.0,13.0,2.5,0.5,3.25,0.0,0.3,19.55,2.5
1.0,"2019-08-29 14:59:35.000000","2019-08-29 15:11:49.000000",1.0,1.7,1.0,Y,264.0,234.0,1.0,10.0,2.5,0.5,2.65,0.0,0.3,15.95,2.5
1.0,"2019-08-29 15:20:38.000000","2019-08-29 15:39:06.000000",1.0,2.1,1.0,N,264.0,234.0,2.0,12.5,2.5,0.5,0.0,0.0,0.3,15.8,2.5
1.0,"2019-08-29 16:00:28.000000","2019-08-29 16:08:53.000000",1.0,1.3,1.0,N,264.0,234.0,2.0,7.5,3.5,0.5,0.0,0.0,0.3,11.8,2.5
2.0,"2019-08-29 16:12:11.000000","2019-08-29 16:27:55.000000",1.0,1.74,1.0,N,264.0,234.0,1.0,11.0,1.0,0.5,3.06,0.0,0.3,18.36,2.5
2.0,"2019-08-29 17:06:27.000000","2019-08-29 17:22:59.000000",1.0,1.61,1.0,N,264.0,234.0,1.0,11.5,1.0,0.5,1.0,0.0,0.3,16.8,2.5
2.0,"2019-08-29 18:23:45.000000","2019-08-29 18:36:26.000000",1.0,1.31,1.0,N,264.0,234.0,1.0,9.0,1.0,0.5,3.33,0.0,0.3,16.63,2.5
1.0,"2019-08-29 18:08:03.000000","2019-08-29 18:10:43.000000",1.0,0.3,1.0,N,264.0,234.0,1.0,3.5,3.5,0.5,2.3,0.0,0.3,10.1,2.5
1.0,"2019-08-29 18:48:54.000000","2019-08-29 19:00:08.000000",3.0,1.9,1.0,N,264.0,234.0,1.0,9.5,3.5,0.5,1.0,0.0,0.3,14.8,2.5
1.0,"2019-08-29 19:36:19.000000","2019-08-29 19:46:50.000000",1.0,1.1,1.0,N,264.0,234.0,1.0,8.0,3.5,0.5,1.0,0.0,0.3,13.3,2.5
1.0,"2019-08-29 19:45:37.000000","2019-08-29 19:57:28.000000",2.0,1.0,1.0,N,264.0,234.0,2.0,8.5,3.5,0.5,0.0,0.0,0.3,12.8,2.5
2.0,"2019-08-29 19:34:14.000000","2019-08-29 19:42:54.000000",1.0,1.13,1.0,N,264.0,234.0,1.0,7.5,1.0,0.5,2.36,0.0,0.3,14.16,2.5
1.0,"2019-08-29 19:50:40.000000","2019-08-29 19:58:18.000000",1.0,0.8,1.0,N,264.0,234.0,1.0,6.5,3.5,0.5,2.15,0.0,0.3,12.95,2.5
2.0,"2019-08-29 21:40:44.000000","2019-08-29 21:53:39.000000",2.0,2.16,1.0,N,264.0,234.0,1.0,10.0,0.5,0.5,3.45,0.0,0.3,17.25,2.5
1.0,"2019-08-30 03:20:39.000000","2019-08-30 03:28:51.000000",1.0,2.1,1.0,N,264.0,234.0,2.0,8.5,3.0,0.5,0.0,0.0,0.3,12.3,2.5
1.0,"2019-08-30 09:07:16.000000","2019-08-30 09:17:46.000000",1.0,1.6,1.0,N,264.0,234.0,1.0,8.5,2.5,0.5,1.77,0.0,0.3,13.57,2.5
2.0,"2019-08-30 11:39:49.000000","2019-08-30 11:46:48.000000",1.0,0.84,1.0,N,264.0,234.0,2.0,6.0,0.0,0.5,0.0,0.0,0.3,9.3,2.5
2.0,"2019-08-30 13:17:25.000000","2019-08-30 13:37:12.000000",1.0,2.35,1.0,N,264.0,234.0,1.0,14.0,0.0,0.5,3.46,0.0,0.3,20.76,2.5
2.0,"2019-08-30 14:21:11.000000","2019-08-30 14:26:11.000000",1.0,0.68,1.0,N,264.0,234.0,1.0,5.0,0.0,0.5,1.66,0.0,0.3,9.96,2.5
2.0,"2019-08-30 15:02:52.000000","2019-08-30 15:23:41.000000",1.0,5.27,1.0,N,264.0,234.0,1.0,19.5,0.0,0.5,4.56,0.0,0.3,27.36,2.5
1.0,"2019-08-30 15:08:45.000000","2019-08-30 15:20:49.000000",1.0,1.7,1.0,N,264.0,234.0,1.0,9.5,2.5,0.5,3.8,0.0,0.3,16.6,2.5
2.0,"2019-08-30 16:11:40.000000","2019-08-30 16:23:42.000000",2.0,1.69,1.0,N,264.0,234.0,1.0,9.0,1.0,0.5,2.66,0.0,0.3,15.96,2.5
2.0,"2019-08-30 17:33:42.000000","2019-08-30 17:38:57.000000",1.0,0.56,1.0,N,264.0,234.0,1.0,5.0,1.0,0.5,0.0,0.0,0.3,9.3,2.5
1.0,"2019-08-30 17:34:46.000000","2019-08-30 17:45:19.000000",1.0,1.4,1.0,N,264.0,234.0,1.0,8.5,3.5,0.5,2.55,0.0,0.3,15.35,2.5
1.0,"2019-08-30 19:30:40.000000","2019-08-30 19:41:48.000000",4.0,1.1,1.0,N,264.0,234.0,2.0,8.5,3.5,0.5,0.0,0.0,0.3,12.8,2.5
2.0,"2019-08-30 20:49:07.000000","2019-08-30 21:05:12.000000",4.0,2.03,1.0,N,264.0,234.0,1.0,11.5,0.5,0.5,3.06,0.0,0.3,18.36,2.5
1.0,"2019-08-30 21:27:14.000000","2019-08-30 21:32:10.000000",1.0,0.6,1.0,N,264.0,234.0,2.0,5.0,3.0,0.5,0.0,0.0,0.3,8.8,2.5
1.0,"2019-08-30 21:48:57.000000","2019-08-30 22:03:19.000000",2.0,1.8,1.0,N,264.0,234.0,1.0,10.0,3.0,0.5,2.75,0.0,0.3,16.55,2.5
1.0,"2019-08-31 01:20:54.000000","2019-08-31 01:31:39.000000",1.0,2.6,1.0,N,264.0,234.0,1.0,10.5,3.0,0.5,1.0,0.0,0.3,15.3,2.5
2.0,"2019-08-31 10:58:58.000000","2019-08-31 11:03:04.000000",1.0,0.73,1.0,N,264.0,234.0,1.0,5.0,0.0,0.5,1.66,0.0,0.3,9.96,2.5
2.0,"2019-08-31 14:04:46.000000","2019-08-31 14:16:56.000000",2.0,3.76,1.0,N,264.0,234.0,1.0,13.5,0.0,0.5,0.0,0.0,0.3,16.8,2.5
2.0,"2019-08-31 14:55:19.000000","2019-08-31 15:06:31.000000",3.0,1.07,1.0,N,264.0,234.0,2.0,8.5,0.0,0.5,0.0,0.0,0.3,11.8,2.5
1.0,"2019-08-31 16:14:57.000000","2019-08-31 16:19:48.000000",1.0,0.7,1.0,N,264.0,234.0,1.0,5.5,2.5,0.5,1.75,0.0,0.3,10.55,2.5
1.0,"2019-08-31 16:19:41.000000","2019-08-31 16:30:57.000000",1.0,2.2,1.0,N,264.0,234.0,1.0,10.0,2.5,0.5,2.65,0.0,0.3,15.95,2.5
1.0,"2019-08-31 17:25:11.000000","2019-08-31 17:39:20.000000",4.0,3.1,1.0,N,264.0,234.0,1.0,13.0,2.5,0.5,3.25,0.0,0.3,19.55,2.5
2.0,"2019-08-31 19:24:16.000000","2019-08-31 19:39:39.000000",2.0,5.0,1.0,N,264.0,234.0,1.0,17.0,0.0,0.5,3.05,0.0,0.3,23.35,2.5
