1.0,"2019-08-01 09:19:41.000000","2019-08-01 09:33:45.000000",1.0,1.6,1.0,N,4.0,234.0,1.0,10.5,2.5,0.5,2.75,0.0,0.3,16.55,2.5
1.0,"2019-08-01 14:41:33.000000","2019-08-01 14:57:57.000000",1.0,2.4,1.0,N,4.0,234.0,1.0,12.5,2.5,0.5,3.15,0.0,0.3,18.95,2.5
2.0,"2019-08-01 14:51:12.000000","2019-08-01 15:05:05.000000",1.0,1.83,1.0,N,4.0,234.0,2.0,10.0,0.0,0.5,0.0,0.0,0.3,13.3,2.5
1.0,"2019-08-01 14:57:09.000000","2019-08-01 15:05:44.000000",1.0,1.3,1.0,N,4.0,234.0,1.0,7.5,2.5,0.5,2.15,0.0,0.3,12.95,2.5
1.0,"2019-08-01 15:25:13.000000","2019-08-01 15:36:33.000000",1.0,1.8,1.0,N,4.0,234.0,2.0,9.5,2.5,0.5,0.0,0.0,0.3,12.8,2.5
1.0,"2019-08-01 17:57:59.000000","2019-08-01 18:17:28.000000",1.0,1.8,1.0,N,4.0,234.0,1.0,13.0,3.5,0.5,1.0,0.0,0.3,18.3,2.5
2.0,"2019-08-01 18:17:55.000000","2019-08-01 18:26:57.000000",1.0,1.24,1.0,N,4.0,234.0,1.0,7.5,1.0,0.5,2.36,0.0,0.3,14.16,2.5
2.0,"2019-08-01 21:24:26.000000","2019-08-01 21:38:33.000000",1.0,2.16,1.0,N,4.0,234.0,1.0,11.0,0.5,0.5,2.96,0.0,0.3,17.76,2.5
1.0,"2019-08-02 00:52:04.000000","2019-08-02 01:01:00.000000",1.0,1.9,1.0,N,4.0,234.0,1.0,9.0,3.0,0.5,2.55,0.0,0.3,15.35,2.5
2.0,"2019-08-02 01:44:52.000000","2019-08-02 01:49:40.000000",5.0,0.84,1.0,N,4.0,234.0,2.0,5.5,0.5,0.5,0.0,0.0,0.3,9.3,2.5
2.0,"2019-08-02 08:44:26.000000","2019-08-02 08:52:48.000000",1.0,1.47,1.0,N,4.0,234.0,1.0,7.5,0.0,0.5,2.16,0.0,0.3,14.91,2.5
2.0,"2019-08-02 08:31:37.000000","2019-08-02 08:45:35.000000",2.0,2.07,1.0,N,4.0,234.0,1.0,11.0,0.0,0.5,2.86,0.0,0.3,17.16,2.5
2.0,"2019-08-02 08:41:41.000000","2019-08-02 08:52:30.000000",1.0,1.29,1.0,N,4.0,234.0,1.0,8.5,0.0,0.5,2.36,0.0,0.3,14.16,2.5
2.0,"2019-08-02 09:38:48.000000","2019-08-02 09:55:31.000000",5.0,2.09,1.0,N,4.0,234.0,1.0,12.0,0.0,0.5,2.75,0.0,0.3,20.0,2.5
1.0,"2019-08-02 11:50:25.000000","2019-08-02 12:05:44.000000",2.0,2.2,1.0,N,4.0,234.0,2.0,12.0,2.5,0.5,0.0,0.0,0.3,15.3,2.5
2.0,"2019-08-02 12:10:55.000000","2019-08-02 12:25:54.000000",2.0,2.06,1.0,N,4.0,234.0,1.0,11.5,0.0,0.5,1.48,0.0,0.3,16.28,2.5
2.0,"2019-08-02 12:48:50.000000","2019-08-02 13:04:04.000000",1.0,1.92,1.0,N,4.0,234.0,1.0,11.0,0.0,0.5,2.14,0.0,0.3,18.39,2.5
2.0,"2019-08-02 18:09:06.000000","2019-08-02 18:28:14.000000",1.0,2.04,1.0,N,4.0,234.0,1.0,13.0,1.0,0.5,3.46,0.0,0.3,20.76,2.5
2.0,"2019-08-03 00:15:50.000000","2019-08-03 00:29:43.000000",2.0,2.23,1.0,N,4.0,234.0,2.0,11.0,0.5,0.5,0.0,0.0,0.3,14.8,2.5
2.0,"2019-08-03 01:36:41.000000","2019-08-03 01:45:07.000000",1.0,1.96,1.0,N,4.0,234.0,1.0,8.5,0.5,0.5,2.46,0.0,0.3,14.76,2.5
2.0,"2019-08-03 01:19:26.000000","2019-08-03 01:30:35.000000",1.0,2.48,1.0,N,4.0,234.0,1.0,10.5,0.5,0.5,0.0,0.0,0.3,14.3,2.5
2.0,"2019-08-03 01:45:28.000000","2019-08-03 01:58:07.000000",2.0,2.01,1.0,N,4.0,234.0,1.0,10.5,0.5,0.5,2.86,0.0,0.3,17.16,2.5
2.0,"2019-08-03 01:58:50.000000","2019-08-03 02:09:24.000000",1.0,2.02,1.0,N,4.0,234.0,1.0,9.5,0.5,0.5,2.66,0.0,0.3,15.96,2.5
2.0,"2019-08-03 09:54:17.000000","2019-08-03 10:06:00.000000",1.0,1.24,1.0,N,4.0,234.0,1.0,9.0,0.0,0.5,2.46,0.0,0.3,14.76,2.5
2.0,"2019-08-03 14:29:19.000000","2019-08-03 14:39:45.000000",1.0,1.51,1.0,N,4.0,234.0,2.0,8.5,0.0,0.5,0.0,0.0,0.3,11.8,2.5
1.0,"2019-08-03 15:52:19.000000","2019-08-03 16:02:36.000000",2.0,1.3,1.0,N,4.0,234.0,1.0,8.0,2.5,0.5,2.25,0.0,0.3,13.55,2.5
1.0,"2019-08-03 16:32:36.000000","2019-08-03 16:41:37.000000",0.0,1.9,1.0,N,4.0,234.0,1.0,8.5,2.5,0.5,2.36,0.0,0.3,14.16,2.5
1.0,"2019-08-03 16:53:24.000000","2019-08-03 17:02:35.000000",1.0,1.7,1.0,N,4.0,234.0,1.0,8.5,2.5,0.5,2.0,0.0,0.3,13.8,2.5
2.0,"2019-08-03 16:46:41.000000","2019-08-03 16:57:59.000000",2.0,2.17,1.0,N,4.0,234.0,1.0,10.0,0.0,0.5,2.0,0.0,0.3,17.25,2.5
1.0,"2019-08-03 18:23:15.000000","2019-08-03 18:33:07.000000",1.0,1.6,1.0,N,4.0,234.0,1.0,8.5,2.5,0.5,1.0,0.0,0.3,12.8,2.5
2.0,"2019-08-03 19:03:04.000000","2019-08-03 19:14:38.000000",1.0,1.45,1.0,N,4.0,234.0,2.0,9.0,0.0,0.5,0.0,0.0,0.3,12.3,2.5
2.0,"2019-08-03 21:55:16.000000","2019-08-03 22:03:00.000000",1.0,1.04,1.0,N,4.0,234.0,2.0,7.0,0.5,0.5,0.0,0.0,0.3,10.8,2.5
2.0,"2019-08-03 21:22:51.000000","2019-08-03 21:36:42.000000",5.0,2.18,1.0,N,4.0,234.0,2.0,11.0,0.5,0.5,0.0,0.0,0.3,14.8,2.5
1.0,"2019-08-03 21:45:53.000000","2019-08-03 22:03:22.000000",1.0,2.3,1.0,N,4.0,234.0,1.0,12.5,3.0,0.5,3.25,0.0,0.3,19.55,2.5
2.0,"2019-08-03 23:46:24.000000","2019-08-04 00:08:25.000000",1.0,3.36,1.0,N,4.0,234.0,1.0,15.5,0.5,0.5,1.93,0.0,0.3,21.23,2.5
2.0,"2019-08-04 01:41:08.000000","2019-08-04 01:54:43.000000",2.0,2.54,1.0,N,4.0,234.0,1.0,11.0,0.5,0.5,2.96,0.0,0.3,17.76,2.5
2.0,"2019-08-04 03:53:53.000000","2019-08-04 04:03:50.000000",1.0,1.5,1.0,N,4.0,234.0,2.0,8.5,0.5,0.5,0.0,0.0,0.3,12.3,2.5
1.0,"2019-08-04 03:42:27.000000","2019-08-04 03:53:16.000000",1.0,1.9,1.0,N,4.0,234.0,1.0,9.5,3.0,0.5,2.65,0.0,0.3,15.95,2.5
2.0,"2019-08-04 04:31:18.000000","2019-08-04 04:39:52.000000",1.0,1.48,1.0,N,4.0,234.0,2.0,8.0,0.5,0.5,0.0,0.0,0.3,11.8,2.5
2.0,"2019-08-04 08:10:25.000000","2019-08-04 08:19:04.000000",2.0,1.98,1.0,N,4.0,234.0,1.0,9.0,0.0,0.5,3.08,0.0,0.3,15.38,2.5
2.0,"2019-08-04 10:48:40.000000","2019-08-04 10:58:11.000000",2.0,2.07,1.0,N,4.0,234.0,2.0,9.0,0.0,0.5,0.0,0.0,0.3,12.3,2.5
2.0,"2019-08-04 13:19:53.000000","2019-08-04 13:25:23.000000",2.0,0.89,1.0,N,4.0,234.0,2.0,6.0,0.0,0.5,0.0,0.0,0.3,9.3,2.5
2.0,"2019-08-04 16:15:34.000000","2019-08-04 16:25:16.000000",5.0,1.96,1.0,N,4.0,234.0,1.0,9.0,0.0,0.5,3.08,0.0,0.3,15.38,2.5
1.0,"2019-08-04 23:05:12.000000","2019-08-04 23:12:39.000000",1.0,1.1,1.0,N,4.0,234.0,1.0,7.0,3.0,0.5,2.15,0.0,0.3,12.95,2.5
2.0,"2019-08-05 08:14:28.000000","2019-08-05 08:26:28.000000",1.0,1.81,1.0,N,4.0,234.0,2.0,9.5,0.0,0.5,0.0,0.0,0.3,12.8,2.5
1.0,"2019-08-05 08:58:02.000000","2019-08-05 09:06:12.000000",1.0,1.2,1.0,N,4.0,234.0,1.0,7.5,2.5,0.5,2.7,0.0,0.3,13.5,2.5
2.0,"2019-08-05 11:17:44.000000","2019-08-05 11:32:39.000000",1.0,1.8,1.0,N,4.0,234.0,1.0,10.5,0.0,0.5,1.38,0.0,0.3,15.18,2.5
1.0,"2019-08-05 11:27:27.000000","2019-08-05 11:39:14.000000",1.0,1.5,1.0,N,4.0,234.0,1.0,9.0,2.5,0.5,2.45,0.0,0.3,14.75,2.5
2.0,"2019-08-05 18:05:02.000000","2019-08-05 18:22:51.000000",1.0,2.44,1.0,N,4.0,234.0,2.0,12.5,1.0,0.5,0.0,0.0,0.3,16.8,2.5
1.0,"2019-08-05 18:14:40.000000","2019-08-05 18:25:53.000000",1.0,1.4,1.0,N,4.0,234.0,1.0,8.5,3.5,0.5,2.0,0.0,0.3,14.8,2.5
2.0,"2019-08-05 19:44:17.000000","2019-08-05 19:58:14.000000",2.0,2.44,1.0,N,4.0,234.0,1.0,11.5,1.0,0.5,3.16,0.0,0.3,18.96,2.5
2.0,"2019-08-06 09:10:51.000000","2019-08-06 09:21:29.000000",6.0,1.56,1.0,N,4.0,234.0,1.0,9.0,0.0,0.5,2.46,0.0,0.3,14.76,2.5
1.0,"2019-08-06 10:28:55.000000","2019-08-06 10:43:24.000000",2.0,1.2,1.0,N,4.0,234.0,2.0,10.0,2.5,0.5,0.0,0.0,0.3,13.3,2.5
1.0,"2019-08-06 11:57:58.000000","2019-08-06 12:13:02.000000",2.0,2.1,1.0,N,4.0,234.0,1.0,11.5,2.5,0.5,1.0,0.0,0.3,15.8,2.5
2.0,"2019-08-06 17:50:14.000000","2019-08-06 18:02:19.000000",6.0,1.96,1.0,N,4.0,234.0,1.0,9.5,1.0,0.5,1.0,0.0,0.3,14.8,2.5
2.0,"2019-08-06 18:15:13.000000","2019-08-06 18:29:30.000000",1.0,1.58,1.0,N,4.0,234.0,2.0,10.5,1.0,0.5,0.0,0.0,0.3,14.8,2.5
2.0,"2019-08-06 20:57:43.000000","2019-08-06 21:07:44.000000",1.0,2.27,1.0,N,4.0,234.0,1.0,9.5,0.5,0.5,1.0,0.0,0.3,14.3,2.5
2.0,"2019-08-07 00:03:12.000000","2019-08-07 00:11:45.000000",1.0,1.1,1.0,N,4.0,234.0,1.0,7.5,0.5,0.5,2.26,0.0,0.3,13.56,2.5
1.0,"2019-08-07 07:44:51.000000","2019-08-07 07:58:30.000000",1.0,1.8,1.0,N,4.0,234.0,1.0,10.0,2.5,0.5,2.0,0.0,0.3,15.3,2.5
1.0,"2019-08-07 08:05:30.000000","2019-08-07 08:17:52.000000",1.0,1.5,1.0,N,4.0,234.0,1.0,9.5,2.5,0.5,3.0,0.0,0.3,15.8,2.5
1.0,"2019-08-07 09:27:15.000000","2019-08-07 09:45:00.000000",1.0,2.6,1.0,N,4.0,234.0,1.0,13.5,2.5,0.5,2.52,0.0,0.3,19.32,2.5
2.0,"2019-08-07 12:49:35.000000","2019-08-07 13:01:40.000000",1.0,1.61,1.0,N,4.0,234.0,1.0,9.5,0.0,0.5,2.0,0.0,0.3,14.8,2.5
2.0,"2019-08-07 20:54:11.000000","2019-08-07 21:01:35.000000",1.0,1.2,1.0,N,4.0,234.0,2.0,6.5,0.5,0.5,0.0,0.0,0.3,10.3,2.5
2.0,"2019-08-07 21:13:57.000000","2019-08-07 21:26:21.000000",1.0,1.93,1.0,N,4.0,234.0,1.0,9.5,0.5,0.5,2.66,0.0,0.3,15.96,2.5
2.0,"2019-08-08 08:24:29.000000","2019-08-08 08:36:00.000000",1.0,1.41,1.0,N,4.0,234.0,2.0,9.0,0.0,0.5,0.0,0.0,0.3,12.3,2.5
2.0,"2019-08-08 12:45:55.000000","2019-08-08 13:03:39.000000",1.0,2.37,1.0,N,4.0,234.0,1.0,13.0,0.0,0.5,1.63,0.0,0.3,17.93,2.5
2.0,"2019-08-08 13:24:48.000000","2019-08-08 13:43:55.000000",1.0,2.49,1.0,N,4.0,234.0,1.0,13.5,0.0,0.5,3.36,0.0,0.3,20.16,2.5
2.0,"2019-08-08 14:12:13.000000","2019-08-08 14:27:54.000000",2.0,2.25,1.0,N,4.0,234.0,1.0,12.0,0.0,0.5,0.0,0.0,0.3,15.3,2.5
2.0,"2019-08-08 17:48:38.000000","2019-08-08 18:00:52.000000",1.0,1.7,1.0,N,4.0,234.0,2.0,10.0,1.0,0.5,0.0,0.0,0.3,14.3,2.5
2.0,"2019-08-08 18:12:45.000000","2019-08-08 18:36:50.000000",1.0,1.99,1.0,N,4.0,234.0,1.0,15.5,1.0,0.5,1.0,0.0,0.3,20.8,2.5
1.0,"2019-08-08 20:37:11.000000","2019-08-08 20:54:02.000000",2.0,1.6,1.0,N,4.0,234.0,1.0,12.0,3.0,0.5,3.15,0.0,0.3,18.95,2.5
2.0,"2019-08-08 20:51:25.000000","2019-08-08 21:03:27.000000",1.0,1.78,1.0,N,4.0,234.0,1.0,10.0,0.5,0.5,0.0,0.0,0.3,13.8,2.5
1.0,"2019-08-08 22:02:36.000000","2019-08-08 22:12:21.000000",2.0,1.3,1.0,N,4.0,234.0,1.0,8.0,3.0,0.5,2.35,0.0,0.3,14.15,2.5
2.0,"2019-08-08 23:15:52.000000","2019-08-08 23:26:59.000000",1.0,1.96,1.0,N,4.0,234.0,1.0,9.5,0.5,0.5,2.66,0.0,0.3,15.96,2.5
2.0,"2019-08-08 23:16:33.000000","2019-08-08 23:32:18.000000",1.0,1.84,1.0,N,4.0,234.0,1.0,11.0,0.5,0.5,1.1,0.0,0.3,15.9,2.5
2.0,"2019-08-08 23:04:07.000000","2019-08-09 23:01:20.000000",4.0,2.16,1.0,N,4.0,234.0,2.0,10.5,0.5,0.5,0.0,0.0,0.3,14.3,2.5
2.0,"2019-08-09 06:40:02.000000","2019-08-09 06:50:02.000000",2.0,1.73,1.0,N,4.0,234.0,1.0,9.0,0.0,0.5,2.46,0.0,0.3,14.76,2.5
2.0,"2019-08-09 08:39:49.000000","2019-08-09 08:56:17.000000",1.0,2.05,1.0,N,4.0,234.0,1.0,12.0,0.0,0.5,3.06,0.0,0.3,18.36,2.5
1.0,"2019-08-09 08:19:12.000000","2019-08-09 08:28:07.000000",1.0,1.9,1.0,N,4.0,234.0,1.0,9.0,2.5,0.5,2.45,0.0,0.3,14.75,2.5
1.0,"2019-08-09 09:33:53.000000","2019-08-09 09:45:37.000000",1.0,1.2,1.0,N,4.0,234.0,1.0,9.0,2.5,0.5,0.62,0.0,0.3,12.92,2.5
1.0,"2019-08-09 10:47:27.000000","2019-08-09 11:02:30.000000",1.0,2.0,1.0,N,4.0,234.0,1.0,11.5,2.5,0.5,2.95,0.0,0.3,17.75,2.5
2.0,"2019-08-09 12:03:21.000000","2019-08-09 12:17:47.000000",1.0,1.79,1.0,N,4.0,234.0,1.0,10.5,0.0,0.5,2.76,0.0,0.3,16.56,2.5
2.0,"2019-08-09 13:53:48.000000","2019-08-09 14:06:27.000000",2.0,1.59,1.0,N,4.0,234.0,2.0,10.0,0.0,0.5,0.0,0.0,0.3,13.3,2.5
2.0,"2019-08-09 14:23:10.000000","2019-08-09 14:41:55.000000",5.0,2.68,1.0,N,4.0,234.0,1.0,14.0,0.0,0.5,3.46,0.0,0.3,20.76,2.5
2.0,"2019-08-09 18:30:39.000000","2019-08-09 18:42:40.000000",1.0,1.69,1.0,N,4.0,234.0,2.0,9.5,1.0,0.5,0.0,0.0,0.3,13.8,2.5
2.0,"2019-08-09 18:59:03.000000","2019-08-09 19:12:57.000000",1.0,1.72,1.0,N,4.0,234.0,2.0,10.5,1.0,0.5,0.0,0.0,0.3,14.8,2.5
2.0,"2019-08-09 20:01:00.000000","2019-08-09 20:09:04.000000",1.0,1.29,1.0,N,4.0,234.0,1.0,7.0,0.5,0.5,1.0,0.0,0.3,11.8,2.5
1.0,"2019-08-10 00:51:22.000000","2019-08-10 00:59:15.000000",2.0,1.3,1.0,N,4.0,234.0,1.0,7.0,3.0,0.5,2.15,0.0,0.3,12.95,2.5
1.0,"2019-08-10 02:01:27.000000","2019-08-10 02:13:17.000000",1.0,1.7,1.0,N,4.0,234.0,1.0,10.0,3.0,0.5,2.75,0.0,0.3,16.55,2.5
2.0,"2019-08-10 02:05:12.000000","2019-08-10 02:20:24.000000",1.0,3.3,1.0,N,4.0,234.0,1.0,13.5,0.5,0.5,3.0,0.0,0.3,20.3,2.5
1.0,"2019-08-10 03:51:59.000000","2019-08-10 04:03:34.000000",2.0,2.1,1.0,N,4.0,234.0,1.0,9.5,3.0,0.5,2.65,0.0,0.3,15.95,2.5
1.0,"2019-08-10 11:17:22.000000","2019-08-10 11:38:25.000000",1.0,1.8,1.0,N,4.0,234.0,1.0,14.0,2.5,0.5,2.0,0.0,0.3,19.3,2.5
2.0,"2019-08-10 12:53:33.000000","2019-08-10 13:07:55.000000",1.0,1.06,1.0,N,4.0,234.0,1.0,10.0,0.0,0.5,2.66,0.0,0.3,15.96,2.5
2.0,"2019-08-10 13:45:58.000000","2019-08-10 13:57:09.000000",1.0,1.78,1.0,N,4.0,234.0,1.0,9.5,0.0,0.5,2.56,0.0,0.3,15.36,2.5
2.0,"2019-08-10 13:04:25.000000","2019-08-10 13:22:46.000000",1.0,1.43,1.0,N,4.0,234.0,2.0,12.0,0.0,0.5,0.0,0.0,0.3,15.3,2.5
2.0,"2019-08-10 16:34:17.000000","2019-08-10 16:47:04.000000",1.0,1.68,1.0,N,4.0,234.0,1.0,10.0,0.0,0.5,2.66,0.0,0.3,15.96,2.5
1.0,"2019-08-10 18:01:34.000000","2019-08-10 18:10:26.000000",1.0,1.1,1.0,N,4.0,234.0,1.0,7.5,2.5,0.5,2.15,0.0,0.3,12.95,2.5
2.0,"2019-08-10 21:04:52.000000","2019-08-10 21:15:50.000000",1.0,1.41,1.0,N,4.0,234.0,1.0,8.5,0.5,0.5,3.0,0.0,0.3,15.3,2.5
2.0,"2019-08-11 00:13:44.000000","2019-08-11 00:20:10.000000",1.0,1.08,1.0,N,4.0,234.0,1.0,6.5,0.5,0.5,1.0,0.0,0.3,11.3,2.5
1.0,"2019-08-11 01:01:16.000000","2019-08-11 01:15:08.000000",2.0,2.2,1.0,N,4.0,234.0,1.0,11.0,3.0,0.5,2.22,0.0,0.3,17.02,2.5
1.0,"2019-08-11 01:41:02.000000","2019-08-11 01:51:43.000000",1.0,1.8,1.0,N,4.0,234.0,1.0,9.0,3.0,0.5,2.55,0.0,0.3,15.35,2.5
2.0,"2019-08-11 02:28:24.000000","2019-08-11 02:38:36.000000",6.0,1.84,1.0,N,4.0,234.0,1.0,9.0,0.5,0.5,2.56,0.0,0.3,15.36,2.5
1.0,"2019-08-11 05:34:24.000000","2019-08-11 05:40:49.000000",1.0,1.3,1.0,N,4.0,234.0,1.0,7.0,3.0,0.5,2.15,0.0,0.3,12.95,2.5
1.0,"2019-08-11 12:25:51.000000","2019-08-11 12:36:07.000000",0.0,2.0,1.0,N,4.0,234.0,2.0,9.0,2.5,0.5,0.0,0.0,0.3,12.3,2.5
2.0,"2019-08-11 16:09:26.000000","2019-08-11 16:18:07.000000",5.0,1.06,1.0,N,4.0,234.0,1.0,7.5,0.0,0.5,1.5,0.0,0.3,12.3,2.5
2.0,"2019-08-11 19:46:33.000000","2019-08-11 20:00:09.000000",1.0,1.83,1.0,N,4.0,234.0,2.0,10.5,0.0,0.5,0.0,0.0,0.3,13.8,2.5
1.0,"2019-08-12 10:46:09.000000","2019-08-12 10:59:28.000000",1.0,1.8,1.0,N,4.0,234.0,1.0,10.0,2.5,0.5,2.65,0.0,0.3,15.95,2.5
1.0,"2019-08-12 11:04:07.000000","2019-08-12 11:15:12.000000",1.0,1.4,1.0,N,4.0,234.0,2.0,8.5,2.5,0.5,0.0,0.0,0.3,11.8,2.5
2.0,"2019-08-12 20:35:39.000000","2019-08-12 20:49:17.000000",1.0,2.18,1.0,N,4.0,234.0,1.0,10.5,0.5,0.5,2.86,0.0,0.3,17.16,2.5
2.0,"2019-08-13 09:46:41.000000","2019-08-13 10:01:16.000000",1.0,1.93,1.0,N,4.0,234.0,1.0,11.0,0.0,0.5,1.5,0.0,0.3,15.8,2.5
2.0,"2019-08-13 10:11:24.000000","2019-08-13 10:21:16.000000",1.0,1.76,1.0,N,4.0,234.0,1.0,9.0,0.0,0.5,1.0,0.0,0.3,13.3,2.5
2.0,"2019-08-13 11:38:01.000000","2019-08-13 11:51:25.000000",1.0,1.76,1.0,N,4.0,234.0,2.0,10.0,0.0,0.5,0.0,0.0,0.3,13.3,2.5
2.0,"2019-08-13 13:14:20.000000","2019-08-13 13:22:38.000000",1.0,1.49,1.0,N,4.0,234.0,1.0,7.5,0.0,0.5,2.0,0.0,0.3,12.8,2.5
2.0,"2019-08-13 18:45:16.000000","2019-08-13 18:59:05.000000",1.0,1.99,1.0,N,4.0,234.0,1.0,10.5,1.0,0.5,3.7,0.0,0.3,18.5,2.5
2.0,"2019-08-13 19:05:01.000000","2019-08-13 19:13:51.000000",1.0,1.49,1.0,N,4.0,234.0,1.0,7.5,1.0,0.5,2.36,0.0,0.3,14.16,2.5
2.0,"2019-08-14 00:02:43.000000","2019-08-14 00:14:33.000000",1.0,1.96,1.0,N,4.0,234.0,1.0,10.0,0.5,0.5,0.0,0.0,0.3,13.8,2.5
2.0,"2019-08-14 00:30:38.000000","2019-08-14 00:36:08.000000",1.0,1.19,1.0,N,4.0,234.0,1.0,6.5,0.5,0.5,2.0,0.0,0.3,12.3,2.5
2.0,"2019-08-14 08:22:59.000000","2019-08-14 08:38:43.000000",1.0,1.57,1.0,N,4.0,234.0,1.0,11.0,0.0,0.5,3.58,0.0,0.3,17.88,2.5
1.0,"2019-08-14 08:38:00.000000","2019-08-14 08:49:28.000000",1.0,1.4,1.0,N,4.0,234.0,1.0,9.0,2.5,0.5,2.0,0.0,0.3,14.3,2.5
2.0,"2019-08-14 09:30:26.000000","2019-08-14 09:55:58.000000",1.0,2.45,1.0,N,4.0,234.0,1.0,16.5,0.0,0.5,3.56,0.0,0.3,25.31,2.5
1.0,"2019-08-14 10:41:17.000000","2019-08-14 10:57:14.000000",1.0,1.8,1.0,N,4.0,234.0,1.0,11.5,2.5,0.5,1.0,0.0,0.3,15.8,2.5
2.0,"2019-08-14 10:58:21.000000","2019-08-14 11:08:46.000000",2.0,1.46,1.0,N,4.0,234.0,1.0,8.5,0.0,0.5,2.0,0.0,0.3,13.8,2.5
1.0,"2019-08-14 11:03:13.000000","2019-08-14 11:16:39.000000",1.0,2.0,1.0,N,4.0,234.0,1.0,10.5,2.5,0.5,2.75,0.0,0.3,16.55,2.5
2.0,"2019-08-14 10:58:53.000000","2019-08-14 11:07:26.000000",1.0,1.28,1.0,N,4.0,234.0,1.0,7.5,0.0,0.5,2.7,0.0,0.3,13.5,2.5
2.0,"2019-08-14 20:56:21.000000","2019-08-14 21:07:30.000000",1.0,1.36,1.0,N,4.0,234.0,1.0,8.5,0.5,0.5,1.5,0.0,0.3,13.8,2.5
2.0,"2019-08-15 07:20:09.000000","2019-08-15 07:32:06.000000",1.0,1.78,1.0,N,4.0,234.0,2.0,9.5,0.0,0.5,0.0,0.0,0.3,12.8,2.5
2.0,"2019-08-15 08:32:21.000000","2019-08-15 08:43:58.000000",1.0,1.33,1.0,N,4.0,234.0,1.0,9.0,0.0,0.5,3.08,0.0,0.3,15.38,2.5
2.0,"2019-08-15 09:22:19.000000","2019-08-15 09:35:33.000000",1.0,1.63,1.0,N,4.0,234.0,1.0,10.0,0.0,0.5,2.66,0.0,0.3,15.96,2.5
1.0,"2019-08-15 10:28:35.000000","2019-08-15 10:37:48.000000",1.0,1.7,1.0,N,4.0,234.0,1.0,8.5,2.5,0.5,2.35,0.0,0.3,14.15,2.5
2.0,"2019-08-15 10:00:35.000000","2019-08-15 10:19:19.000000",1.0,2.01,1.0,N,4.0,234.0,1.0,13.0,0.0,0.5,1.0,0.0,0.3,17.3,2.5
2.0,"2019-08-15 16:53:17.000000","2019-08-15 17:04:05.000000",1.0,1.71,1.0,N,4.0,234.0,2.0,9.0,1.0,0.5,0.0,0.0,0.3,13.3,2.5
2.0,"2019-08-15 18:29:30.000000","2019-08-15 18:45:30.000000",1.0,2.25,1.0,N,4.0,234.0,1.0,11.5,1.0,0.5,3.16,0.0,0.3,20.91,2.5
2.0,"2019-08-15 22:03:03.000000","2019-08-15 22:16:41.000000",1.0,2.36,1.0,N,4.0,234.0,2.0,10.5,0.5,0.5,0.0,0.0,0.3,14.3,2.5
2.0,"2019-08-16 00:26:56.000000","2019-08-16 00:33:35.000000",1.0,0.93,1.0,N,4.0,234.0,1.0,6.0,0.5,0.5,0.0,0.0,0.3,9.8,2.5
2.0,"2019-08-16 06:37:50.000000","2019-08-16 06:46:04.000000",1.0,1.65,1.0,N,4.0,234.0,2.0,8.0,0.0,0.5,0.0,0.0,0.3,11.3,2.5
2.0,"2019-08-16 06:35:50.000000","2019-08-16 06:44:55.000000",1.0,1.83,1.0,N,4.0,234.0,1.0,8.5,0.0,0.5,1.77,0.0,0.3,15.52,2.5
2.0,"2019-08-16 08:33:43.000000","2019-08-16 08:46:22.000000",1.0,1.48,1.0,N,4.0,234.0,2.0,9.5,0.0,0.5,0.0,0.0,0.3,12.8,2.5
2.0,"2019-08-16 10:31:53.000000","2019-08-16 10:50:40.000000",1.0,1.89,1.0,N,4.0,234.0,1.0,13.0,0.0,0.5,3.26,0.0,0.3,19.56,2.5
1.0,"2019-08-16 11:06:04.000000","2019-08-16 11:20:23.000000",1.0,1.8,1.0,Y,4.0,234.0,1.0,10.5,2.5,0.5,1.25,0.0,0.3,15.05,2.5
1.0,"2019-08-16 14:00:30.000000","2019-08-16 14:15:03.000000",1.0,2.1,1.0,N,4.0,234.0,1.0,11.5,2.5,0.5,2.96,0.0,0.3,17.76,2.5
2.0,"2019-08-16 18:06:08.000000","2019-08-16 18:12:43.000000",3.0,0.82,1.0,N,4.0,234.0,1.0,6.0,1.0,0.5,2.06,0.0,0.3,12.36,2.5
2.0,"2019-08-16 20:20:48.000000","2019-08-16 20:31:20.000000",1.0,1.32,1.0,N,4.0,234.0,1.0,8.5,0.5,0.5,2.46,0.0,0.3,14.76,2.5
2.0,"2019-08-17 02:35:59.000000","2019-08-17 02:46:06.000000",1.0,1.75,1.0,N,4.0,234.0,2.0,9.0,0.5,0.5,0.0,0.0,0.3,12.8,2.5
2.0,"2019-08-17 05:42:16.000000","2019-08-17 05:47:04.000000",1.0,1.01,1.0,N,4.0,234.0,1.0,6.0,0.5,0.5,0.0,0.0,0.3,9.8,2.5
1.0,"2019-08-17 08:36:59.000000","2019-08-17 08:49:19.000000",1.0,2.3,1.0,N,4.0,234.0,1.0,11.0,2.5,0.5,2.85,0.0,0.3,17.15,2.5
2.0,"2019-08-17 09:53:45.000000","2019-08-17 10:04:44.000000",6.0,1.53,1.0,N,4.0,234.0,2.0,9.0,0.0,0.5,0.0,0.0,0.3,12.3,2.5
2.0,"2019-08-17 12:57:44.000000","2019-08-17 13:21:29.000000",1.0,1.89,1.0,N,4.0,234.0,1.0,15.5,0.0,0.5,2.0,0.0,0.3,20.8,2.5
2.0,"2019-08-17 18:49:33.000000","2019-08-17 18:57:05.000000",2.0,1.18,1.0,N,4.0,234.0,1.0,7.0,0.0,0.5,1.85,0.0,0.3,12.15,2.5
2.0,"2019-08-17 20:10:51.000000","2019-08-17 20:23:10.000000",4.0,1.75,1.0,N,4.0,234.0,2.0,10.0,0.5,0.5,0.0,0.0,0.3,13.8,2.5
2.0,"2019-08-18 01:19:06.000000","2019-08-18 01:32:08.000000",1.0,2.17,1.0,N,4.0,234.0,1.0,10.0,0.5,0.5,2.07,0.0,0.3,15.87,2.5
2.0,"2019-08-18 02:45:00.000000","2019-08-18 03:00:36.000000",2.0,2.22,1.0,N,4.0,234.0,1.0,11.5,0.5,0.5,3.06,0.0,0.3,18.36,2.5
2.0,"2019-08-18 02:48:01.000000","2019-08-18 03:00:47.000000",1.0,2.1,1.0,N,4.0,234.0,1.0,10.5,0.5,0.5,1.43,0.0,0.3,15.73,2.5
1.0,"2019-08-18 03:53:32.000000","2019-08-18 04:01:59.000000",1.0,1.4,1.0,N,4.0,234.0,2.0,7.5,2.5,0.5,0.0,0.0,0.3,10.8,2.5
1.0,"2019-08-18 04:18:28.000000","2019-08-18 04:29:26.000000",4.0,1.9,1.0,N,4.0,234.0,1.0,10.0,3.0,0.5,2.75,0.0,0.3,16.55,2.5
2.0,"2019-08-18 09:34:26.000000","2019-08-18 09:42:25.000000",1.0,1.55,1.0,N,4.0,234.0,2.0,8.0,0.0,0.5,0.0,0.0,0.3,11.3,2.5
2.0,"2019-08-18 10:10:32.000000","2019-08-18 10:21:48.000000",5.0,1.96,1.0,N,4.0,234.0,1.0,10.0,0.0,0.5,3.32,0.0,0.3,16.62,2.5
1.0,"2019-08-18 17:39:36.000000","2019-08-18 17:49:11.000000",1.0,1.5,1.0,N,4.0,234.0,1.0,8.5,2.5,0.5,2.2,0.0,0.3,14.0,2.5
2.0,"2019-08-18 21:20:35.000000","2019-08-18 21:28:33.000000",3.0,1.33,1.0,N,4.0,234.0,2.0,7.5,0.5,0.5,0.0,0.0,0.3,11.3,2.5
2.0,"2019-08-19 05:56:00.000000","2019-08-19 06:07:23.000000",1.0,2.02,1.0,N,4.0,234.0,2.0,10.5,0.5,0.5,0.0,0.0,0.3,14.3,2.5
2.0,"2019-08-19 16:22:11.000000","2019-08-19 16:30:46.000000",1.0,1.46,1.0,N,4.0,234.0,1.0,7.5,1.0,0.5,2.36,0.0,0.3,14.16,2.5
1.0,"2019-08-19 20:52:03.000000","2019-08-19 21:02:42.000000",1.0,2.0,1.0,N,4.0,234.0,1.0,9.5,3.0,0.5,1.0,0.0,0.3,14.3,2.5
2.0,"2019-08-20 07:55:30.000000","2019-08-20 08:05:17.000000",1.0,1.44,1.0,N,4.0,234.0,1.0,8.0,0.0,0.5,2.26,0.0,0.3,13.56,2.5
2.0,"2019-08-20 07:33:47.000000","2019-08-20 07:44:38.000000",1.0,2.46,1.0,N,4.0,234.0,1.0,10.5,0.0,0.5,2.76,0.0,0.3,16.56,2.5
2.0,"2019-08-20 08:55:59.000000","2019-08-20 09:07:53.000000",2.0,1.76,1.0,N,4.0,234.0,1.0,9.5,0.0,0.5,2.56,0.0,0.3,15.36,2.5
1.0,"2019-08-20 09:25:53.000000","2019-08-20 09:43:57.000000",1.0,2.4,1.0,N,4.0,234.0,1.0,13.5,2.5,0.5,4.2,0.0,0.3,21.0,2.5
2.0,"2019-08-20 10:05:34.000000","2019-08-20 10:21:06.000000",1.0,1.85,1.0,N,4.0,234.0,1.0,11.5,0.0,0.5,1.48,0.0,0.3,16.28,2.5
2.0,"2019-08-20 10:05:41.000000","2019-08-20 10:18:47.000000",1.0,1.96,1.0,N,4.0,234.0,2.0,10.5,0.0,0.5,0.0,0.0,0.3,13.8,2.5
1.0,"2019-08-20 12:49:30.000000","2019-08-20 12:59:28.000000",1.0,1.6,1.0,N,4.0,234.0,1.0,9.0,2.5,0.5,2.45,0.0,0.3,14.75,2.5
2.0,"2019-08-20 19:19:05.000000","2019-08-20 19:30:35.000000",1.0,2.0,1.0,N,4.0,234.0,1.0,9.5,1.0,0.5,2.76,0.0,0.3,16.56,2.5
2.0,"2019-08-21 00:25:37.000000","2019-08-21 00:38:50.000000",1.0,1.63,1.0,N,4.0,234.0,1.0,10.0,0.5,0.5,2.76,0.0,0.3,16.56,2.5
1.0,"2019-08-21 08:01:33.000000","2019-08-21 08:13:26.000000",1.0,1.9,1.0,N,4.0,234.0,1.0,9.5,2.5,0.5,1.92,0.0,0.3,14.72,2.5
1.0,"2019-08-21 09:12:33.000000","2019-08-21 09:25:18.000000",1.0,1.5,1.0,N,4.0,234.0,1.0,9.5,2.5,0.5,2.0,0.0,0.3,14.8,2.5
2.0,"2019-08-21 10:16:29.000000","2019-08-21 10:26:35.000000",1.0,1.88,1.0,N,4.0,234.0,1.0,9.0,0.0,0.5,1.0,0.0,0.3,13.3,2.5
2.0,"2019-08-21 10:16:37.000000","2019-08-21 10:32:13.000000",1.0,1.93,1.0,N,4.0,234.0,1.0,11.5,0.0,0.5,2.96,0.0,0.3,17.76,2.5
2.0,"2019-08-21 17:59:12.000000","2019-08-21 18:12:02.000000",1.0,1.57,1.0,N,4.0,234.0,1.0,9.5,1.0,0.5,2.19,0.0,0.3,15.99,2.5
2.0,"2019-08-21 18:20:16.000000","2019-08-21 18:34:13.000000",5.0,1.11,1.0,N,4.0,234.0,1.0,10.0,1.0,0.5,1.0,0.0,0.3,15.3,2.5
1.0,"2019-08-21 19:34:15.000000","2019-08-21 19:40:45.000000",1.0,0.8,1.0,N,4.0,234.0,1.0,6.0,3.5,0.5,2.05,0.0,0.3,12.35,2.5
1.0,"2019-08-21 23:58:51.000000","2019-08-22 00:12:44.000000",3.0,2.6,1.0,Y,4.0,234.0,1.0,11.5,3.0,0.5,3.05,0.0,0.3,18.35,2.5
2.0,"2019-08-22 00:27:02.000000","2019-08-22 00:40:25.000000",1.0,2.37,1.0,N,4.0,234.0,1.0,11.0,0.5,0.5,2.96,0.0,0.3,17.76,2.5
1.0,"2019-08-22 08:21:50.000000","2019-08-22 08:31:52.000000",1.0,1.3,1.0,N,4.0,234.0,1.0,8.0,2.5,0.5,3.35,0.0,0.3,14.65,2.5
1.0,"2019-08-22 10:32:01.000000","2019-08-22 10:50:20.000000",1.0,1.6,1.0,N,4.0,234.0,1.0,12.5,2.5,0.5,3.15,0.0,0.3,18.95,2.5
2.0,"2019-08-22 10:18:46.000000","2019-08-22 10:31:03.000000",1.0,1.82,1.0,N,4.0,234.0,1.0,10.0,0.0,0.5,2.66,0.0,0.3,15.96,2.5
2.0,"2019-08-22 10:25:08.000000","2019-08-22 10:37:17.000000",3.0,1.57,1.0,N,4.0,234.0,1.0,9.5,0.0,0.5,2.56,0.0,0.3,15.36,2.5
1.0,"2019-08-22 21:08:57.000000","2019-08-22 21:22:08.000000",1.0,1.7,1.0,N,4.0,234.0,1.0,9.5,3.0,0.5,2.66,0.0,0.3,15.96,2.5
2.0,"2019-08-22 21:32:41.000000","2019-08-22 21:44:56.000000",2.0,2.21,1.0,N,4.0,234.0,1.0,10.5,0.5,0.5,2.86,0.0,0.3,17.16,2.5
1.0,"2019-08-22 21:02:06.000000","2019-08-22 21:18:28.000000",2.0,2.1,1.0,N,4.0,234.0,1.0,11.5,3.0,0.5,4.55,0.0,0.3,19.85,2.5
2.0,"2019-08-22 22:59:49.000000","2019-08-22 23:12:26.000000",1.0,1.97,1.0,N,4.0,234.0,2.0,10.0,0.5,0.5,0.0,0.0,0.3,13.8,2.5
2.0,"2019-08-23 00:11:59.000000","2019-08-23 00:24:05.000000",5.0,1.86,1.0,N,4.0,234.0,2.0,9.5,0.5,0.5,0.0,0.0,0.3,13.3,2.5
1.0,"2019-08-23 01:51:00.000000","2019-08-23 01:59:50.000000",1.0,1.5,1.0,N,4.0,234.0,1.0,8.0,3.0,0.5,1.0,0.0,0.3,12.8,2.5
2.0,"2019-08-23 01:33:06.000000","2019-08-23 01:45:56.000000",2.0,2.31,1.0,N,4.0,234.0,1.0,10.5,0.5,0.5,2.86,0.0,0.3,17.16,2.5
2.0,"2019-08-23 06:41:38.000000","2019-08-23 06:50:38.000000",1.0,1.51,1.0,N,4.0,234.0,1.0,8.0,0.0,0.5,1.0,0.0,0.3,12.3,2.5
2.0,"2019-08-23 08:48:35.000000","2019-08-23 09:03:54.000000",1.0,2.44,1.0,N,4.0,234.0,1.0,11.5,0.0,0.5,2.96,0.0,0.3,17.76,2.5
2.0,"2019-08-23 08:26:49.000000","2019-08-23 08:41:48.000000",1.0,2.35,1.0,N,4.0,234.0,2.0,11.5,0.0,0.5,0.0,0.0,0.3,14.8,2.5
1.0,"2019-08-23 12:26:38.000000","2019-08-23 12:37:07.000000",1.0,1.4,1.0,N,4.0,234.0,2.0,8.5,2.5,0.5,0.0,0.0,0.3,11.8,2.5
2.0,"2019-08-23 14:32:27.000000","2019-08-23 14:42:27.000000",1.0,1.5,1.0,N,4.0,234.0,2.0,8.5,0.0,0.5,0.0,0.0,0.3,11.8,2.5
1.0,"2019-08-23 14:09:34.000000","2019-08-23 14:22:56.000000",2.0,1.9,1.0,N,4.0,234.0,1.0,10.0,2.5,0.5,2.0,0.0,0.3,15.3,2.5
2.0,"2019-08-23 15:23:14.000000","2019-08-23 15:39:36.000000",1.0,2.13,1.0,N,4.0,234.0,1.0,12.0,0.0,0.5,2.3,0.0,0.3,19.55,2.5
1.0,"2019-08-23 18:04:10.000000","2019-08-23 18:17:39.000000",1.0,1.5,1.0,N,4.0,234.0,1.0,10.0,3.5,0.5,2.85,0.0,0.3,17.15,2.5
2.0,"2019-08-23 20:38:09.000000","2019-08-23 20:51:55.000000",1.0,1.36,1.0,N,4.0,234.0,2.0,6.0,0.5,0.5,0.0,0.0,0.3,9.8,2.5
2.0,"2019-08-23 23:18:48.000000","2019-08-23 23:30:31.000000",2.0,1.74,1.0,N,4.0,234.0,4.0,-9.0,-0.5,-0.5,0.0,0.0,-0.3,-12.8,-2.5
2.0,"2019-08-23 23:18:48.000000","2019-08-23 23:30:31.000000",2.0,1.74,1.0,N,4.0,234.0,2.0,9.0,0.5,0.5,0.0,0.0,0.3,12.8,2.5
2.0,"2019-08-24 05:29:29.000000","2019-08-24 05:44:46.000000",2.0,2.58,1.0,N,4.0,234.0,2.0,12.5,0.5,0.5,0.0,0.0,0.3,16.3,2.5
2.0,"2019-08-24 11:44:16.000000","2019-08-24 11:56:24.000000",1.0,1.67,1.0,N,4.0,234.0,1.0,10.0,0.0,0.5,2.66,0.0,0.3,15.96,2.5
2.0,"2019-08-24 11:17:06.000000","2019-08-24 11:27:57.000000",1.0,1.94,1.0,N,4.0,234.0,1.0,9.5,0.0,0.5,1.0,0.0,0.3,13.8,2.5
1.0,"2019-08-24 11:11:36.000000","2019-08-24 11:19:31.000000",1.0,1.3,1.0,N,4.0,234.0,1.0,7.5,2.5,0.5,1.0,0.0,0.3,11.8,2.5
1.0,"2019-08-24 13:14:01.000000","2019-08-24 13:27:01.000000",2.0,1.5,1.0,N,4.0,234.0,1.0,10.0,2.5,0.5,2.65,0.0,0.3,15.95,2.5
2.0,"2019-08-24 15:51:48.000000","2019-08-24 16:04:18.000000",1.0,2.16,1.0,N,4.0,234.0,1.0,10.5,0.0,0.5,2.0,0.0,0.3,15.8,2.5
2.0,"2019-08-24 18:21:32.000000","2019-08-24 18:31:46.000000",2.0,1.39,1.0,N,4.0,234.0,2.0,8.5,0.0,0.5,0.0,0.0,0.3,11.8,2.5
2.0,"2019-08-24 20:07:24.000000","2019-08-24 20:20:02.000000",2.0,1.72,1.0,N,4.0,234.0,2.0,10.0,0.5,0.5,0.0,0.0,0.3,13.8,2.5
2.0,"2019-08-25 00:34:14.000000","2019-08-25 00:45:31.000000",1.0,1.57,1.0,N,4.0,234.0,1.0,9.0,0.5,0.5,2.56,0.0,0.3,15.36,2.5
2.0,"2019-08-25 01:29:07.000000","2019-08-25 01:37:12.000000",4.0,1.17,1.0,N,4.0,234.0,1.0,7.5,0.5,0.5,2.26,0.0,0.3,13.56,2.5
1.0,"2019-08-25 01:25:16.000000","2019-08-25 01:33:39.000000",2.0,1.4,1.0,N,4.0,234.0,1.0,7.5,3.0,0.5,1.1,0.0,0.3,12.4,2.5
2.0,"2019-08-25 01:16:58.000000","2019-08-25 01:30:48.000000",2.0,2.29,1.0,N,4.0,234.0,1.0,11.0,0.5,0.5,2.96,0.0,0.3,17.76,2.5
2.0,"2019-08-25 10:54:39.000000","2019-08-25 11:07:17.000000",1.0,2.33,1.0,N,4.0,234.0,1.0,11.0,0.0,0.5,4.29,0.0,0.3,18.59,2.5
2.0,"2019-08-25 13:39:25.000000","2019-08-25 13:48:13.000000",5.0,1.28,1.0,N,4.0,234.0,2.0,8.0,0.0,0.5,0.0,0.0,0.3,11.3,2.5
1.0,"2019-08-25 18:45:39.000000","2019-08-25 18:55:30.000000",2.0,1.2,1.0,N,4.0,234.0,2.0,8.0,2.5,0.5,0.0,0.0,0.3,11.3,2.5
1.0,"2019-08-25 21:12:14.000000","2019-08-25 21:20:10.000000",1.0,1.3,1.0,N,4.0,234.0,1.0,7.5,3.0,0.5,2.25,0.0,0.3,13.55,2.5
2.0,"2019-08-26 07:59:36.000000","2019-08-26 08:10:03.000000",1.0,1.58,1.0,N,4.0,234.0,1.0,9.0,0.0,0.5,2.46,0.0,0.3,14.76,2.5
1.0,"2019-08-26 11:05:49.000000","2019-08-26 11:18:48.000000",2.0,2.4,1.0,N,4.0,234.0,1.0,11.0,2.5,0.5,1.5,0.0,0.3,15.8,2.5
2.0,"2019-08-26 16:18:41.000000","2019-08-26 16:29:41.000000",2.0,1.82,1.0,N,4.0,234.0,1.0,9.0,1.0,0.5,2.66,0.0,0.3,15.96,2.5
2.0,"2019-08-26 19:21:26.000000","2019-08-26 19:34:58.000000",1.0,1.8,1.0,N,4.0,234.0,1.0,10.0,1.0,0.5,1.43,0.0,0.3,15.73,2.5
1.0,"2019-08-26 23:31:11.000000","2019-08-26 23:37:38.000000",2.0,1.1,1.0,N,4.0,234.0,2.0,6.5,3.0,0.5,0.0,0.0,0.3,10.3,2.5
2.0,"2019-08-27 08:47:43.000000","2019-08-27 08:57:15.000000",1.0,1.39,1.0,N,4.0,234.0,1.0,8.0,0.0,0.5,1.7,0.0,0.3,13.0,2.5
2.0,"2019-08-27 10:05:33.000000","2019-08-27 10:17:34.000000",2.0,2.01,1.0,N,4.0,234.0,1.0,10.0,0.0,0.5,1.0,0.0,0.3,14.3,2.5
1.0,"2019-08-27 11:00:35.000000","2019-08-27 11:11:34.000000",2.0,1.5,1.0,N,4.0,234.0,1.0,9.0,0.0,0.5,0.0,0.0,0.3,9.8,0.0
2.0,"2019-08-27 12:15:07.000000","2019-08-27 12:23:03.000000",1.0,1.09,1.0,N,4.0,234.0,1.0,7.0,0.0,0.5,2.06,0.0,0.3,12.36,2.5
2.0,"2019-08-28 13:07:35.000000","2019-08-28 13:21:12.000000",1.0,1.84,1.0,N,4.0,234.0,1.0,10.0,0.0,0.5,2.66,0.0,0.3,15.96,2.5
1.0,"2019-08-28 14:42:12.000000","2019-08-28 14:51:06.000000",1.0,1.4,1.0,N,4.0,234.0,1.0,8.0,2.5,0.5,2.0,0.0,0.3,13.3,2.5
1.0,"2019-08-28 20:26:15.000000","2019-08-28 20:42:26.000000",1.0,1.5,1.0,N,4.0,234.0,2.0,11.0,3.0,0.5,0.0,0.0,0.3,14.8,2.5
2.0,"2019-08-29 10:29:33.000000","2019-08-29 10:40:03.000000",1.0,1.87,1.0,N,4.0,234.0,1.0,9.0,0.0,0.5,1.0,0.0,0.3,13.3,2.5
1.0,"2019-08-29 12:36:54.000000","2019-08-29 12:49:50.000000",1.0,1.8,1.0,N,4.0,234.0,1.0,10.0,2.5,0.5,2.65,0.0,0.3,15.95,2.5
1.0,"2019-08-29 20:44:37.000000","2019-08-29 20:57:52.000000",1.0,1.8,1.0,N,4.0,234.0,1.0,10.0,3.0,0.5,2.76,0.0,0.3,16.56,2.5
1.0,"2019-08-30 00:41:07.000000","2019-08-30 00:49:25.000000",1.0,1.5,1.0,N,4.0,234.0,1.0,7.5,3.0,0.5,2.25,0.0,0.3,13.55,2.5
2.0,"2019-08-30 01:09:10.000000","2019-08-30 01:17:28.000000",1.0,1.63,1.0,N,4.0,234.0,1.0,8.0,0.5,0.5,2.36,0.0,0.3,14.16,2.5
1.0,"2019-08-30 01:13:54.000000","2019-08-30 01:21:14.000000",1.0,1.4,1.0,N,4.0,234.0,2.0,7.5,3.0,0.5,0.0,0.0,0.3,11.3,2.5
1.0,"2019-08-30 08:07:19.000000","2019-08-30 08:22:51.000000",1.0,2.4,1.0,N,4.0,234.0,2.0,12.0,2.5,0.5,0.0,0.0,0.3,15.3,2.5
2.0,"2019-08-30 10:35:34.000000","2019-08-30 10:45:41.000000",6.0,1.62,1.0,N,4.0,234.0,1.0,8.5,0.0,0.5,2.36,0.0,0.3,14.16,2.5
1.0,"2019-08-30 11:08:46.000000","2019-08-30 11:17:54.000000",2.0,1.3,1.0,N,4.0,234.0,1.0,7.5,2.5,0.5,2.0,0.0,0.3,12.8,2.5
1.0,"2019-08-30 13:58:46.000000","2019-08-30 14:11:40.000000",0.0,2.5,1.0,N,4.0,234.0,1.0,11.5,2.5,0.5,2.0,0.0,0.3,16.8,2.5
2.0,"2019-08-30 14:20:30.000000","2019-08-30 14:30:49.000000",1.0,1.54,1.0,N,4.0,234.0,2.0,8.5,0.0,0.5,0.0,0.0,0.3,11.8,2.5
1.0,"2019-08-30 14:43:20.000000","2019-08-30 14:59:47.000000",3.0,2.0,1.0,N,4.0,234.0,2.0,11.5,2.5,0.5,0.0,0.0,0.3,14.8,2.5
2.0,"2019-08-30 14:49:13.000000","2019-08-30 15:02:41.000000",1.0,1.41,1.0,N,4.0,234.0,1.0,9.0,0.0,0.5,2.8,0.0,0.3,15.1,2.5
2.0,"2019-08-30 15:54:59.000000","2019-08-30 16:07:48.000000",2.0,1.8,1.0,N,4.0,234.0,1.0,10.5,0.0,0.5,1.2,0.0,0.3,15.0,2.5
2.0,"2019-08-30 17:11:22.000000","2019-08-30 17:21:59.000000",1.0,1.53,1.0,N,4.0,234.0,1.0,8.5,1.0,0.5,1.0,0.0,0.3,13.8,2.5
1.0,"2019-08-31 00:57:14.000000","2019-08-31 01:10:52.000000",1.0,2.0,1.0,N,4.0,234.0,1.0,10.5,3.0,0.5,2.85,0.0,0.3,17.15,2.5
1.0,"2019-08-31 03:28:11.000000","2019-08-31 03:33:53.000000",1.0,1.0,1.0,N,4.0,234.0,1.0,6.0,3.0,0.5,1.95,0.0,0.3,11.75,2.5
1.0,"2019-08-31 09:47:56.000000","2019-08-31 09:59:23.000000",1.0,2.2,1.0,N,4.0,234.0,2.0,10.0,2.5,0.5,0.0,0.0,0.3,13.3,2.5
1.0,"2019-08-31 12:00:42.000000","2019-08-31 12:09:35.000000",1.0,2.0,1.0,N,4.0,234.0,1.0,9.0,2.5,0.5,2.45,0.0,0.3,14.75,2.5
2.0,"2019-08-31 14:07:38.000000","2019-08-31 14:20:11.000000",1.0,2.07,1.0,N,4.0,234.0,2.0,10.5,0.0,0.5,0.0,0.0,0.3,13.8,2.5
2.0,"2019-08-31 15:40:13.000000","2019-08-31 15:47:44.000000",1.0,1.12,1.0,N,4.0,234.0,2.0,7.0,0.0,0.5,0.0,0.0,0.3,10.3,2.5
2.0,"2019-08-31 22:37:46.000000","2019-08-31 22:48:18.000000",1.0,1.74,1.0,N,4.0,234.0,1.0,8.5,0.5,0.5,2.46,0.0,0.3,14.76,2.5
1.0,"2019-08-31 23:27:32.000000","2019-08-31 23:39:39.000000",2.0,1.9,1.0,N,4.0,234.0,2.0,10.0,3.0,0.5,0.0,0.0,0.3,13.8,2.5
