2.0,"2019-08-01 01:29:57.000000","2019-08-01 01:43:43.000000",5.0,4.42,1.0,N,75.0,234.0,2.0,13.5,0.5,0.5,0.0,0.0,0.3,17.3,2.5
2.0,"2019-08-01 06:07:17.000000","2019-08-01 06:20:38.000000",1.0,3.87,1.0,N,75.0,234.0,1.0,13.5,0.0,0.5,3.36,0.0,0.3,20.16,2.5
2.0,"2019-08-01 08:09:39.000000","2019-08-01 08:38:03.000000",1.0,3.87,1.0,N,75.0,234.0,1.0,20.0,0.0,0.5,1.7,0.0,0.3,25.0,2.5
2.0,"2019-08-01 10:32:19.000000","2019-08-01 11:05:04.000000",2.0,4.21,1.0,N,75.0,234.0,1.0,21.5,0.0,0.5,0.01,0.0,0.3,24.81,2.5
2.0,"2019-08-01 11:27:46.000000","2019-08-01 11:44:36.000000",1.0,4.82,1.0,N,75.0,234.0,1.0,17.5,0.0,0.5,4.16,0.0,0.3,24.96,2.5
1.0,"2019-08-01 14:36:06.000000","2019-08-01 15:14:58.000000",1.0,3.6,1.0,N,75.0,234.0,1.0,23.5,2.5,0.5,5.35,0.0,0.3,32.15,2.5
1.0,"2019-08-01 14:08:28.000000","2019-08-01 14:33:53.000000",1.0,4.0,1.0,N,75.0,234.0,1.0,18.0,2.5,0.5,1.0,0.0,0.3,22.3,2.5
1.0,"2019-08-01 15:20:29.000000","2019-08-01 16:03:10.000000",1.0,4.5,1.0,N,75.0,234.0,1.0,26.0,2.5,0.5,1.7,0.0,0.3,31.0,2.5
2.0,"2019-08-01 18:56:56.000000","2019-08-01 19:17:23.000000",1.0,5.3,1.0,N,75.0,234.0,1.0,19.0,1.0,0.5,2.33,0.0,0.3,25.63,2.5
2.0,"2019-08-01 22:49:17.000000","2019-08-01 23:07:38.000000",1.0,3.56,1.0,N,75.0,234.0,2.0,14.5,0.5,0.5,0.0,0.0,0.3,18.3,2.5
2.0,"2019-08-02 05:40:24.000000","2019-08-02 05:53:10.000000",1.0,4.72,1.0,N,75.0,234.0,1.0,15.0,0.5,0.5,2.0,0.0,0.3,20.8,2.5
2.0,"2019-08-02 15:01:30.000000","2019-08-02 15:30:36.000000",4.0,5.65,1.0,N,75.0,234.0,2.0,22.0,0.0,0.5,0.0,0.0,0.3,25.3,2.5
2.0,"2019-08-02 15:03:38.000000","2019-08-02 15:31:39.000000",2.0,3.92,1.0,N,75.0,234.0,1.0,19.0,0.0,0.5,6.69,0.0,0.3,28.99,2.5
2.0,"2019-08-02 15:38:21.000000","2019-08-02 16:05:26.000000",1.0,3.73,1.0,N,75.0,234.0,2.0,19.5,0.0,0.5,0.0,0.0,0.3,22.8,2.5
2.0,"2019-08-02 15:35:32.000000","2019-08-02 16:05:38.000000",1.0,4.07,1.0,N,75.0,234.0,1.0,20.0,0.0,0.5,0.0,0.0,0.3,23.3,2.5
1.0,"2019-08-02 16:25:58.000000","2019-08-02 16:57:45.000000",1.0,3.9,1.0,N,75.0,234.0,1.0,21.0,3.5,0.5,4.5,0.0,0.3,29.8,2.5
1.0,"2019-08-03 08:57:09.000000","2019-08-03 09:11:48.000000",1.0,3.7,1.0,N,75.0,234.0,1.0,13.5,2.5,0.5,3.35,0.0,0.3,20.15,2.5
1.0,"2019-08-03 11:44:09.000000","2019-08-03 12:13:56.000000",1.0,4.9,1.0,N,75.0,234.0,2.0,21.0,2.5,0.5,0.0,0.0,0.3,24.3,2.5
1.0,"2019-08-03 11:19:50.000000","2019-08-03 11:41:11.000000",1.0,3.8,1.0,N,75.0,234.0,1.0,16.5,2.5,0.5,3.95,0.0,0.3,23.75,2.5
1.0,"2019-08-03 14:12:29.000000","2019-08-03 14:37:02.000000",1.0,4.0,1.0,N,75.0,234.0,3.0,18.0,2.5,0.5,0.0,0.0,0.3,21.3,2.5
2.0,"2019-08-03 20:31:52.000000","2019-08-03 20:48:37.000000",2.0,4.32,1.0,N,75.0,234.0,1.0,15.0,0.5,0.5,2.2,0.0,0.3,21.0,2.5
2.0,"2019-08-03 21:06:47.000000","2019-08-03 21:26:09.000000",1.0,4.18,1.0,N,75.0,234.0,1.0,16.0,0.5,0.5,3.5,0.0,0.3,23.3,2.5
2.0,"2019-08-04 00:59:34.000000","2019-08-04 01:13:46.000000",3.0,5.9,1.0,N,75.0,234.0,2.0,18.5,0.5,0.5,0.0,0.0,0.3,22.3,2.5
2.0,"2019-08-04 09:18:01.000000","2019-08-04 09:40:11.000000",1.0,5.24,1.0,N,75.0,234.0,2.0,19.5,0.0,0.5,0.0,0.0,0.3,22.8,2.5
2.0,"2019-08-04 11:22:39.000000","2019-08-04 11:48:19.000000",1.0,3.88,1.0,N,75.0,234.0,1.0,18.0,0.0,0.5,4.26,0.0,0.3,25.56,2.5
2.0,"2019-08-04 12:23:17.000000","2019-08-04 12:45:55.000000",1.0,6.36,1.0,N,75.0,234.0,1.0,22.0,0.0,0.5,5.06,0.0,0.3,30.36,2.5
2.0,"2019-08-04 21:12:05.000000","2019-08-04 21:27:37.000000",5.0,4.24,1.0,N,75.0,234.0,1.0,15.0,0.5,0.5,3.0,0.0,0.3,21.8,2.5
2.0,"2019-08-05 09:24:16.000000","2019-08-05 09:58:21.000000",1.0,4.35,1.0,N,75.0,234.0,1.0,22.0,0.0,0.5,5.06,0.0,0.3,30.36,2.5
2.0,"2019-08-05 11:08:10.000000","2019-08-05 11:38:12.000000",1.0,4.92,1.0,N,75.0,234.0,2.0,21.5,0.0,0.5,0.0,0.0,0.3,24.8,2.5
2.0,"2019-08-05 13:28:32.000000","2019-08-05 13:53:24.000000",2.0,5.36,1.0,N,75.0,234.0,1.0,20.5,0.0,0.5,2.0,0.0,0.3,25.8,2.5
2.0,"2019-08-05 17:34:41.000000","2019-08-05 18:12:47.000000",1.0,4.41,1.0,N,75.0,234.0,2.0,24.5,1.0,0.5,0.0,0.0,0.3,28.8,2.5
1.0,"2019-08-05 19:45:04.000000","2019-08-05 20:07:51.000000",1.0,4.3,1.0,N,75.0,234.0,1.0,18.0,3.0,0.5,4.35,0.0,0.3,26.15,2.5
2.0,"2019-08-05 22:58:57.000000","2019-08-05 23:12:53.000000",1.0,3.99,1.0,N,75.0,234.0,2.0,14.0,0.5,0.5,0.0,0.0,0.3,17.8,2.5
2.0,"2019-08-06 08:42:10.000000","2019-08-06 09:17:04.000000",1.0,4.24,1.0,N,75.0,234.0,1.0,23.0,0.0,0.5,3.0,0.0,0.3,29.3,2.5
2.0,"2019-08-06 09:48:13.000000","2019-08-06 10:27:13.000000",1.0,3.61,1.0,N,75.0,234.0,1.0,24.0,0.0,0.5,5.46,0.0,0.3,32.76,2.5
2.0,"2019-08-06 10:18:26.000000","2019-08-06 11:07:50.000000",2.0,4.54,1.0,N,75.0,234.0,1.0,30.0,0.0,0.5,5.0,0.0,0.3,38.3,2.5
1.0,"2019-08-06 11:50:42.000000","2019-08-06 12:23:41.000000",2.0,3.6,1.0,N,75.0,234.0,1.0,21.0,2.5,0.5,6.05,0.0,0.3,30.35,2.5
1.0,"2019-08-06 12:48:06.000000","2019-08-06 13:26:36.000000",1.0,3.8,1.0,Y,75.0,234.0,1.0,24.0,2.5,0.5,4.0,0.0,0.3,31.3,2.5
2.0,"2019-08-06 13:39:59.000000","2019-08-06 14:11:07.000000",1.0,5.7,1.0,N,75.0,234.0,1.0,24.0,0.0,0.5,2.7,0.0,0.3,30.0,2.5
1.0,"2019-08-06 15:07:27.000000","2019-08-06 15:39:53.000000",1.0,3.8,1.0,N,75.0,234.0,1.0,21.0,2.5,0.5,4.85,0.0,0.3,29.15,2.5
1.0,"2019-08-06 20:25:26.000000","2019-08-06 20:52:54.000000",0.0,5.0,1.0,N,75.0,234.0,1.0,20.5,3.0,0.5,4.85,0.0,0.3,29.15,2.5
2.0,"2019-08-06 20:34:31.000000","2019-08-06 20:54:41.000000",5.0,3.56,1.0,N,75.0,234.0,1.0,15.5,0.5,0.5,3.86,0.0,0.3,23.16,2.5
2.0,"2019-08-06 22:40:50.000000","2019-08-06 23:01:59.000000",5.0,4.72,1.0,N,75.0,234.0,2.0,17.5,0.5,0.5,0.0,0.0,0.3,21.3,2.5
2.0,"2019-08-07 06:22:53.000000","2019-08-07 06:37:41.000000",1.0,4.33,1.0,N,75.0,234.0,1.0,15.0,0.0,0.5,3.66,0.0,0.3,21.96,2.5
2.0,"2019-08-07 07:46:39.000000","2019-08-07 08:08:43.000000",6.0,4.06,1.0,N,75.0,234.0,1.0,17.5,0.0,0.5,1.2,0.0,0.3,22.0,2.5
1.0,"2019-08-07 08:37:53.000000","2019-08-07 09:02:04.000000",1.0,3.8,1.0,N,75.0,234.0,1.0,17.5,2.5,0.5,2.0,0.0,0.3,22.8,2.5
1.0,"2019-08-07 08:51:21.000000","2019-08-07 09:15:22.000000",1.0,3.5,1.0,N,75.0,234.0,1.0,17.0,2.5,0.5,1.7,0.0,0.3,22.0,2.5
2.0,"2019-08-07 12:18:08.000000","2019-08-07 12:47:53.000000",1.0,6.37,1.0,N,75.0,234.0,1.0,25.0,0.0,0.5,5.66,0.0,0.3,33.96,2.5
2.0,"2019-08-07 12:05:54.000000","2019-08-07 12:38:36.000000",1.0,4.06,1.0,N,75.0,234.0,1.0,21.5,0.0,0.5,7.44,0.0,0.3,32.24,2.5
1.0,"2019-08-07 13:52:00.000000","2019-08-07 14:35:10.000000",1.0,4.4,1.0,N,75.0,234.0,1.0,26.5,2.5,0.5,5.0,0.0,0.3,34.8,2.5
2.0,"2019-08-07 14:11:52.000000","2019-08-07 14:39:31.000000",1.0,5.74,1.0,N,75.0,234.0,1.0,22.0,0.0,0.5,5.06,0.0,0.3,30.36,2.5
2.0,"2019-08-07 16:56:12.000000","2019-08-07 17:42:47.000000",4.0,4.39,1.0,N,75.0,234.0,1.0,28.0,1.0,0.5,6.46,0.0,0.3,38.76,2.5
1.0,"2019-08-07 18:05:22.000000","2019-08-07 18:49:10.000000",1.0,5.2,1.0,N,75.0,234.0,1.0,27.5,3.5,0.5,5.0,0.0,0.3,36.8,2.5
2.0,"2019-08-07 22:38:45.000000","2019-08-07 22:57:55.000000",1.0,4.41,1.0,N,75.0,234.0,1.0,16.5,0.5,0.5,4.06,0.0,0.3,24.36,2.5
2.0,"2019-08-08 06:36:29.000000","2019-08-08 06:54:04.000000",1.0,4.37,1.0,N,75.0,234.0,1.0,16.0,0.0,0.5,3.86,0.0,0.3,23.16,2.5
1.0,"2019-08-08 07:56:19.000000","2019-08-08 08:23:55.000000",1.0,4.1,1.0,N,75.0,234.0,1.0,19.0,2.5,0.5,1.7,0.0,0.3,24.0,2.5
1.0,"2019-08-08 08:35:57.000000","2019-08-08 09:03:08.000000",1.0,3.5,1.0,N,75.0,234.0,1.0,18.5,2.5,0.5,1.2,0.0,0.3,23.0,2.5
2.0,"2019-08-08 09:25:07.000000","2019-08-08 09:50:16.000000",1.0,4.04,1.0,N,75.0,234.0,1.0,18.0,0.0,0.5,2.0,0.0,0.3,23.3,2.5
1.0,"2019-08-08 12:00:51.000000","2019-08-08 12:42:19.000000",2.0,3.9,1.0,N,75.0,234.0,1.0,25.0,2.5,0.5,5.65,0.0,0.3,33.95,2.5
2.0,"2019-08-08 12:11:32.000000","2019-08-08 12:45:06.000000",1.0,5.28,1.0,N,75.0,234.0,1.0,25.0,0.0,0.5,2.0,0.0,0.3,30.3,2.5
2.0,"2019-08-08 14:52:27.000000","2019-08-08 15:30:44.000000",2.0,4.27,1.0,N,75.0,234.0,1.0,25.0,0.0,0.5,5.66,0.0,0.3,33.96,2.5
1.0,"2019-08-08 19:02:48.000000","2019-08-08 19:27:29.000000",1.0,5.0,1.0,N,75.0,234.0,2.0,20.0,3.5,0.5,0.0,0.0,0.3,24.3,2.5
2.0,"2019-08-08 20:21:50.000000","2019-08-08 20:44:05.000000",1.0,3.86,1.0,N,75.0,234.0,2.0,16.5,0.5,0.5,0.0,0.0,0.3,20.3,2.5
2.0,"2019-08-09 05:50:31.000000","2019-08-09 06:03:16.000000",1.0,4.66,1.0,N,75.0,234.0,1.0,15.0,0.5,0.5,2.0,0.0,0.3,20.8,2.5
2.0,"2019-08-09 04:53:00.000000","2019-08-09 05:04:22.000000",1.0,4.32,1.0,N,75.0,234.0,1.0,14.0,0.5,0.5,3.56,0.0,0.3,21.36,2.5
1.0,"2019-08-09 10:47:17.000000","2019-08-09 11:13:31.000000",1.0,3.9,1.0,N,75.0,234.0,1.0,18.0,2.5,0.5,3.2,0.0,0.3,24.5,2.5
2.0,"2019-08-09 13:42:56.000000","2019-08-09 14:04:33.000000",2.0,3.72,1.0,N,75.0,234.0,1.0,16.0,0.0,0.5,1.2,0.0,0.3,20.5,2.5
1.0,"2019-08-09 21:45:58.000000","2019-08-09 22:14:11.000000",1.0,5.9,1.0,N,75.0,234.0,1.0,23.5,3.0,0.5,3.0,0.0,0.3,30.3,2.5
2.0,"2019-08-09 21:06:18.000000","2019-08-09 21:27:00.000000",3.0,4.48,1.0,N,75.0,234.0,1.0,17.5,0.5,0.5,1.0,0.0,0.3,22.3,2.5
2.0,"2019-08-10 08:52:30.000000","2019-08-10 09:06:43.000000",3.0,3.99,1.0,N,75.0,234.0,1.0,14.0,0.0,0.5,2.6,0.0,0.3,19.9,2.5
2.0,"2019-08-10 09:08:44.000000","2019-08-10 09:27:13.000000",1.0,5.51,1.0,N,75.0,234.0,2.0,19.5,0.0,0.5,0.0,0.0,0.3,22.8,2.5
2.0,"2019-08-10 09:40:13.000000","2019-08-10 09:58:49.000000",1.0,4.1,1.0,N,75.0,234.0,2.0,15.5,0.0,0.5,0.0,0.0,0.3,18.8,2.5
1.0,"2019-08-10 17:02:09.000000","2019-08-10 17:23:26.000000",1.0,3.9,1.0,N,75.0,234.0,1.0,17.0,0.0,0.5,0.0,0.0,0.3,17.8,0.0
2.0,"2019-08-10 19:34:02.000000","2019-08-10 19:47:53.000000",5.0,3.97,1.0,N,75.0,234.0,1.0,14.0,0.0,0.5,3.46,0.0,0.3,20.76,2.5
2.0,"2019-08-10 22:23:01.000000","2019-08-10 22:41:54.000000",1.0,5.79,1.0,N,75.0,234.0,1.0,19.5,0.5,0.5,0.0,0.0,0.3,23.3,2.5
2.0,"2019-08-11 00:49:01.000000","2019-08-11 01:03:23.000000",1.0,4.55,1.0,N,75.0,234.0,1.0,15.0,0.5,0.5,3.76,0.0,0.3,22.56,2.5
2.0,"2019-08-11 10:52:58.000000","2019-08-11 11:10:35.000000",1.0,5.53,1.0,N,75.0,234.0,2.0,17.5,0.0,0.5,0.0,0.0,0.3,20.8,2.5
1.0,"2019-08-11 10:13:47.000000","2019-08-11 10:30:25.000000",1.0,4.4,1.0,N,75.0,234.0,1.0,16.0,2.5,0.5,3.85,0.0,0.3,23.15,2.5
2.0,"2019-08-11 10:33:56.000000","2019-08-11 10:48:28.000000",1.0,4.2,1.0,N,75.0,234.0,1.0,14.5,0.0,0.5,3.56,0.0,0.3,21.36,2.5
1.0,"2019-08-11 11:47:37.000000","2019-08-11 12:04:54.000000",1.0,5.5,1.0,N,75.0,234.0,1.0,19.0,2.5,0.5,2.5,0.0,0.3,24.8,2.5
1.0,"2019-08-11 12:12:10.000000","2019-08-11 12:24:22.000000",1.0,4.0,1.0,N,75.0,234.0,1.0,13.0,2.5,0.5,3.25,0.0,0.3,19.55,2.5
1.0,"2019-08-11 16:15:25.000000","2019-08-11 16:40:05.000000",2.0,3.6,1.0,N,75.0,234.0,1.0,17.5,2.5,0.5,2.08,0.0,0.3,22.88,2.5
1.0,"2019-08-11 19:17:45.000000","2019-08-11 19:39:04.000000",1.0,4.6,1.0,N,75.0,234.0,3.0,18.0,2.5,0.5,0.0,0.0,0.3,21.3,2.5
2.0,"2019-08-11 21:12:51.000000","2019-08-11 21:30:03.000000",2.0,4.09,1.0,N,75.0,234.0,1.0,16.0,0.0,0.5,0.0,0.0,0.3,19.3,2.5
1.0,"2019-08-12 14:45:21.000000","2019-08-12 15:10:26.000000",1.0,3.6,1.0,N,75.0,234.0,1.0,17.5,2.5,0.5,4.15,0.0,0.3,24.95,2.5
1.0,"2019-08-12 18:41:12.000000","2019-08-12 19:00:34.000000",1.0,3.7,1.0,N,75.0,234.0,1.0,15.5,3.5,0.5,2.97,0.0,0.3,22.77,2.5
2.0,"2019-08-12 19:15:49.000000","2019-08-12 19:35:51.000000",1.0,5.26,1.0,N,75.0,234.0,1.0,19.0,1.0,0.5,4.66,0.0,0.3,27.96,2.5
1.0,"2019-08-12 21:37:42.000000","2019-08-12 21:52:59.000000",2.0,3.8,1.0,N,75.0,234.0,1.0,14.0,3.0,0.5,3.56,0.0,0.3,21.36,2.5
2.0,"2019-08-13 07:52:05.000000","2019-08-13 08:12:52.000000",1.0,4.09,1.0,N,75.0,234.0,1.0,16.5,0.0,0.5,2.97,0.0,0.3,22.77,2.5
1.0,"2019-08-13 07:39:38.000000","2019-08-13 07:54:45.000000",1.0,3.6,1.0,N,75.0,234.0,1.0,14.0,2.5,0.5,3.46,0.0,0.3,20.76,2.5
2.0,"2019-08-13 07:30:11.000000","2019-08-13 07:51:07.000000",2.0,4.12,1.0,N,75.0,234.0,2.0,16.5,0.0,0.5,0.0,0.0,0.3,19.8,2.5
1.0,"2019-08-13 09:58:51.000000","2019-08-13 10:21:12.000000",0.0,5.8,1.0,N,75.0,234.0,1.0,20.5,2.5,0.5,0.0,0.0,0.3,23.8,2.5
2.0,"2019-08-13 13:42:56.000000","2019-08-13 14:07:13.000000",1.0,5.68,1.0,N,75.0,234.0,1.0,21.5,0.0,0.5,3.0,0.0,0.3,27.8,2.5
2.0,"2019-08-13 15:36:19.000000","2019-08-13 16:12:58.000000",2.0,4.47,1.0,N,75.0,234.0,1.0,24.0,0.0,0.5,5.46,0.0,0.3,32.76,2.5
1.0,"2019-08-13 16:53:14.000000","2019-08-13 17:28:06.000000",1.0,4.0,1.0,N,75.0,234.0,1.0,22.5,3.5,0.5,3.0,0.0,0.3,29.8,2.5
1.0,"2019-08-13 16:18:34.000000","2019-08-13 16:50:55.000000",1.0,3.9,1.0,N,75.0,234.0,1.0,21.0,3.5,0.5,6.3,0.0,0.3,31.6,2.5
2.0,"2019-08-13 18:16:16.000000","2019-08-13 18:43:03.000000",6.0,4.1,1.0,N,75.0,234.0,1.0,19.0,1.0,0.5,4.66,0.0,0.3,27.96,2.5
2.0,"2019-08-14 07:04:16.000000","2019-08-14 07:19:55.000000",5.0,3.83,1.0,N,75.0,234.0,1.0,14.0,0.0,0.5,4.32,0.0,0.3,21.62,2.5
2.0,"2019-08-14 08:29:58.000000","2019-08-14 09:12:05.000000",3.0,5.03,1.0,N,75.0,234.0,2.0,27.0,0.0,0.5,0.0,0.0,0.3,30.3,2.5
2.0,"2019-08-14 10:25:35.000000","2019-08-14 10:57:03.000000",1.0,3.92,1.0,N,75.0,234.0,1.0,20.5,0.0,0.5,4.76,0.0,0.3,28.56,2.5
1.0,"2019-08-14 12:18:33.000000","2019-08-14 12:55:36.000000",1.0,4.3,1.0,N,75.0,234.0,1.0,24.0,2.5,0.5,2.0,0.0,0.3,29.3,2.5
1.0,"2019-08-14 14:25:25.000000","2019-08-14 14:54:35.000000",0.0,3.9,1.0,N,75.0,234.0,1.0,20.0,2.5,0.5,1.0,0.0,0.3,24.3,2.5
1.0,"2019-08-14 16:38:17.000000","2019-08-14 17:12:48.000000",1.0,3.8,1.0,N,75.0,234.0,1.0,22.5,3.5,0.5,5.0,0.0,0.3,31.8,2.5
2.0,"2019-08-14 21:38:16.000000","2019-08-14 21:56:24.000000",1.0,5.1,1.0,N,75.0,234.0,2.0,18.0,0.5,0.5,0.0,0.0,0.3,21.8,2.5
2.0,"2019-08-15 08:24:29.000000","2019-08-15 08:55:56.000000",1.0,4.12,1.0,N,75.0,234.0,2.0,20.5,0.0,0.5,0.0,0.0,0.3,23.8,2.5
2.0,"2019-08-15 10:47:00.000000","2019-08-15 11:16:33.000000",1.0,3.5,1.0,N,75.0,234.0,1.0,19.5,0.0,0.5,3.42,0.0,0.3,26.22,2.5
2.0,"2019-08-15 12:33:33.000000","2019-08-15 13:00:13.000000",3.0,5.1,1.0,N,75.0,234.0,1.0,21.0,0.0,0.5,2.0,0.0,0.3,26.3,2.5
2.0,"2019-08-15 16:34:03.000000","2019-08-15 16:59:22.000000",6.0,5.65,1.0,N,75.0,234.0,2.0,21.0,1.0,0.5,0.0,0.0,0.3,25.3,2.5
1.0,"2019-08-15 18:43:01.000000","2019-08-15 19:09:12.000000",1.0,3.7,1.0,N,75.0,234.0,1.0,18.0,3.5,0.5,5.55,0.0,0.3,27.85,2.5
2.0,"2019-08-15 21:23:22.000000","2019-08-15 21:43:23.000000",3.0,5.88,1.0,N,75.0,234.0,1.0,21.0,0.5,0.5,4.96,0.0,0.3,29.76,2.5
2.0,"2019-08-16 06:49:02.000000","2019-08-16 07:06:50.000000",1.0,3.98,1.0,N,75.0,234.0,1.0,15.5,0.0,0.5,2.82,0.0,0.3,21.62,2.5
2.0,"2019-08-16 08:43:47.000000","2019-08-16 09:12:32.000000",1.0,4.47,1.0,N,75.0,234.0,1.0,20.5,0.0,0.5,5.95,0.0,0.3,29.75,2.5
2.0,"2019-08-16 10:55:38.000000","2019-08-16 11:18:26.000000",2.0,5.62,1.0,N,75.0,234.0,1.0,21.0,0.0,0.5,6.08,0.0,0.3,30.38,2.5
2.0,"2019-08-17 03:20:20.000000","2019-08-17 03:36:21.000000",1.0,5.71,1.0,N,75.0,234.0,2.0,19.0,0.5,0.5,0.0,0.0,0.3,22.8,2.5
2.0,"2019-08-17 09:31:54.000000","2019-08-17 09:52:37.000000",1.0,4.31,1.0,N,75.0,234.0,1.0,16.5,0.0,0.5,3.96,0.0,0.3,23.76,2.5
2.0,"2019-08-17 14:18:08.000000","2019-08-17 14:46:39.000000",5.0,5.89,1.0,N,75.0,234.0,2.0,22.5,0.0,0.5,0.0,0.0,0.3,25.8,2.5
2.0,"2019-08-17 16:36:26.000000","2019-08-17 16:57:16.000000",1.0,5.19,1.0,N,75.0,234.0,1.0,19.5,0.0,0.5,0.0,0.0,0.3,22.8,2.5
2.0,"2019-08-17 17:03:40.000000","2019-08-17 17:18:19.000000",1.0,5.04,1.0,N,75.0,234.0,1.0,17.0,0.0,0.5,4.06,0.0,0.3,24.36,2.5
2.0,"2019-08-17 19:02:11.000000","2019-08-17 19:24:20.000000",1.0,4.1,1.0,N,75.0,234.0,2.0,17.5,0.0,0.5,0.0,0.0,0.3,20.8,2.5
1.0,"2019-08-18 08:15:49.000000","2019-08-18 08:26:27.000000",1.0,3.9,1.0,N,75.0,234.0,1.0,13.0,2.5,0.5,4.05,0.0,0.3,20.35,2.5
2.0,"2019-08-18 07:59:45.000000","2019-08-18 08:12:11.000000",1.0,4.76,1.0,N,75.0,234.0,1.0,15.0,0.0,0.5,1.0,0.0,0.3,19.3,2.5
1.0,"2019-08-18 11:19:36.000000","2019-08-18 11:36:14.000000",1.0,5.5,1.0,N,75.0,234.0,1.0,18.5,2.5,0.5,4.35,0.0,0.3,26.15,2.5
2.0,"2019-08-18 12:33:47.000000","2019-08-18 12:48:21.000000",1.0,4.77,1.0,N,75.0,234.0,1.0,17.0,0.0,0.5,2.0,0.0,0.3,22.3,2.5
1.0,"2019-08-18 13:53:30.000000","2019-08-18 14:19:48.000000",1.0,5.4,1.0,N,75.0,234.0,2.0,20.5,2.5,0.5,0.0,0.0,0.3,23.8,2.5
1.0,"2019-08-18 18:17:12.000000","2019-08-18 18:55:51.000000",2.0,6.0,1.0,N,75.0,234.0,1.0,26.5,2.5,0.5,5.95,0.0,0.3,35.75,2.5
2.0,"2019-08-19 09:26:18.000000","2019-08-19 10:02:25.000000",1.0,4.04,1.0,N,75.0,234.0,1.0,23.0,0.0,0.5,6.58,0.0,0.3,32.88,2.5
1.0,"2019-08-19 09:44:41.000000","2019-08-19 10:16:37.000000",0.0,4.2,1.0,N,75.0,234.0,1.0,21.5,2.5,0.5,4.0,0.0,0.3,28.8,2.5
1.0,"2019-08-19 09:17:56.000000","2019-08-19 09:40:05.000000",1.0,5.2,1.0,N,75.0,234.0,1.0,19.0,2.5,0.5,4.0,0.0,0.3,26.3,2.5
2.0,"2019-08-19 11:22:14.000000","2019-08-19 11:42:41.000000",1.0,3.85,1.0,N,75.0,234.0,1.0,16.0,0.0,0.5,3.86,0.0,0.3,23.16,2.5
1.0,"2019-08-19 12:48:35.000000","2019-08-19 13:12:09.000000",1.0,4.3,1.0,N,75.0,234.0,1.0,18.5,2.5,0.5,5.45,0.0,0.3,27.25,2.5
2.0,"2019-08-19 14:36:11.000000","2019-08-19 14:59:54.000000",1.0,4.45,1.0,N,75.0,234.0,1.0,18.0,0.0,0.5,0.05,0.0,0.3,21.35,2.5
1.0,"2019-08-19 15:10:10.000000","2019-08-19 15:33:08.000000",1.0,5.0,1.0,Y,75.0,234.0,1.0,20.5,2.5,0.5,4.75,0.0,0.3,28.55,2.5
1.0,"2019-08-19 17:28:28.000000","2019-08-19 17:53:15.000000",1.0,4.3,1.0,N,75.0,234.0,2.0,19.0,3.5,0.5,0.0,0.0,0.3,23.3,2.5
2.0,"2019-08-19 18:04:26.000000","2019-08-19 18:30:04.000000",1.0,4.41,1.0,N,75.0,234.0,1.0,18.5,1.0,0.5,4.56,0.0,0.3,27.36,2.5
2.0,"2019-08-19 21:44:48.000000","2019-08-19 22:00:06.000000",1.0,3.88,1.0,N,75.0,234.0,1.0,14.5,0.5,0.5,3.66,0.0,0.3,21.96,2.5
2.0,"2019-08-19 23:27:41.000000","2019-08-19 23:44:19.000000",5.0,3.62,1.0,N,75.0,234.0,1.0,15.0,0.5,0.5,1.0,0.0,0.3,19.8,2.5
2.0,"2019-08-20 06:09:13.000000","2019-08-20 06:21:59.000000",4.0,3.93,1.0,N,75.0,234.0,2.0,14.0,0.0,0.5,0.0,0.0,0.3,17.3,2.5
2.0,"2019-08-20 07:47:57.000000","2019-08-20 08:17:06.000000",1.0,4.43,1.0,N,75.0,234.0,2.0,20.0,0.0,0.5,0.0,0.0,0.3,23.3,2.5
2.0,"2019-08-20 07:30:00.000000","2019-08-20 07:47:03.000000",1.0,3.97,1.0,N,75.0,234.0,1.0,14.5,0.0,0.5,4.45,0.0,0.3,22.25,2.5
2.0,"2019-08-20 07:41:57.000000","2019-08-20 08:09:32.000000",3.0,4.1,1.0,N,75.0,234.0,1.0,19.0,0.0,0.5,4.46,0.0,0.3,26.76,2.5
1.0,"2019-08-20 07:57:25.000000","2019-08-20 08:24:16.000000",1.0,3.6,1.0,N,75.0,234.0,1.0,18.0,2.5,0.5,4.25,0.0,0.3,25.55,2.5
2.0,"2019-08-20 08:22:29.000000","2019-08-20 08:44:03.000000",1.0,5.05,1.0,N,75.0,234.0,1.0,19.0,0.0,0.5,4.46,0.0,0.3,26.76,2.5
1.0,"2019-08-20 08:07:20.000000","2019-08-20 08:30:52.000000",1.0,3.9,1.0,N,75.0,234.0,1.0,17.5,2.5,0.5,1.2,0.0,0.3,22.0,2.5
2.0,"2019-08-20 09:56:52.000000","2019-08-20 10:25:30.000000",1.0,5.92,1.0,N,75.0,234.0,1.0,23.5,0.0,0.5,6.7,0.0,0.3,33.5,2.5
2.0,"2019-08-20 09:17:11.000000","2019-08-20 09:47:19.000000",2.0,6.3,1.0,N,75.0,234.0,1.0,24.5,0.0,0.5,4.17,0.0,0.3,31.97,2.5
2.0,"2019-08-20 17:52:32.000000","2019-08-20 18:21:54.000000",1.0,5.5,1.0,N,75.0,234.0,2.0,22.5,1.0,0.5,0.0,0.0,0.3,26.8,2.5
1.0,"2019-08-21 07:50:54.000000","2019-08-21 08:08:31.000000",1.0,5.0,1.0,N,75.0,234.0,1.0,17.5,2.5,0.5,1.5,0.0,0.3,22.3,2.5
1.0,"2019-08-21 08:00:48.000000","2019-08-21 08:23:36.000000",0.0,4.1,1.0,N,75.0,234.0,1.0,17.5,2.5,0.5,1.2,0.0,0.3,22.0,2.5
2.0,"2019-08-21 11:39:33.000000","2019-08-21 12:13:37.000000",2.0,4.28,1.0,N,75.0,234.0,1.0,22.5,0.0,0.5,5.16,0.0,0.3,30.96,2.5
2.0,"2019-08-22 06:08:06.000000","2019-08-22 06:20:33.000000",1.0,3.92,1.0,N,75.0,234.0,2.0,13.5,0.0,0.5,0.0,0.0,0.3,16.8,2.5
2.0,"2019-08-22 08:18:00.000000","2019-08-22 08:44:22.000000",6.0,4.04,1.0,N,75.0,234.0,1.0,19.0,0.0,0.5,1.7,0.0,0.3,24.0,2.5
2.0,"2019-08-22 09:42:42.000000","2019-08-22 10:18:17.000000",1.0,4.34,1.0,N,75.0,234.0,2.0,23.0,0.0,0.5,0.0,0.0,0.3,26.3,2.5
2.0,"2019-08-22 10:39:47.000000","2019-08-22 11:07:39.000000",1.0,3.82,1.0,N,75.0,234.0,1.0,19.0,0.0,0.5,1.0,0.0,0.3,23.3,2.5
1.0,"2019-08-22 16:10:37.000000","2019-08-22 16:34:33.000000",1.0,5.1,1.0,N,75.0,234.0,2.0,20.0,3.5,0.5,0.0,0.0,0.3,24.3,2.5
1.0,"2019-08-22 16:36:13.000000","2019-08-22 17:00:40.000000",1.0,3.8,1.0,N,75.0,234.0,1.0,17.0,3.5,0.5,1.5,0.0,0.3,22.8,2.5
2.0,"2019-08-22 17:03:35.000000","2019-08-22 17:25:49.000000",2.0,5.76,1.0,N,75.0,234.0,1.0,20.0,1.0,0.5,4.86,0.0,0.3,29.16,2.5
2.0,"2019-08-22 18:32:50.000000","2019-08-22 18:55:58.000000",1.0,3.8,1.0,N,75.0,234.0,1.0,17.0,1.0,0.5,4.26,0.0,0.3,25.56,2.5
2.0,"2019-08-22 23:10:06.000000","2019-08-22 23:31:45.000000",2.0,4.75,1.0,N,75.0,234.0,1.0,17.5,0.5,0.5,4.26,0.0,0.3,25.56,2.5
1.0,"2019-08-23 07:27:07.000000","2019-08-23 07:40:47.000000",1.0,3.7,1.0,N,75.0,234.0,1.0,13.5,2.5,0.5,3.36,0.0,0.3,20.16,2.5
1.0,"2019-08-23 10:48:51.000000","2019-08-23 11:11:30.000000",1.0,4.2,1.0,N,75.0,234.0,1.0,17.5,2.5,0.5,2.2,0.0,0.3,23.0,2.5
2.0,"2019-08-23 10:19:29.000000","2019-08-23 10:45:27.000000",1.0,5.67,1.0,N,75.0,234.0,2.0,23.0,0.0,0.5,0.0,0.0,0.3,26.3,2.5
1.0,"2019-08-23 11:23:21.000000","2019-08-23 11:45:35.000000",1.0,4.2,1.0,N,75.0,234.0,1.0,17.0,2.5,0.5,1.2,0.0,0.3,21.5,2.5
1.0,"2019-08-23 11:03:20.000000","2019-08-23 11:23:19.000000",1.0,5.2,1.0,Y,75.0,234.0,1.0,18.5,2.5,0.5,4.35,0.0,0.3,26.15,2.5
1.0,"2019-08-23 12:27:05.000000","2019-08-23 13:04:39.000000",1.0,5.5,1.0,N,75.0,234.0,2.0,25.5,2.5,0.5,0.0,0.0,0.3,28.8,2.5
2.0,"2019-08-23 16:18:49.000000","2019-08-23 16:45:56.000000",1.0,5.7,1.0,N,75.0,234.0,2.0,21.5,1.0,0.5,0.0,0.0,0.3,25.8,2.5
2.0,"2019-08-23 22:19:51.000000","2019-08-23 22:39:48.000000",1.0,5.36,1.0,N,75.0,234.0,2.0,19.0,0.5,0.5,0.0,0.0,0.3,22.8,2.5
2.0,"2019-08-24 02:16:25.000000","2019-08-24 02:31:38.000000",4.0,5.41,1.0,N,75.0,234.0,1.0,18.0,0.5,0.5,4.36,0.0,0.3,26.16,2.5
2.0,"2019-08-24 01:13:36.000000","2019-08-24 01:27:09.000000",1.0,4.5,1.0,N,75.0,234.0,2.0,14.5,0.5,0.5,0.0,0.0,0.3,18.3,2.5
2.0,"2019-08-24 06:22:24.000000","2019-08-24 06:33:44.000000",1.0,4.57,1.0,N,75.0,234.0,2.0,14.0,0.0,0.5,0.0,0.0,0.3,17.3,2.5
2.0,"2019-08-24 06:17:49.000000","2019-08-24 06:31:55.000000",1.0,4.89,1.0,N,75.0,234.0,1.0,15.5,0.0,0.5,1.0,0.0,0.3,19.8,2.5
1.0,"2019-08-24 07:07:03.000000","2019-08-24 07:20:23.000000",1.0,4.3,1.0,N,75.0,234.0,1.0,14.5,2.5,0.5,3.56,0.0,0.3,21.36,2.5
2.0,"2019-08-24 11:26:54.000000","2019-08-24 11:48:26.000000",2.0,4.09,1.0,N,75.0,234.0,1.0,17.0,0.0,0.5,6.09,0.0,0.3,26.39,2.5
2.0,"2019-08-24 14:01:59.000000","2019-08-24 14:22:03.000000",2.0,4.31,1.0,N,75.0,234.0,1.0,16.5,0.0,0.5,3.96,0.0,0.3,23.76,2.5
1.0,"2019-08-24 15:19:19.000000","2019-08-24 15:44:08.000000",1.0,4.2,1.0,N,75.0,234.0,2.0,18.5,2.5,0.5,0.0,0.0,0.3,21.8,2.5
1.0,"2019-08-24 19:39:27.000000","2019-08-24 19:57:12.000000",1.0,4.7,1.0,N,75.0,234.0,1.0,16.5,2.5,0.5,3.95,0.0,0.3,23.75,2.5
1.0,"2019-08-24 19:27:41.000000","2019-08-24 19:48:40.000000",2.0,4.0,1.0,N,75.0,234.0,1.0,17.0,2.5,0.5,3.05,0.0,0.3,23.35,2.5
2.0,"2019-08-24 20:50:57.000000","2019-08-25 20:44:55.000000",1.0,4.12,1.0,N,75.0,234.0,1.0,17.0,0.5,0.5,2.08,0.0,0.3,22.88,2.5
2.0,"2019-08-24 22:52:59.000000","2019-08-24 23:13:40.000000",5.0,4.63,1.0,N,75.0,234.0,2.0,17.5,0.5,0.5,0.0,0.0,0.3,21.3,2.5
2.0,"2019-08-25 08:58:35.000000","2019-08-25 09:14:29.000000",1.0,4.43,1.0,N,75.0,234.0,1.0,15.5,0.0,0.5,5.64,0.0,0.3,24.44,2.5
1.0,"2019-08-25 11:22:44.000000","2019-08-25 11:42:27.000000",1.0,5.5,1.0,N,75.0,234.0,1.0,20.0,2.5,0.5,2.5,0.0,0.3,25.8,2.5
2.0,"2019-08-25 14:38:25.000000","2019-08-25 14:54:40.000000",2.0,3.92,1.0,N,75.0,234.0,1.0,14.0,0.0,0.5,3.46,0.0,0.3,20.76,2.5
2.0,"2019-08-25 14:09:31.000000","2019-08-25 14:27:44.000000",2.0,3.97,1.0,N,75.0,234.0,1.0,15.5,0.0,0.5,3.76,0.0,0.3,22.56,2.5
2.0,"2019-08-25 15:34:55.000000","2019-08-25 15:59:28.000000",1.0,4.21,1.0,N,75.0,234.0,1.0,18.5,0.0,0.5,4.36,0.0,0.3,26.16,2.5
2.0,"2019-08-25 16:24:04.000000","2019-08-25 16:48:03.000000",1.0,4.35,1.0,N,75.0,234.0,1.0,18.0,0.0,0.5,2.0,0.0,0.3,23.3,2.5
1.0,"2019-08-25 17:10:08.000000","2019-08-25 17:26:13.000000",1.0,4.2,1.0,N,75.0,234.0,1.0,14.5,2.5,0.5,1.5,0.0,0.3,19.3,2.5
2.0,"2019-08-26 04:06:58.000000","2019-08-26 04:17:27.000000",2.0,4.68,1.0,N,75.0,234.0,1.0,14.5,0.5,0.5,2.5,0.0,0.3,20.8,2.5
2.0,"2019-08-26 05:40:49.000000","2019-08-26 05:54:25.000000",3.0,4.88,1.0,N,75.0,234.0,2.0,16.5,0.5,0.5,0.0,0.0,0.3,20.3,2.5
2.0,"2019-08-26 08:04:43.000000","2019-08-26 08:25:16.000000",1.0,4.05,1.0,N,75.0,234.0,1.0,16.5,0.0,0.5,1.2,0.0,0.3,21.0,2.5
1.0,"2019-08-26 13:47:54.000000","2019-08-26 14:10:06.000000",1.0,5.9,1.0,N,75.0,234.0,1.0,21.5,2.5,0.5,4.95,0.0,0.3,29.75,2.5
1.0,"2019-08-26 14:12:49.000000","2019-08-26 14:41:58.000000",1.0,4.4,1.0,N,75.0,234.0,2.0,20.0,2.5,0.5,0.0,0.0,0.3,23.3,2.5
2.0,"2019-08-26 16:32:18.000000","2019-08-26 16:55:37.000000",1.0,4.09,1.0,N,75.0,234.0,1.0,17.5,1.0,0.5,4.36,0.0,0.3,26.16,2.5
1.0,"2019-08-26 17:46:57.000000","2019-08-26 18:10:54.000000",1.0,4.1,1.0,N,75.0,234.0,1.0,18.0,3.5,0.5,4.45,0.0,0.3,26.75,2.5
2.0,"2019-08-27 05:48:19.000000","2019-08-27 06:03:57.000000",1.0,4.99,1.0,N,75.0,234.0,2.0,17.5,0.5,0.5,0.0,0.0,0.3,21.3,2.5
2.0,"2019-08-27 06:14:30.000000","2019-08-27 06:27:49.000000",1.0,5.36,1.0,N,75.0,234.0,1.0,17.0,0.0,0.5,1.0,0.0,0.3,21.3,2.5
1.0,"2019-08-27 07:09:36.000000","2019-08-27 07:25:16.000000",1.0,3.8,1.0,N,75.0,234.0,1.0,14.5,2.5,0.5,3.55,0.0,0.3,21.35,2.5
2.0,"2019-08-27 08:59:03.000000","2019-08-27 09:25:46.000000",1.0,3.79,1.0,N,75.0,234.0,1.0,18.5,0.0,0.5,4.36,0.0,0.3,26.16,2.5
1.0,"2019-08-27 11:22:06.000000","2019-08-27 11:44:34.000000",1.0,5.2,1.0,N,75.0,234.0,2.0,20.0,2.5,0.5,0.0,0.0,0.3,23.3,2.5
1.0,"2019-08-27 12:13:10.000000","2019-08-27 12:41:00.000000",1.0,6.0,1.0,N,75.0,234.0,1.0,24.0,2.5,0.5,3.0,0.0,0.3,30.3,2.5
1.0,"2019-08-28 01:01:49.000000","2019-08-28 01:18:09.000000",1.0,4.9,1.0,N,75.0,234.0,2.0,16.0,3.0,0.5,0.0,0.0,0.3,19.8,2.5
1.0,"2019-08-28 07:39:22.000000","2019-08-28 08:00:06.000000",1.0,4.1,1.0,N,75.0,234.0,1.0,16.5,2.5,0.5,3.95,0.0,0.3,23.75,2.5
2.0,"2019-08-28 09:23:59.000000","2019-08-28 09:53:16.000000",1.0,5.43,1.0,N,75.0,234.0,1.0,23.5,0.0,0.5,2.0,0.0,0.3,28.8,2.5
2.0,"2019-08-28 12:05:57.000000","2019-08-28 12:36:05.000000",1.0,6.02,1.0,N,75.0,234.0,1.0,24.0,0.0,0.5,5.46,0.0,0.3,32.76,2.5
1.0,"2019-08-28 15:36:33.000000","2019-08-28 16:12:22.000000",1.0,3.6,1.0,N,75.0,234.0,1.0,22.5,3.5,0.5,5.36,0.0,0.3,32.16,2.5
2.0,"2019-08-28 16:42:25.000000","2019-08-28 17:16:15.000000",1.0,6.04,1.0,N,75.0,234.0,1.0,25.0,1.0,0.5,0.0,0.0,0.3,26.8,0.0
2.0,"2019-08-28 17:56:18.000000","2019-08-28 18:21:11.000000",1.0,5.56,1.0,N,75.0,234.0,1.0,21.0,1.0,0.5,5.06,0.0,0.3,30.36,2.5
2.0,"2019-08-28 18:22:18.000000","2019-08-28 18:44:54.000000",1.0,5.48,1.0,N,75.0,234.0,1.0,19.5,1.0,0.5,4.76,0.0,0.3,28.56,2.5
2.0,"2019-08-28 18:19:00.000000","2019-08-28 18:40:48.000000",1.0,5.66,1.0,N,75.0,234.0,1.0,19.5,1.0,0.5,4.0,0.0,0.3,27.8,2.5
1.0,"2019-08-28 19:22:17.000000","2019-08-28 19:46:16.000000",1.0,4.0,1.0,N,75.0,234.0,1.0,18.0,3.5,0.5,4.45,0.0,0.3,26.75,2.5
2.0,"2019-08-29 06:10:09.000000","2019-08-29 06:22:40.000000",1.0,4.0,1.0,N,75.0,234.0,1.0,13.5,0.0,0.5,3.36,0.0,0.3,20.16,2.5
2.0,"2019-08-29 06:30:05.000000","2019-08-29 06:43:52.000000",1.0,5.42,1.0,N,75.0,234.0,1.0,18.0,0.0,0.5,4.26,0.0,0.3,25.56,2.5
2.0,"2019-08-29 08:37:12.000000","2019-08-29 09:00:24.000000",1.0,5.85,1.0,N,75.0,234.0,1.0,22.0,0.0,0.5,6.32,0.0,0.3,31.62,2.5
1.0,"2019-08-29 09:17:40.000000","2019-08-29 09:44:48.000000",1.0,4.9,1.0,N,75.0,234.0,1.0,22.0,2.5,0.5,3.8,0.0,0.3,29.1,2.5
2.0,"2019-08-29 22:49:18.000000","2019-08-29 23:07:45.000000",1.0,5.33,1.0,N,75.0,234.0,1.0,19.5,0.5,0.5,4.66,0.0,0.3,27.96,2.5
1.0,"2019-08-30 05:32:49.000000","2019-08-30 05:51:26.000000",1.0,4.5,1.0,N,75.0,234.0,1.0,17.0,3.0,0.5,4.15,0.0,0.3,24.95,2.5
2.0,"2019-08-30 07:49:36.000000","2019-08-30 08:04:39.000000",1.0,3.95,1.0,N,75.0,234.0,1.0,14.0,0.0,0.5,4.32,0.0,0.3,21.62,2.5
2.0,"2019-08-30 10:37:09.000000","2019-08-30 10:57:04.000000",1.0,4.93,1.0,N,75.0,234.0,1.0,19.0,0.0,0.5,4.0,0.0,0.3,26.3,2.5
1.0,"2019-08-30 10:06:48.000000","2019-08-30 10:30:26.000000",1.0,3.7,1.0,N,75.0,234.0,1.0,17.0,2.5,0.5,5.05,0.0,0.3,25.35,2.5
1.0,"2019-08-30 11:06:03.000000","2019-08-30 11:27:19.000000",1.0,5.2,1.0,N,75.0,234.0,1.0,20.5,0.0,0.5,0.0,0.0,0.3,21.3,0.0
2.0,"2019-08-30 13:35:43.000000","2019-08-30 13:55:55.000000",1.0,3.84,1.0,N,75.0,234.0,1.0,16.5,0.0,0.5,3.96,0.0,0.3,23.76,2.5
2.0,"2019-08-30 14:28:32.000000","2019-08-30 14:47:10.000000",5.0,3.79,1.0,N,75.0,234.0,1.0,16.0,0.0,0.5,3.86,0.0,0.3,23.16,2.5
2.0,"2019-08-30 14:13:00.000000","2019-08-30 14:35:42.000000",5.0,3.96,1.0,N,75.0,234.0,1.0,17.5,0.0,0.5,4.16,0.0,0.3,24.96,2.5
1.0,"2019-08-30 14:31:52.000000","2019-08-30 14:59:50.000000",1.0,0.0,1.0,N,75.0,234.0,1.0,22.2,0.0,0.5,0.0,0.0,0.3,23.0,0.0
2.0,"2019-08-30 18:56:45.000000","2019-08-30 19:15:32.000000",1.0,5.26,1.0,N,75.0,234.0,2.0,19.0,1.0,0.5,0.0,0.0,0.3,23.3,2.5
2.0,"2019-08-30 18:57:03.000000","2019-08-30 19:18:33.000000",6.0,4.34,1.0,N,75.0,234.0,2.0,17.0,1.0,0.5,0.0,0.0,0.3,21.3,2.5
1.0,"2019-08-30 23:40:42.000000","2019-08-30 23:58:10.000000",1.0,4.4,1.0,N,75.0,234.0,1.0,15.5,3.0,0.5,2.0,0.0,0.3,21.3,2.5
2.0,"2019-08-31 02:07:32.000000","2019-08-31 02:23:29.000000",1.0,4.52,1.0,N,75.0,234.0,2.0,15.5,0.5,0.5,0.0,0.0,0.3,19.3,2.5
2.0,"2019-08-31 06:05:33.000000","2019-08-31 06:29:18.000000",1.0,8.85,1.0,N,75.0,234.0,1.0,27.0,0.0,0.5,0.0,0.0,0.3,30.3,2.5
2.0,"2019-08-31 14:16:06.000000","2019-08-31 14:38:29.000000",1.0,3.6,1.0,N,75.0,234.0,1.0,16.5,0.0,0.5,5.94,0.0,0.3,25.74,2.5
2.0,"2019-08-31 17:41:36.000000","2019-08-31 18:00:28.000000",2.0,3.76,1.0,N,75.0,234.0,2.0,15.5,0.0,0.5,0.0,0.0,0.3,18.8,2.5
1.0,"2019-08-31 20:54:18.000000","2019-08-31 21:13:36.000000",2.0,3.8,1.0,N,75.0,234.0,1.0,15.5,3.0,0.5,3.85,0.0,0.3,23.15,2.5
,"2019-08-05 11:31:00.000000","2019-08-05 11:51:00.000000",,5.15,,,75.0,234.0,,26.2,5.5,0.5,0.0,0.0,0.3,32.5,0.0
,"2019-08-12 18:15:18.000000","2019-08-12 18:36:21.000000",,5.94,,,75.0,234.0,,29.45,2.75,0.0,0.0,0.0,0.3,32.5,0.0
,"2019-08-24 18:12:00.000000","2019-08-24 18:29:00.000000",,4.03,,,75.0,234.0,,22.19,2.75,0.5,0.0,0.0,0.3,25.74,0.0
,"2019-08-31 14:00:24.000000","2019-08-31 14:22:20.000000",,4.65,,,75.0,234.0,,24.96,2.75,0.0,0.0,0.0,0.3,28.01,0.0
