2.0,"2019-08-01 00:49:33.000000","2019-08-02 00:42:56.000000",2.0,3.44,1.0,N,88.0,234.0,2.0,14.0,0.5,0.5,0.0,0.0,0.3,17.8,2.5
1.0,"2019-08-01 12:25:10.000000","2019-08-01 12:50:40.000000",1.0,3.2,1.0,N,88.0,234.0,1.0,17.0,2.5,0.5,4.05,0.0,0.3,24.35,2.5
1.0,"2019-08-01 13:42:41.000000","2019-08-01 14:11:16.000000",2.0,3.2,1.0,N,88.0,234.0,1.0,19.0,2.5,0.5,4.0,0.0,0.3,26.3,2.5
2.0,"2019-08-01 14:19:09.000000","2019-08-01 14:40:58.000000",1.0,4.69,1.0,N,88.0,234.0,1.0,17.5,0.0,0.5,4.16,0.0,0.3,24.96,2.5
2.0,"2019-08-01 14:35:55.000000","2019-08-01 14:58:14.000000",2.0,4.63,1.0,N,88.0,234.0,2.0,18.0,0.0,0.5,0.0,0.0,0.3,21.3,2.5
2.0,"2019-08-01 14:06:45.000000","2019-08-01 14:28:13.000000",4.0,4.52,1.0,N,88.0,234.0,1.0,18.5,0.0,0.5,4.36,0.0,0.3,26.16,2.5
1.0,"2019-08-01 14:07:27.000000","2019-08-01 14:29:37.000000",2.0,2.9,1.0,N,88.0,234.0,1.0,15.5,2.5,0.5,3.75,0.0,0.3,22.55,2.5
2.0,"2019-08-01 15:36:01.000000","2019-08-01 16:02:43.000000",1.0,5.14,1.0,N,88.0,234.0,1.0,20.5,0.0,0.5,7.14,0.0,0.3,30.94,2.5
2.0,"2019-08-01 15:36:28.000000","2019-08-01 16:03:37.000000",1.0,4.25,1.0,N,88.0,234.0,1.0,19.5,0.0,0.5,3.42,0.0,0.3,26.22,2.5
2.0,"2019-08-01 17:37:14.000000","2019-08-01 18:04:07.000000",1.0,3.26,1.0,N,88.0,234.0,2.0,18.5,1.0,0.5,0.0,0.0,0.3,22.8,2.5
2.0,"2019-08-01 17:31:03.000000","2019-08-01 17:46:28.000000",1.0,4.85,1.0,N,88.0,234.0,1.0,16.5,1.0,0.5,2.0,0.0,0.3,22.8,2.5
2.0,"2019-08-01 17:45:16.000000","2019-08-01 18:07:04.000000",2.0,4.97,1.0,N,88.0,234.0,2.0,19.5,1.0,0.5,0.0,0.0,0.3,23.8,2.5
2.0,"2019-08-01 18:06:08.000000","2019-08-01 18:32:59.000000",1.0,5.06,1.0,N,88.0,234.0,1.0,22.0,1.0,0.5,3.94,0.0,0.3,30.24,2.5
2.0,"2019-08-01 18:49:27.000000","2019-08-01 19:06:08.000000",1.0,5.17,1.0,N,88.0,234.0,1.0,18.5,1.0,0.5,2.0,0.0,0.3,24.8,2.5
2.0,"2019-08-01 20:02:15.000000","2019-08-01 20:22:01.000000",1.0,4.84,1.0,N,88.0,234.0,1.0,18.0,0.5,0.5,2.0,0.0,0.3,23.8,2.5
2.0,"2019-08-01 20:54:48.000000","2019-08-01 21:11:02.000000",1.0,3.42,1.0,N,88.0,234.0,1.0,13.5,0.5,0.5,3.46,0.0,0.3,20.76,2.5
2.0,"2019-08-01 21:06:26.000000","2019-08-01 21:25:32.000000",2.0,3.26,1.0,N,88.0,234.0,1.0,14.5,0.5,0.5,3.66,0.0,0.3,21.96,2.5
2.0,"2019-08-01 21:57:56.000000","2019-08-01 22:16:36.000000",1.0,3.13,1.0,N,88.0,234.0,1.0,14.5,0.5,0.5,3.66,0.0,0.3,21.96,2.5
1.0,"2019-08-01 22:28:15.000000","2019-08-01 22:45:51.000000",1.0,4.7,1.0,Y,88.0,234.0,1.0,17.5,3.0,0.5,5.0,0.0,0.3,26.3,2.5
1.0,"2019-08-01 23:57:39.000000","2019-08-02 00:14:35.000000",1.0,4.4,1.0,N,88.0,234.0,1.0,17.0,3.0,0.5,4.15,0.0,0.3,24.95,2.5
2.0,"2019-08-02 00:59:59.000000","2019-08-02 01:13:40.000000",6.0,3.02,1.0,N,88.0,234.0,1.0,12.0,0.5,0.5,3.95,0.0,0.3,19.75,2.5
2.0,"2019-08-02 00:08:36.000000","2019-08-02 00:26:29.000000",1.0,5.22,1.0,N,88.0,234.0,1.0,18.5,0.5,0.5,4.46,0.0,0.3,26.76,2.5
2.0,"2019-08-02 10:10:00.000000","2019-08-02 10:37:50.000000",1.0,5.0,1.0,N,88.0,234.0,1.0,21.5,0.0,0.5,4.96,0.0,0.3,29.76,2.5
2.0,"2019-08-02 10:52:10.000000","2019-08-02 11:18:55.000000",1.0,4.04,1.0,N,88.0,234.0,1.0,18.0,0.0,0.5,4.26,0.0,0.3,25.56,2.5
2.0,"2019-08-02 11:27:51.000000","2019-08-02 11:46:48.000000",1.0,4.74,1.0,N,88.0,234.0,1.0,17.5,0.0,0.5,3.0,0.0,0.3,23.8,2.5
1.0,"2019-08-02 12:53:12.000000","2019-08-02 13:23:02.000000",2.0,3.3,1.0,N,88.0,234.0,2.0,19.5,2.5,0.5,0.0,0.0,0.3,22.8,2.5
2.0,"2019-08-02 15:46:41.000000","2019-08-02 16:19:36.000000",1.0,6.24,1.0,N,88.0,234.0,1.0,25.5,0.0,0.5,2.0,0.0,0.3,30.8,2.5
2.0,"2019-08-02 16:23:55.000000","2019-08-03 00:00:00.000000",6.0,5.12,1.0,N,88.0,234.0,2.0,21.0,1.0,0.5,0.0,0.0,0.3,25.3,2.5
2.0,"2019-08-02 16:48:04.000000","2019-08-02 17:09:02.000000",1.0,4.5,1.0,N,88.0,234.0,1.0,18.5,1.0,0.5,3.75,0.0,0.3,26.55,2.5
1.0,"2019-08-02 16:30:40.000000","2019-08-02 17:10:14.000000",1.0,3.5,1.0,N,88.0,234.0,1.0,25.0,3.5,0.5,2.0,0.0,0.3,31.3,2.5
1.0,"2019-08-02 17:51:39.000000","2019-08-02 18:12:15.000000",1.0,5.2,1.0,N,88.0,234.0,2.0,19.5,3.5,0.5,0.0,0.0,0.3,23.8,2.5
2.0,"2019-08-02 18:47:02.000000","2019-08-02 19:09:49.000000",5.0,3.49,1.0,N,88.0,234.0,1.0,16.0,1.0,0.5,3.04,0.0,0.3,23.34,2.5
2.0,"2019-08-02 19:54:18.000000","2019-08-02 20:15:08.000000",2.0,3.17,1.0,N,88.0,234.0,2.0,15.0,1.0,0.5,0.0,0.0,0.3,19.3,2.5
2.0,"2019-08-02 21:06:26.000000","2019-08-02 21:29:13.000000",4.0,5.0,1.0,N,88.0,234.0,2.0,18.5,0.5,0.5,0.0,0.0,0.3,22.3,2.5
1.0,"2019-08-02 22:26:35.000000","2019-08-02 22:42:59.000000",4.0,4.8,1.0,N,88.0,234.0,1.0,17.0,3.0,0.5,1.0,0.0,0.3,21.8,2.5
2.0,"2019-08-02 23:47:43.000000","2019-08-03 00:05:38.000000",1.0,4.65,1.0,N,88.0,234.0,1.0,18.0,0.5,0.5,4.36,0.0,0.3,26.16,2.5
2.0,"2019-08-02 23:17:42.000000","2019-08-02 23:31:14.000000",1.0,2.98,1.0,N,88.0,234.0,2.0,11.5,0.5,0.5,0.0,0.0,0.3,15.3,2.5
2.0,"2019-08-02 23:20:42.000000","2019-08-02 23:36:52.000000",1.0,4.77,1.0,N,88.0,234.0,2.0,17.0,0.5,0.5,0.0,0.0,0.3,20.8,2.5
2.0,"2019-08-03 00:06:01.000000","2019-08-03 00:20:58.000000",1.0,5.1,1.0,N,88.0,234.0,2.0,17.5,0.5,0.5,0.0,0.0,0.3,21.3,2.5
2.0,"2019-08-03 00:01:41.000000","2019-08-03 00:23:25.000000",1.0,4.87,1.0,N,88.0,234.0,2.0,19.5,0.5,0.5,0.0,0.0,0.3,23.3,2.5
2.0,"2019-08-03 13:45:54.000000","2019-08-03 14:04:24.000000",2.0,4.84,1.0,N,88.0,234.0,2.0,18.0,0.0,0.5,0.0,0.0,0.3,21.3,2.5
2.0,"2019-08-03 15:01:11.000000","2019-08-03 15:20:27.000000",6.0,5.92,1.0,N,88.0,234.0,1.0,20.0,0.0,0.5,4.66,0.0,0.3,27.96,2.5
1.0,"2019-08-03 15:35:19.000000","2019-08-03 15:53:09.000000",0.0,4.8,1.0,N,88.0,234.0,2.0,17.0,2.5,0.5,0.0,0.0,0.3,20.3,2.5
2.0,"2019-08-03 17:45:00.000000","2019-08-03 18:04:08.000000",1.0,4.79,1.0,N,88.0,234.0,2.0,18.0,0.0,0.5,0.0,0.0,0.3,21.3,2.5
2.0,"2019-08-03 17:50:26.000000","2019-08-03 18:10:48.000000",1.0,5.06,1.0,N,88.0,234.0,1.0,18.0,0.0,0.5,4.26,0.0,0.3,25.56,2.5
1.0,"2019-08-03 22:36:07.000000","2019-08-03 22:55:16.000000",3.0,5.1,1.0,N,88.0,234.0,2.0,18.0,3.0,0.5,0.0,0.0,0.3,21.8,2.5
2.0,"2019-08-03 22:11:52.000000","2019-08-03 22:32:15.000000",1.0,4.56,1.0,N,88.0,234.0,2.0,18.0,0.5,0.5,0.0,0.0,0.3,21.8,2.5
1.0,"2019-08-03 22:35:32.000000","2019-08-03 22:57:04.000000",2.0,5.0,1.0,N,88.0,234.0,1.0,18.5,3.0,0.5,0.0,0.0,0.3,22.3,2.5
2.0,"2019-08-03 22:11:35.000000","2019-08-03 22:26:50.000000",2.0,3.53,1.0,N,88.0,234.0,2.0,14.0,0.5,0.5,0.0,0.0,0.3,17.8,2.5
2.0,"2019-08-04 00:25:04.000000","2019-08-04 00:40:18.000000",5.0,3.26,1.0,N,88.0,234.0,1.0,13.0,0.5,0.5,3.36,0.0,0.3,20.16,2.5
2.0,"2019-08-04 01:35:13.000000","2019-08-04 01:50:48.000000",2.0,3.12,1.0,N,88.0,234.0,1.0,12.5,0.5,0.5,3.26,0.0,0.3,19.56,2.5
1.0,"2019-08-04 13:49:22.000000","2019-08-04 14:11:53.000000",2.0,3.2,1.0,N,88.0,234.0,2.0,16.0,2.5,0.5,0.0,0.0,0.3,19.3,2.5
2.0,"2019-08-04 14:44:46.000000","2019-08-04 14:59:01.000000",1.0,2.98,1.0,N,88.0,234.0,2.0,12.0,0.0,0.5,0.0,0.0,0.3,15.3,2.5
2.0,"2019-08-04 14:45:54.000000","2019-08-04 15:12:08.000000",1.0,5.0,1.0,N,88.0,234.0,1.0,21.0,0.0,0.5,0.0,0.0,0.3,24.3,2.5
2.0,"2019-08-04 18:00:00.000000","2019-08-04 18:14:24.000000",1.0,3.57,1.0,N,88.0,234.0,2.0,13.0,0.0,0.5,0.0,0.0,0.3,16.3,2.5
1.0,"2019-08-04 19:14:36.000000","2019-08-04 19:33:01.000000",0.0,3.2,1.0,N,88.0,234.0,1.0,14.0,2.5,0.5,3.45,0.0,0.3,20.75,2.5
1.0,"2019-08-05 07:16:46.000000","2019-08-05 07:36:20.000000",2.0,4.9,1.0,N,88.0,234.0,1.0,18.5,2.5,0.5,4.36,0.0,0.3,26.16,2.5
2.0,"2019-08-05 11:00:19.000000","2019-08-05 11:31:55.000000",1.0,3.33,1.0,N,88.0,234.0,2.0,20.5,0.0,0.5,0.0,0.0,0.3,23.8,2.5
2.0,"2019-08-05 11:18:54.000000","2019-08-05 11:38:22.000000",2.0,5.44,1.0,N,88.0,234.0,1.0,19.5,0.0,0.5,4.56,0.0,0.3,27.36,2.5
2.0,"2019-08-05 11:41:46.000000","2019-08-05 12:02:10.000000",1.0,4.0,1.0,N,88.0,234.0,1.0,16.5,0.0,0.5,1.5,0.0,0.3,21.3,2.5
2.0,"2019-08-05 14:50:05.000000","2019-08-05 15:13:37.000000",4.0,5.0,1.0,N,88.0,234.0,1.0,19.5,0.0,0.5,4.56,0.0,0.3,27.36,2.5
2.0,"2019-08-05 14:00:44.000000","2019-08-05 14:29:19.000000",1.0,5.2,1.0,N,88.0,234.0,1.0,22.5,0.0,0.5,6.45,0.0,0.3,32.25,2.5
1.0,"2019-08-05 16:00:49.000000","2019-08-05 16:26:35.000000",1.0,3.5,1.0,N,88.0,234.0,1.0,18.0,3.5,0.5,0.0,0.0,0.3,22.3,2.5
2.0,"2019-08-05 17:36:50.000000","2019-08-05 17:56:57.000000",1.0,2.99,1.0,N,88.0,234.0,2.0,14.5,1.0,0.5,0.0,0.0,0.3,18.8,2.5
2.0,"2019-08-05 18:02:50.000000","2019-08-05 18:19:33.000000",1.0,4.46,1.0,N,88.0,234.0,2.0,16.5,1.0,0.5,0.0,0.0,0.3,20.8,2.5
1.0,"2019-08-05 18:29:21.000000","2019-08-05 18:49:12.000000",1.0,5.1,1.0,N,88.0,234.0,1.0,19.5,3.5,0.5,4.75,0.0,0.3,28.55,2.5
2.0,"2019-08-05 18:40:48.000000","2019-08-05 18:56:04.000000",1.0,4.88,1.0,N,88.0,234.0,1.0,17.0,1.0,0.5,3.0,0.0,0.3,24.3,2.5
1.0,"2019-08-05 19:30:48.000000","2019-08-05 19:51:18.000000",1.0,4.5,1.0,N,88.0,234.0,1.0,17.5,3.5,0.5,4.35,0.0,0.3,26.15,2.5
2.0,"2019-08-05 20:00:58.000000","2019-08-05 20:24:41.000000",5.0,5.44,1.0,N,88.0,234.0,1.0,21.0,1.0,0.5,0.02,0.0,0.3,25.32,2.5
1.0,"2019-08-05 21:22:43.000000","2019-08-05 21:39:36.000000",1.0,5.2,1.0,N,88.0,234.0,3.0,17.5,3.0,0.5,0.0,0.0,0.3,21.3,2.5
2.0,"2019-08-06 11:50:30.000000","2019-08-06 12:17:01.000000",5.0,4.77,1.0,N,88.0,234.0,1.0,21.5,0.0,0.5,2.0,0.0,0.3,26.8,2.5
2.0,"2019-08-06 11:58:12.000000","2019-08-06 12:20:34.000000",1.0,5.06,1.0,N,88.0,234.0,1.0,20.0,0.0,0.5,4.66,0.0,0.3,27.96,2.5
1.0,"2019-08-06 12:35:39.000000","2019-08-06 13:28:16.000000",1.0,7.5,1.0,N,88.0,234.0,1.0,35.0,2.5,0.5,5.74,0.0,0.3,44.04,2.5
1.0,"2019-08-06 12:31:51.000000","2019-08-06 12:53:55.000000",1.0,3.2,1.0,N,88.0,234.0,1.0,15.5,2.5,0.5,3.75,0.0,0.3,22.55,2.5
1.0,"2019-08-06 13:11:42.000000","2019-08-06 13:36:53.000000",1.0,3.7,1.0,N,88.0,234.0,2.0,18.5,2.5,0.5,0.0,0.0,0.3,21.8,2.5
2.0,"2019-08-06 14:25:41.000000","2019-08-06 14:48:26.000000",1.0,4.61,1.0,N,88.0,234.0,2.0,17.5,0.0,0.5,0.0,0.0,0.3,20.8,2.5
1.0,"2019-08-06 14:49:01.000000","2019-08-06 15:15:37.000000",1.0,4.2,1.0,N,88.0,234.0,1.0,19.5,2.5,0.5,4.55,0.0,0.3,27.35,2.5
2.0,"2019-08-06 14:35:21.000000","2019-08-06 14:56:07.000000",1.0,4.29,1.0,N,88.0,234.0,2.0,17.5,0.0,0.5,0.0,0.0,0.3,20.8,2.5
1.0,"2019-08-06 14:08:01.000000","2019-08-06 14:26:08.000000",1.0,4.4,1.0,N,88.0,234.0,1.0,16.5,2.5,0.5,3.95,0.0,0.3,23.75,2.5
1.0,"2019-08-06 15:34:05.000000","2019-08-06 15:52:20.000000",1.0,4.8,1.0,N,88.0,234.0,1.0,18.5,2.5,0.5,4.35,0.0,0.3,26.15,2.5
2.0,"2019-08-06 17:51:46.000000","2019-08-06 18:15:45.000000",1.0,4.83,1.0,N,88.0,234.0,1.0,19.0,1.0,0.5,4.66,0.0,0.3,27.96,2.5
1.0,"2019-08-06 18:59:12.000000","2019-08-06 19:22:13.000000",1.0,3.5,1.0,N,88.0,234.0,1.0,16.0,3.5,0.5,3.05,0.0,0.3,23.35,2.5
1.0,"2019-08-06 19:09:01.000000","2019-08-06 19:30:47.000000",1.0,2.9,1.0,N,88.0,234.0,1.0,15.5,3.5,0.5,2.0,0.0,0.3,21.8,2.5
2.0,"2019-08-06 20:13:07.000000","2019-08-06 20:28:33.000000",5.0,4.8,1.0,N,88.0,234.0,1.0,17.0,0.5,0.5,4.16,0.0,0.3,24.96,2.5
2.0,"2019-08-07 12:39:48.000000","2019-08-07 13:01:57.000000",4.0,3.16,1.0,N,88.0,234.0,1.0,15.0,0.0,0.5,3.66,0.0,0.3,21.96,2.5
2.0,"2019-08-07 13:54:52.000000","2019-08-07 14:16:20.000000",5.0,4.37,1.0,N,88.0,234.0,1.0,16.5,0.0,0.5,4.95,0.0,0.3,24.75,2.5
2.0,"2019-08-07 13:20:18.000000","2019-08-07 13:40:03.000000",1.0,4.78,1.0,N,88.0,234.0,1.0,18.5,0.0,0.5,4.36,0.0,0.3,26.16,2.5
2.0,"2019-08-07 13:47:15.000000","2019-08-07 14:14:01.000000",1.0,3.49,1.0,N,88.0,234.0,1.0,18.0,0.0,0.5,6.39,0.0,0.3,27.69,2.5
1.0,"2019-08-07 14:04:06.000000","2019-08-07 14:25:44.000000",3.0,5.0,1.0,N,88.0,234.0,1.0,18.5,2.5,0.5,4.35,0.0,0.3,26.15,2.5
1.0,"2019-08-07 16:15:22.000000","2019-08-07 16:39:13.000000",1.0,4.7,1.0,N,88.0,234.0,1.0,19.5,3.5,0.5,4.75,0.0,0.3,28.55,2.5
2.0,"2019-08-07 17:18:00.000000","2019-08-07 17:51:10.000000",1.0,4.0,1.0,N,88.0,234.0,1.0,21.0,1.0,0.5,6.32,0.0,0.3,31.62,2.5
1.0,"2019-08-07 18:33:47.000000","2019-08-07 18:55:30.000000",1.0,4.5,1.0,N,88.0,234.0,2.0,17.5,3.5,0.5,0.0,0.0,0.3,21.8,2.5
1.0,"2019-08-07 20:38:25.000000","2019-08-07 20:55:38.000000",1.0,3.2,1.0,N,88.0,234.0,1.0,13.0,3.0,0.5,3.35,0.0,0.3,20.15,2.5
2.0,"2019-08-07 23:47:16.000000","2019-08-08 00:03:59.000000",2.0,4.66,1.0,N,88.0,234.0,1.0,16.5,0.5,0.5,4.06,0.0,0.3,24.36,2.5
2.0,"2019-08-08 08:22:37.000000","2019-08-08 08:45:31.000000",1.0,3.16,1.0,N,88.0,234.0,1.0,16.0,0.0,0.5,3.86,0.0,0.3,23.16,2.5
2.0,"2019-08-08 08:20:14.000000","2019-08-08 08:44:05.000000",6.0,3.26,1.0,N,88.0,234.0,1.0,16.5,0.0,0.5,3.96,0.0,0.3,23.76,2.5
2.0,"2019-08-08 10:58:30.000000","2019-08-08 11:18:00.000000",4.0,4.79,1.0,N,88.0,234.0,1.0,17.5,0.0,0.5,4.16,0.0,0.3,24.96,2.5
1.0,"2019-08-08 11:57:36.000000","2019-08-08 12:17:54.000000",2.0,3.0,1.0,N,88.0,234.0,1.0,15.0,2.5,0.5,4.55,0.0,0.3,22.85,2.5
2.0,"2019-08-08 13:55:07.000000","2019-08-08 14:20:37.000000",3.0,5.2,1.0,N,88.0,234.0,1.0,20.5,0.0,0.5,4.76,0.0,0.3,28.56,2.5
2.0,"2019-08-08 14:24:01.000000","2019-08-08 14:46:48.000000",5.0,4.18,1.0,N,88.0,234.0,1.0,18.0,0.0,0.5,5.32,0.0,0.3,26.62,2.5
2.0,"2019-08-08 15:38:47.000000","2019-08-08 15:59:31.000000",1.0,4.04,1.0,N,88.0,234.0,1.0,17.5,0.0,0.5,6.24,0.0,0.3,27.04,2.5
2.0,"2019-08-08 17:33:51.000000","2019-08-08 17:56:44.000000",1.0,4.48,1.0,N,88.0,234.0,2.0,18.5,1.0,0.5,0.0,0.0,0.3,22.8,2.5
1.0,"2019-08-08 17:07:13.000000","2019-08-08 17:50:26.000000",2.0,3.7,1.0,N,88.0,234.0,1.0,25.5,3.5,0.5,5.95,0.0,0.3,35.75,2.5
2.0,"2019-08-08 18:06:41.000000","2019-08-08 18:43:27.000000",1.0,4.17,1.0,N,88.0,234.0,1.0,23.0,1.0,0.5,5.46,0.0,0.3,32.76,2.5
2.0,"2019-08-08 19:50:18.000000","2019-08-08 20:13:53.000000",1.0,4.84,1.0,N,88.0,234.0,1.0,19.0,1.0,0.5,4.66,0.0,0.3,27.96,2.5
2.0,"2019-08-08 21:45:37.000000","2019-08-08 22:00:16.000000",1.0,3.21,1.0,N,88.0,234.0,2.0,12.5,0.5,0.5,0.0,0.0,0.3,16.3,2.5
2.0,"2019-08-09 00:07:27.000000","2019-08-09 00:18:02.000000",1.0,3.3,1.0,N,88.0,234.0,1.0,11.5,0.5,0.5,3.06,0.0,0.3,18.36,2.5
2.0,"2019-08-09 07:12:44.000000","2019-08-09 07:26:49.000000",6.0,4.7,1.0,N,88.0,234.0,1.0,15.5,0.0,0.5,2.2,0.0,0.3,21.0,2.5
1.0,"2019-08-09 12:23:35.000000","2019-08-09 12:46:17.000000",1.0,2.7,1.0,N,88.0,234.0,1.0,15.0,2.5,0.5,1.7,0.0,0.3,20.0,2.5
2.0,"2019-08-09 14:56:41.000000","2019-08-09 15:17:29.000000",1.0,5.19,1.0,N,88.0,234.0,2.0,19.0,0.0,0.5,0.0,0.0,0.3,22.3,2.5
1.0,"2019-08-09 15:30:50.000000","2019-08-09 15:55:57.000000",1.0,4.0,1.0,N,88.0,234.0,1.0,19.0,2.5,0.5,2.0,0.0,0.3,24.3,2.5
1.0,"2019-08-09 15:48:07.000000","2019-08-09 16:11:39.000000",1.0,4.9,1.0,N,88.0,234.0,1.0,20.0,3.5,0.5,3.0,0.0,0.3,27.3,2.5
2.0,"2019-08-09 15:35:23.000000","2019-08-09 15:58:09.000000",1.0,5.13,1.0,N,88.0,234.0,1.0,20.0,0.0,0.5,5.82,0.0,0.3,29.12,2.5
1.0,"2019-08-09 16:56:45.000000","2019-08-09 17:20:38.000000",1.0,4.2,1.0,N,88.0,234.0,1.0,18.5,3.5,0.5,4.55,0.0,0.3,27.35,2.5
2.0,"2019-08-09 17:14:32.000000","2019-08-09 17:31:26.000000",1.0,4.57,1.0,N,88.0,234.0,2.0,17.5,1.0,0.5,0.0,0.0,0.3,21.8,2.5
2.0,"2019-08-09 19:46:17.000000","2019-08-09 20:09:58.000000",1.0,5.02,1.0,N,88.0,234.0,2.0,20.0,1.0,0.5,0.0,0.0,0.3,24.3,2.5
1.0,"2019-08-09 22:35:54.000000","2019-08-09 22:57:40.000000",2.0,3.9,1.0,Y,88.0,234.0,1.0,16.0,3.0,0.5,2.0,0.0,0.3,21.8,2.5
2.0,"2019-08-09 23:06:15.000000","2019-08-09 23:27:38.000000",1.0,4.85,1.0,N,88.0,234.0,1.0,19.0,0.5,0.5,4.56,0.0,0.3,27.36,2.5
2.0,"2019-08-10 10:26:39.000000","2019-08-10 10:45:15.000000",5.0,4.91,1.0,N,88.0,234.0,1.0,19.0,0.0,0.5,2.22,0.0,0.3,24.52,2.5
2.0,"2019-08-10 12:02:46.000000","2019-08-10 12:23:30.000000",1.0,4.91,1.0,N,88.0,234.0,2.0,18.5,0.0,0.5,0.0,0.0,0.3,21.8,2.5
1.0,"2019-08-10 15:16:49.000000","2019-08-10 15:37:48.000000",1.0,4.6,1.0,N,88.0,234.0,1.0,17.5,2.5,0.5,5.0,0.0,0.3,25.8,2.5
2.0,"2019-08-10 16:22:53.000000","2019-08-10 16:51:59.000000",1.0,3.79,1.0,N,88.0,234.0,1.0,20.0,0.0,0.5,0.0,0.0,0.3,23.3,2.5
2.0,"2019-08-10 17:47:32.000000","2019-08-10 18:05:49.000000",1.0,4.77,1.0,N,88.0,234.0,1.0,17.0,0.0,0.5,4.06,0.0,0.3,24.36,2.5
1.0,"2019-08-10 18:37:22.000000","2019-08-10 18:57:29.000000",2.0,3.2,1.0,Y,88.0,234.0,1.0,15.0,2.5,0.5,3.65,0.0,0.3,21.95,2.5
2.0,"2019-08-10 18:26:19.000000","2019-08-10 18:47:15.000000",1.0,4.83,1.0,N,88.0,234.0,1.0,18.0,0.0,0.5,4.26,0.0,0.3,25.56,2.5
1.0,"2019-08-10 18:04:58.000000","2019-08-10 18:40:10.000000",3.0,4.2,1.0,N,88.0,234.0,2.0,23.0,2.5,0.5,0.0,0.0,0.3,26.3,2.5
2.0,"2019-08-10 19:06:03.000000","2019-08-10 19:23:56.000000",1.0,5.03,1.0,N,88.0,234.0,1.0,17.5,0.0,0.5,4.16,0.0,0.3,24.96,2.5
1.0,"2019-08-10 21:27:47.000000","2019-08-10 21:46:16.000000",1.0,5.3,1.0,N,88.0,234.0,1.0,19.0,3.0,0.5,2.0,0.0,0.3,24.8,2.5
2.0,"2019-08-10 22:35:03.000000","2019-08-10 22:55:53.000000",1.0,3.65,1.0,N,88.0,234.0,1.0,16.0,0.5,0.5,3.96,0.0,0.3,23.76,2.5
2.0,"2019-08-10 23:39:51.000000","2019-08-10 23:56:33.000000",1.0,4.98,1.0,N,88.0,234.0,1.0,17.5,0.5,0.5,4.26,0.0,0.3,25.56,2.5
1.0,"2019-08-11 01:15:43.000000","2019-08-11 01:30:14.000000",1.0,4.8,1.0,N,88.0,234.0,1.0,17.0,3.0,0.5,2.08,0.0,0.3,22.88,2.5
1.0,"2019-08-11 02:00:07.000000","2019-08-11 02:16:32.000000",2.0,5.7,1.0,N,88.0,234.0,2.0,18.5,3.0,0.5,0.0,0.0,0.3,22.3,2.5
1.0,"2019-08-11 04:05:08.000000","2019-08-11 04:19:36.000000",3.0,3.2,1.0,N,88.0,234.0,1.0,13.0,3.0,0.5,4.2,0.0,0.3,21.0,2.5
2.0,"2019-08-11 12:24:28.000000","2019-08-11 12:44:03.000000",1.0,5.12,1.0,N,88.0,234.0,1.0,19.5,0.0,0.5,4.56,0.0,0.3,27.36,2.5
1.0,"2019-08-11 13:59:42.000000","2019-08-11 14:17:19.000000",1.0,4.7,1.0,N,88.0,234.0,1.0,17.5,2.5,0.5,2.0,0.0,0.3,22.8,2.5
2.0,"2019-08-11 14:03:56.000000","2019-08-12 13:56:31.000000",2.0,4.81,1.0,N,88.0,234.0,2.0,18.0,0.0,0.5,0.0,0.0,0.3,21.3,2.5
2.0,"2019-08-11 14:12:27.000000","2019-08-11 14:29:54.000000",1.0,3.49,1.0,N,88.0,234.0,2.0,15.0,0.0,0.5,0.0,0.0,0.3,18.3,2.5
2.0,"2019-08-11 14:45:20.000000","2019-08-11 15:08:04.000000",5.0,3.83,1.0,N,88.0,234.0,1.0,17.0,0.0,0.5,4.06,0.0,0.3,24.36,2.5
1.0,"2019-08-11 14:41:45.000000","2019-08-11 14:56:14.000000",1.0,5.0,1.0,N,88.0,234.0,1.0,17.0,2.5,0.5,2.0,0.0,0.3,22.3,2.5
2.0,"2019-08-11 15:46:35.000000","2019-08-11 16:01:11.000000",1.0,3.12,1.0,N,88.0,234.0,1.0,12.5,0.0,0.5,1.5,0.0,0.3,17.3,2.5
1.0,"2019-08-11 17:39:28.000000","2019-08-11 18:02:01.000000",3.0,4.3,1.0,N,88.0,234.0,1.0,18.5,2.5,0.5,0.0,0.0,0.3,21.8,2.5
1.0,"2019-08-12 12:40:09.000000","2019-08-12 12:59:58.000000",1.0,3.8,1.0,N,88.0,234.0,1.0,16.0,2.5,0.5,2.0,0.0,0.3,21.3,2.5
1.0,"2019-08-12 13:01:36.000000","2019-08-12 13:25:39.000000",1.0,3.6,1.0,Y,88.0,234.0,1.0,17.5,2.5,0.5,2.0,0.0,0.3,22.8,2.5
2.0,"2019-08-12 13:07:28.000000","2019-08-12 13:27:43.000000",1.0,5.04,1.0,N,88.0,234.0,2.0,19.5,0.0,0.5,0.0,0.0,0.3,22.8,2.5
1.0,"2019-08-12 14:19:38.000000","2019-08-12 14:34:23.000000",1.0,2.4,1.0,N,88.0,234.0,1.0,11.5,2.5,0.5,2.0,0.0,0.3,16.8,2.5
2.0,"2019-08-12 14:37:34.000000","2019-08-12 14:59:56.000000",1.0,4.97,1.0,N,88.0,234.0,2.0,18.5,0.0,0.5,0.0,0.0,0.3,21.8,2.5
2.0,"2019-08-12 14:33:39.000000","2019-08-12 14:54:05.000000",6.0,4.49,1.0,N,88.0,234.0,1.0,17.5,0.0,0.5,2.5,0.0,0.3,23.3,2.5
1.0,"2019-08-12 14:21:39.000000","2019-08-12 14:46:10.000000",1.0,6.0,1.0,N,88.0,234.0,2.0,22.5,2.5,0.5,0.0,0.0,0.3,25.8,2.5
1.0,"2019-08-12 15:33:52.000000","2019-08-12 15:50:06.000000",1.0,3.1,1.0,N,88.0,234.0,1.0,13.0,2.5,0.5,3.25,0.0,0.3,19.55,2.5
2.0,"2019-08-12 15:04:41.000000","2019-08-12 15:28:42.000000",2.0,4.38,1.0,N,88.0,234.0,1.0,19.0,0.0,0.5,4.46,0.0,0.3,26.76,2.5
2.0,"2019-08-12 17:10:59.000000","2019-08-12 17:29:53.000000",2.0,3.18,1.0,N,88.0,234.0,1.0,14.0,1.0,0.5,2.0,0.0,0.3,20.3,2.5
2.0,"2019-08-12 17:15:26.000000","2019-08-12 17:43:08.000000",2.0,5.52,1.0,N,88.0,234.0,2.0,23.5,1.0,0.5,0.0,0.0,0.3,27.8,2.5
2.0,"2019-08-12 18:46:23.000000","2019-08-12 19:05:22.000000",1.0,3.24,1.0,N,88.0,234.0,1.0,14.0,1.0,0.5,4.58,0.0,0.3,22.88,2.5
2.0,"2019-08-12 20:23:55.000000","2019-08-12 20:38:48.000000",2.0,3.1,1.0,N,88.0,234.0,1.0,12.5,0.5,0.5,3.26,0.0,0.3,19.56,2.5
2.0,"2019-08-12 20:30:44.000000","2019-08-12 20:44:50.000000",3.0,3.25,1.0,N,88.0,234.0,1.0,12.5,0.5,0.5,3.26,0.0,0.3,19.56,2.5
1.0,"2019-08-12 20:06:22.000000","2019-08-12 20:23:22.000000",1.0,4.7,1.0,N,88.0,234.0,1.0,17.5,3.0,0.5,4.25,0.0,0.3,25.55,2.5
2.0,"2019-08-12 20:34:06.000000","2019-08-12 20:48:33.000000",2.0,3.19,1.0,N,88.0,234.0,1.0,12.5,0.5,0.5,4.08,0.0,0.3,20.38,2.5
1.0,"2019-08-12 21:30:22.000000","2019-08-12 21:44:46.000000",1.0,4.5,1.0,N,88.0,234.0,1.0,16.0,3.0,0.5,3.95,0.0,0.3,23.75,2.5
2.0,"2019-08-12 22:51:41.000000","2019-08-12 23:08:15.000000",5.0,4.97,1.0,N,88.0,234.0,1.0,18.0,0.5,0.5,4.36,0.0,0.3,26.16,2.5
1.0,"2019-08-13 06:47:07.000000","2019-08-13 07:01:14.000000",1.0,3.2,1.0,N,88.0,234.0,1.0,12.5,2.5,0.5,3.15,0.0,0.3,18.95,2.5
1.0,"2019-08-13 07:29:28.000000","2019-08-13 07:47:29.000000",1.0,4.7,1.0,N,88.0,234.0,1.0,18.0,2.5,0.5,2.0,0.0,0.3,23.3,2.5
1.0,"2019-08-13 10:45:42.000000","2019-08-13 11:02:16.000000",1.0,4.8,1.0,N,88.0,234.0,1.0,17.5,2.5,0.5,5.2,0.0,0.3,26.0,2.5
1.0,"2019-08-13 10:12:19.000000","2019-08-13 10:31:05.000000",1.0,4.1,1.0,N,88.0,234.0,1.0,16.5,2.5,0.5,3.95,0.0,0.3,23.75,2.5
2.0,"2019-08-13 10:47:12.000000","2019-08-13 11:04:28.000000",2.0,4.79,1.0,N,88.0,234.0,1.0,17.5,0.0,0.5,4.16,0.0,0.3,24.96,2.5
2.0,"2019-08-13 11:31:54.000000","2019-08-13 11:54:29.000000",1.0,4.91,1.0,N,88.0,234.0,1.0,20.0,0.0,0.5,4.66,0.0,0.3,27.96,2.5
2.0,"2019-08-13 12:44:55.000000","2019-08-13 13:02:16.000000",6.0,5.01,1.0,N,88.0,234.0,1.0,18.5,0.0,0.5,4.36,0.0,0.3,26.16,2.5
1.0,"2019-08-13 13:22:40.000000","2019-08-13 13:46:50.000000",1.0,3.5,1.0,Y,88.0,234.0,1.0,17.0,2.5,0.5,4.05,0.0,0.3,24.35,2.5
2.0,"2019-08-13 13:54:22.000000","2019-08-13 14:14:40.000000",5.0,3.14,1.0,N,88.0,234.0,2.0,14.5,0.0,0.5,0.0,0.0,0.3,17.8,2.5
2.0,"2019-08-13 14:04:23.000000","2019-08-13 14:24:53.000000",1.0,5.1,1.0,N,88.0,234.0,1.0,19.5,0.0,0.5,3.0,0.0,0.3,25.8,2.5
2.0,"2019-08-13 15:45:55.000000","2019-08-13 16:07:38.000000",1.0,4.99,1.0,N,88.0,234.0,2.0,20.0,0.0,0.5,0.0,0.0,0.3,23.3,2.5
2.0,"2019-08-13 16:42:48.000000","2019-08-13 17:02:50.000000",4.0,3.2,1.0,N,88.0,234.0,1.0,15.0,1.0,0.5,1.7,0.0,0.3,21.0,2.5
1.0,"2019-08-13 17:19:36.000000","2019-08-13 17:39:07.000000",1.0,4.4,1.0,N,88.0,234.0,2.0,18.0,3.5,0.5,0.0,0.0,0.3,22.3,2.5
2.0,"2019-08-13 18:00:41.000000","2019-08-13 18:21:06.000000",1.0,4.89,1.0,N,88.0,234.0,1.0,18.0,1.0,0.5,3.34,0.0,0.3,25.64,2.5
1.0,"2019-08-13 18:44:47.000000","2019-08-13 19:05:04.000000",1.0,3.1,1.0,Y,88.0,234.0,1.0,14.5,3.5,0.5,3.75,0.0,0.3,22.55,2.5
2.0,"2019-08-13 18:55:03.000000","2019-08-13 19:14:47.000000",3.0,4.66,1.0,N,88.0,234.0,2.0,17.5,1.0,0.5,0.0,0.0,0.3,21.8,2.5
2.0,"2019-08-13 18:16:25.000000","2019-08-14 00:00:00.000000",1.0,3.48,1.0,N,88.0,234.0,1.0,15.0,1.0,0.5,0.0,0.0,0.3,19.3,2.5
2.0,"2019-08-13 19:14:33.000000","2019-08-13 19:30:01.000000",1.0,4.74,1.0,N,88.0,234.0,1.0,16.5,1.0,0.5,4.16,0.0,0.3,24.96,2.5
1.0,"2019-08-13 20:13:22.000000","2019-08-13 20:33:31.000000",1.0,5.2,1.0,N,88.0,234.0,1.0,19.0,3.0,0.5,4.55,0.0,0.3,27.35,2.5
2.0,"2019-08-13 20:55:50.000000","2019-08-13 21:13:20.000000",1.0,4.59,1.0,N,88.0,234.0,1.0,16.5,0.5,0.5,4.06,0.0,0.3,24.36,2.5
2.0,"2019-08-13 20:55:11.000000","2019-08-13 21:10:27.000000",5.0,3.33,1.0,N,88.0,234.0,1.0,13.0,0.5,0.5,3.36,0.0,0.3,20.16,2.5
2.0,"2019-08-13 21:13:09.000000","2019-08-13 21:26:50.000000",1.0,4.63,1.0,N,88.0,234.0,1.0,16.5,0.5,0.5,4.06,0.0,0.3,24.36,2.5
2.0,"2019-08-14 10:59:22.000000","2019-08-14 11:18:53.000000",2.0,4.61,1.0,N,88.0,234.0,1.0,18.0,0.0,0.5,4.26,0.0,0.3,25.56,2.5
2.0,"2019-08-14 11:50:36.000000","2019-08-14 12:14:45.000000",1.0,4.66,1.0,N,88.0,234.0,1.0,18.5,0.0,0.5,4.36,0.0,0.3,26.16,2.5
2.0,"2019-08-14 12:54:24.000000","2019-08-14 13:20:42.000000",3.0,3.99,1.0,N,88.0,234.0,1.0,19.0,0.0,0.5,1.0,0.0,0.3,23.3,2.5
1.0,"2019-08-14 12:09:34.000000","2019-08-14 12:32:40.000000",1.0,2.6,1.0,N,88.0,234.0,1.0,15.0,2.5,0.5,2.0,0.0,0.3,20.3,2.5
1.0,"2019-08-14 13:46:55.000000","2019-08-14 14:09:42.000000",2.0,5.0,1.0,Y,88.0,234.0,2.0,20.0,2.5,0.5,0.0,0.0,0.3,23.3,2.5
1.0,"2019-08-14 14:36:05.000000","2019-08-14 15:15:58.000000",2.0,4.7,1.0,N,88.0,234.0,1.0,26.5,2.5,0.5,5.95,0.0,0.3,35.75,2.5
1.0,"2019-08-14 15:36:35.000000","2019-08-14 16:04:14.000000",1.0,4.1,1.0,N,88.0,234.0,1.0,19.5,2.5,0.5,4.0,0.0,0.3,26.8,2.5
2.0,"2019-08-14 18:24:31.000000","2019-08-14 18:43:13.000000",4.0,4.46,1.0,N,88.0,234.0,2.0,18.0,1.0,0.5,0.0,0.0,0.3,22.3,2.5
2.0,"2019-08-14 18:47:46.000000","2019-08-14 19:04:18.000000",1.0,3.11,1.0,N,88.0,234.0,1.0,13.0,1.0,0.5,2.6,0.0,0.3,19.9,2.5
2.0,"2019-08-14 19:36:20.000000","2019-08-14 19:54:39.000000",3.0,4.81,1.0,N,88.0,234.0,1.0,18.0,1.0,0.5,4.46,0.0,0.3,26.76,2.5
2.0,"2019-08-14 19:22:20.000000","2019-08-14 19:45:09.000000",2.0,3.07,1.0,N,88.0,234.0,1.0,16.0,1.0,0.5,4.06,0.0,0.3,24.36,2.5
2.0,"2019-08-14 20:56:40.000000","2019-08-14 21:14:45.000000",6.0,4.76,1.0,N,88.0,234.0,1.0,18.5,0.5,0.5,4.46,0.0,0.3,26.76,2.5
1.0,"2019-08-14 20:31:02.000000","2019-08-14 20:44:51.000000",1.0,3.1,1.0,N,88.0,234.0,1.0,12.0,3.0,0.5,3.15,0.0,0.3,18.95,2.5
2.0,"2019-08-14 21:52:42.000000","2019-08-14 22:02:17.000000",1.0,2.76,1.0,N,88.0,234.0,1.0,10.0,0.5,0.5,2.76,0.0,0.3,16.56,2.5
1.0,"2019-08-15 00:45:33.000000","2019-08-15 01:03:30.000000",1.0,3.7,1.0,N,88.0,234.0,1.0,15.0,3.0,0.5,3.0,0.0,0.3,21.8,2.5
2.0,"2019-08-15 10:06:25.000000","2019-08-15 10:34:20.000000",1.0,4.43,1.0,N,88.0,234.0,1.0,20.5,0.0,0.5,4.76,0.0,0.3,28.56,2.5
2.0,"2019-08-15 11:53:37.000000","2019-08-15 12:13:39.000000",1.0,4.82,1.0,N,88.0,234.0,1.0,19.0,0.0,0.5,6.69,0.0,0.3,28.99,2.5
2.0,"2019-08-15 11:23:29.000000","2019-08-15 11:43:41.000000",1.0,4.05,1.0,N,88.0,234.0,1.0,16.0,0.0,0.5,3.86,0.0,0.3,23.16,2.5
2.0,"2019-08-15 11:38:52.000000","2019-08-15 12:01:39.000000",2.0,4.67,1.0,N,88.0,234.0,1.0,18.5,0.0,0.5,4.36,0.0,0.3,26.16,2.5
2.0,"2019-08-15 14:03:02.000000","2019-08-15 14:23:37.000000",1.0,4.77,1.0,N,88.0,234.0,1.0,18.0,0.0,0.5,6.39,0.0,0.3,27.69,2.5
1.0,"2019-08-15 14:59:37.000000","2019-08-15 15:24:17.000000",1.0,3.8,1.0,N,88.0,234.0,1.0,18.5,2.5,0.5,3.27,0.0,0.3,25.07,2.5
2.0,"2019-08-15 15:09:26.000000","2019-08-15 15:41:05.000000",1.0,5.17,1.0,N,88.0,234.0,1.0,24.0,0.0,0.5,5.46,0.0,0.3,32.76,2.5
2.0,"2019-08-15 15:12:52.000000","2019-08-15 15:41:33.000000",1.0,5.05,1.0,N,88.0,234.0,1.0,22.5,0.0,0.5,1.0,0.0,0.3,26.8,2.5
1.0,"2019-08-15 16:55:35.000000","2019-08-15 17:19:41.000000",1.0,2.9,1.0,N,88.0,234.0,1.0,16.5,1.0,0.5,0.0,0.0,0.3,18.3,0.0
1.0,"2019-08-15 16:12:16.000000","2019-08-15 16:39:17.000000",2.0,3.7,1.0,N,88.0,234.0,1.0,18.0,3.5,0.5,4.45,0.0,0.3,26.75,2.5
2.0,"2019-08-15 15:59:07.000000","2019-08-15 16:26:58.000000",2.0,5.07,1.0,N,88.0,234.0,1.0,21.5,1.0,0.5,6.45,0.0,0.3,32.25,2.5
2.0,"2019-08-15 16:59:14.000000","2019-08-15 17:16:08.000000",3.0,4.77,1.0,N,88.0,234.0,1.0,17.0,1.0,0.5,4.26,0.0,0.3,25.56,2.5
1.0,"2019-08-15 17:48:25.000000","2019-08-15 18:15:31.000000",1.0,5.0,1.0,N,88.0,234.0,2.0,20.5,3.5,0.5,0.0,0.0,0.3,24.8,2.5
1.0,"2019-08-15 17:25:55.000000","2019-08-15 17:47:51.000000",1.0,4.5,1.0,N,88.0,234.0,2.0,17.5,3.5,0.5,0.0,0.0,0.3,21.8,2.5
1.0,"2019-08-15 18:47:11.000000","2019-08-15 19:04:06.000000",3.0,2.6,1.0,N,88.0,234.0,1.0,13.0,3.5,0.5,3.45,0.0,0.3,20.75,2.5
2.0,"2019-08-15 19:28:00.000000","2019-08-15 19:47:45.000000",5.0,4.99,1.0,N,88.0,234.0,2.0,19.0,1.0,0.5,0.0,0.0,0.3,23.3,2.5
2.0,"2019-08-15 19:45:16.000000","2019-08-15 20:04:48.000000",1.0,4.79,1.0,N,88.0,234.0,1.0,18.0,1.0,0.5,4.46,0.0,0.3,26.76,2.5
2.0,"2019-08-15 20:55:39.000000","2019-08-15 21:17:19.000000",3.0,5.36,1.0,N,88.0,234.0,1.0,19.5,0.5,0.5,5.82,0.0,0.3,29.12,2.5
2.0,"2019-08-15 21:16:58.000000","2019-08-15 21:34:35.000000",1.0,5.04,1.0,N,88.0,234.0,2.0,17.5,0.5,0.5,0.0,0.0,0.3,21.3,2.5
2.0,"2019-08-15 23:08:59.000000","2019-08-15 23:28:54.000000",1.0,4.81,1.0,N,88.0,234.0,1.0,18.0,0.5,0.5,4.36,0.0,0.3,26.16,2.5
1.0,"2019-08-16 01:41:42.000000","2019-08-16 01:53:17.000000",1.0,2.7,1.0,N,88.0,234.0,1.0,11.0,3.0,0.5,4.4,0.0,0.3,19.2,2.5
2.0,"2019-08-16 03:39:48.000000","2019-08-16 03:49:06.000000",1.0,3.12,1.0,N,88.0,234.0,2.0,11.0,0.5,0.5,0.0,0.0,0.3,14.8,2.5
2.0,"2019-08-16 07:57:20.000000","2019-08-16 08:17:52.000000",1.0,5.37,1.0,N,88.0,234.0,1.0,20.0,0.0,0.5,4.66,0.0,0.3,27.96,2.5
2.0,"2019-08-16 10:12:28.000000","2019-08-16 10:28:10.000000",1.0,3.49,1.0,N,88.0,234.0,1.0,13.5,0.0,0.5,5.04,0.0,0.3,21.84,2.5
1.0,"2019-08-16 10:06:47.000000","2019-08-16 10:57:02.000000",1.0,4.8,1.0,N,88.0,234.0,1.0,32.0,2.5,0.5,5.29,0.0,0.3,40.59,2.5
1.0,"2019-08-16 13:57:46.000000","2019-08-16 14:20:01.000000",1.0,4.8,1.0,N,88.0,234.0,2.0,20.0,2.5,0.5,0.0,0.0,0.3,23.3,2.5
2.0,"2019-08-16 14:24:04.000000","2019-08-16 14:47:51.000000",1.0,5.32,1.0,N,88.0,234.0,1.0,20.5,0.0,0.5,4.76,0.0,0.3,28.56,2.5
1.0,"2019-08-16 14:32:24.000000","2019-08-16 14:55:27.000000",2.0,3.8,1.0,N,88.0,234.0,1.0,17.5,2.5,0.5,4.15,0.0,0.3,24.95,2.5
1.0,"2019-08-16 15:33:19.000000","2019-08-16 16:02:35.000000",1.0,3.3,1.0,Y,88.0,234.0,1.0,19.5,2.5,0.5,2.28,0.0,0.3,25.08,2.5
1.0,"2019-08-16 15:34:38.000000","2019-08-16 15:56:25.000000",2.0,4.6,1.0,N,88.0,234.0,1.0,18.0,2.5,0.5,5.3,0.0,0.3,26.6,2.5
1.0,"2019-08-16 15:05:04.000000","2019-08-16 15:38:05.000000",3.0,4.4,1.0,N,88.0,234.0,1.0,23.0,2.5,0.5,5.25,0.0,0.3,31.55,2.5
2.0,"2019-08-16 17:30:52.000000","2019-08-16 17:47:52.000000",1.0,4.32,1.0,N,88.0,234.0,2.0,16.5,1.0,0.5,0.0,0.0,0.3,20.8,2.5
2.0,"2019-08-16 17:14:18.000000","2019-08-16 17:49:49.000000",1.0,3.6,1.0,N,88.0,234.0,1.0,23.0,1.0,0.5,1.5,0.0,0.3,28.8,2.5
2.0,"2019-08-16 18:41:39.000000","2019-08-16 19:06:47.000000",1.0,4.42,1.0,N,88.0,234.0,1.0,19.5,1.0,0.5,7.14,0.0,0.3,30.94,2.5
2.0,"2019-08-16 18:33:52.000000","2019-08-16 18:52:29.000000",1.0,5.06,1.0,N,88.0,234.0,1.0,18.5,1.0,0.5,4.56,0.0,0.3,27.36,2.5
1.0,"2019-08-17 02:10:34.000000","2019-08-17 02:25:28.000000",0.0,5.7,1.0,N,88.0,234.0,1.0,18.5,3.0,0.5,8.0,0.0,0.3,30.3,2.5
2.0,"2019-08-17 08:27:28.000000","2019-08-17 08:50:49.000000",1.0,5.67,1.0,N,88.0,234.0,2.0,22.0,0.0,0.5,0.0,0.0,0.3,25.3,2.5
2.0,"2019-08-17 09:42:55.000000","2019-08-17 09:59:43.000000",1.0,3.3,1.0,N,88.0,234.0,1.0,14.0,0.0,0.5,1.73,0.0,0.3,19.03,2.5
1.0,"2019-08-17 11:06:53.000000","2019-08-17 11:27:53.000000",0.0,3.4,1.0,N,88.0,234.0,2.0,15.5,2.5,0.5,0.0,0.0,0.3,18.8,2.5
1.0,"2019-08-17 11:20:07.000000","2019-08-17 11:44:09.000000",1.0,4.1,1.0,N,88.0,234.0,1.0,18.0,2.5,0.5,4.25,0.0,0.3,25.55,2.5
2.0,"2019-08-17 14:51:23.000000","2019-08-17 15:14:47.000000",2.0,4.29,1.0,N,88.0,234.0,2.0,18.0,0.0,0.5,0.0,0.0,0.3,21.3,2.5
2.0,"2019-08-17 15:58:09.000000","2019-08-17 16:13:21.000000",1.0,5.08,1.0,N,88.0,234.0,1.0,17.5,0.0,0.5,4.16,0.0,0.3,24.96,2.5
1.0,"2019-08-17 16:41:06.000000","2019-08-17 16:55:53.000000",2.0,2.8,1.0,N,88.0,234.0,1.0,12.0,2.5,0.5,3.06,0.0,0.3,18.36,2.5
2.0,"2019-08-17 17:57:27.000000","2019-08-17 18:13:48.000000",1.0,3.04,1.0,N,88.0,234.0,1.0,13.0,0.0,0.5,3.26,0.0,0.3,19.56,2.5
1.0,"2019-08-17 18:52:29.000000","2019-08-17 19:07:56.000000",0.0,4.7,1.0,N,88.0,234.0,2.0,17.0,2.5,0.5,0.0,0.0,0.3,20.3,2.5
1.0,"2019-08-17 19:40:51.000000","2019-08-17 19:57:34.000000",1.0,3.1,1.0,N,88.0,234.0,1.0,13.0,2.5,0.5,2.5,0.0,0.3,18.8,2.5
1.0,"2019-08-17 20:39:41.000000","2019-08-17 20:59:16.000000",2.0,5.2,1.0,N,88.0,234.0,3.0,18.5,3.0,0.5,0.0,0.0,0.3,22.3,2.5
1.0,"2019-08-17 21:08:58.000000","2019-08-17 21:26:52.000000",2.0,3.2,1.0,N,88.0,234.0,1.0,14.0,3.0,0.5,3.55,0.0,0.3,21.35,2.5
2.0,"2019-08-18 02:24:51.000000","2019-08-18 02:42:58.000000",1.0,3.58,1.0,N,88.0,234.0,1.0,15.0,0.5,0.5,3.76,0.0,0.3,22.56,2.5
2.0,"2019-08-18 11:30:37.000000","2019-08-18 11:48:08.000000",1.0,4.44,1.0,N,88.0,234.0,1.0,16.5,0.0,0.5,3.96,0.0,0.3,23.76,2.5
1.0,"2019-08-18 12:25:02.000000","2019-08-18 12:43:11.000000",4.0,4.8,1.0,N,88.0,234.0,4.0,18.0,2.5,0.5,0.0,0.0,0.3,21.3,2.5
2.0,"2019-08-18 12:31:20.000000","2019-08-18 12:52:02.000000",1.0,4.89,1.0,N,88.0,234.0,1.0,19.0,0.0,0.5,4.46,0.0,0.3,26.76,2.5
2.0,"2019-08-18 14:40:35.000000","2019-08-18 14:54:36.000000",1.0,3.28,1.0,N,88.0,234.0,2.0,12.5,0.0,0.5,0.0,0.0,0.3,15.8,2.5
2.0,"2019-08-18 15:56:38.000000","2019-08-18 16:13:43.000000",1.0,3.1,1.0,N,88.0,234.0,2.0,13.5,0.0,0.5,0.0,0.0,0.3,16.8,2.5
2.0,"2019-08-18 16:33:04.000000","2019-08-18 16:54:41.000000",1.0,3.24,1.0,N,88.0,234.0,1.0,15.5,0.0,0.5,3.76,0.0,0.3,22.56,2.5
2.0,"2019-08-18 17:07:54.000000","2019-08-18 17:23:49.000000",6.0,4.86,1.0,N,88.0,234.0,1.0,17.0,0.0,0.5,4.06,0.0,0.3,24.36,2.5
2.0,"2019-08-18 18:40:12.000000","2019-08-18 19:01:34.000000",1.0,5.21,1.0,N,88.0,234.0,1.0,19.0,0.0,0.5,4.46,0.0,0.3,26.76,2.5
1.0,"2019-08-18 19:11:29.000000","2019-08-18 19:24:52.000000",1.0,3.0,1.0,N,88.0,234.0,1.0,12.0,2.5,0.5,3.05,0.0,0.3,18.35,2.5
2.0,"2019-08-19 08:39:56.000000","2019-08-19 08:56:21.000000",1.0,4.67,1.0,N,88.0,234.0,1.0,17.0,0.0,0.5,2.0,0.0,0.3,22.3,2.5
2.0,"2019-08-19 09:41:07.000000","2019-08-19 10:02:18.000000",1.0,4.54,1.0,N,88.0,234.0,1.0,18.5,0.0,0.5,4.36,0.0,0.3,26.16,2.5
2.0,"2019-08-19 11:22:19.000000","2019-08-19 11:38:54.000000",5.0,3.06,1.0,N,88.0,234.0,1.0,13.0,0.0,0.5,2.0,0.0,0.3,18.3,2.5
1.0,"2019-08-19 14:00:09.000000","2019-08-19 14:21:41.000000",1.0,5.1,5.0,N,88.0,234.0,3.0,0.0,0.0,0.0,0.0,0.0,0.3,0.3,0.0
2.0,"2019-08-19 15:13:57.000000","2019-08-19 15:33:27.000000",1.0,3.62,1.0,N,88.0,234.0,2.0,16.0,0.0,0.5,0.0,0.0,0.3,19.3,2.5
2.0,"2019-08-19 17:41:13.000000","2019-08-19 17:58:16.000000",1.0,4.78,1.0,N,88.0,234.0,1.0,17.5,1.0,0.5,3.27,0.0,0.3,25.07,2.5
1.0,"2019-08-19 17:20:24.000000","2019-08-19 17:44:30.000000",1.0,3.9,1.0,N,88.0,234.0,2.0,18.5,3.5,0.5,0.0,0.0,0.3,22.8,2.5
2.0,"2019-08-19 17:28:36.000000","2019-08-19 17:57:16.000000",2.0,4.09,1.0,N,88.0,234.0,2.0,20.5,1.0,0.5,0.0,0.0,0.3,24.8,2.5
1.0,"2019-08-19 18:44:35.000000","2019-08-19 19:00:00.000000",1.0,4.7,1.0,N,88.0,234.0,1.0,17.5,3.5,0.5,2.5,0.0,0.3,24.3,2.5
2.0,"2019-08-19 18:10:10.000000","2019-08-19 18:28:37.000000",1.0,4.83,1.0,N,88.0,234.0,1.0,18.0,1.0,0.5,4.46,0.0,0.3,26.76,2.5
2.0,"2019-08-19 18:28:30.000000","2019-08-19 18:48:45.000000",6.0,4.71,1.0,N,88.0,234.0,1.0,18.5,1.0,0.5,5.0,0.0,0.3,27.8,2.5
2.0,"2019-08-19 20:58:15.000000","2019-08-19 21:15:30.000000",1.0,5.04,1.0,N,88.0,234.0,1.0,18.0,0.5,0.5,3.0,0.0,0.3,24.8,2.5
1.0,"2019-08-19 21:04:38.000000","2019-08-19 21:20:20.000000",1.0,4.8,1.0,N,88.0,234.0,1.0,17.0,3.0,0.5,4.15,0.0,0.3,24.95,2.5
2.0,"2019-08-20 10:10:03.000000","2019-08-20 10:26:42.000000",1.0,4.88,1.0,N,88.0,234.0,1.0,17.5,0.0,0.5,4.16,0.0,0.3,24.96,2.5
1.0,"2019-08-20 11:59:41.000000","2019-08-20 12:25:09.000000",0.0,5.1,1.0,N,88.0,234.0,1.0,20.5,2.5,0.5,4.75,0.0,0.3,28.55,2.5
2.0,"2019-08-20 11:35:21.000000","2019-08-20 11:54:12.000000",4.0,4.43,1.0,N,88.0,234.0,1.0,16.5,0.0,0.5,2.97,0.0,0.3,22.77,2.5
2.0,"2019-08-20 05:38:27.000000","2019-08-20 05:58:50.000000",1.0,5.13,1.0,N,88.0,234.0,1.0,19.5,0.0,0.5,4.56,0.0,0.3,27.36,2.5
2.0,"2019-08-20 12:54:55.000000","2019-08-20 13:22:32.000000",2.0,5.07,1.0,N,88.0,234.0,1.0,21.5,0.0,0.5,4.96,0.0,0.3,29.76,2.5
2.0,"2019-08-20 13:27:18.000000","2019-08-20 13:51:58.000000",3.0,3.66,1.0,N,88.0,234.0,1.0,17.5,0.0,0.5,3.0,0.0,0.3,23.8,2.5
2.0,"2019-08-20 13:08:11.000000","2019-08-20 13:33:37.000000",1.0,4.88,1.0,N,88.0,234.0,1.0,19.5,0.0,0.5,4.56,0.0,0.3,27.36,2.5
2.0,"2019-08-20 15:12:17.000000","2019-08-20 15:36:59.000000",4.0,4.59,1.0,N,88.0,234.0,1.0,19.5,0.0,0.5,4.56,0.0,0.3,27.36,2.5
2.0,"2019-08-20 16:35:13.000000","2019-08-20 16:54:05.000000",1.0,4.53,1.0,N,88.0,234.0,1.0,17.0,1.0,0.5,4.26,0.0,0.3,25.56,2.5
1.0,"2019-08-20 17:57:43.000000","2019-08-20 18:22:32.000000",1.0,3.5,1.0,N,88.0,234.0,1.0,17.5,3.5,0.5,4.35,0.0,0.3,26.15,2.5
1.0,"2019-08-20 18:28:35.000000","2019-08-20 18:45:09.000000",1.0,4.8,1.0,N,88.0,234.0,1.0,17.0,3.5,0.5,2.0,0.0,0.3,23.3,2.5
2.0,"2019-08-20 18:53:01.000000","2019-08-20 19:12:28.000000",2.0,3.46,1.0,N,88.0,234.0,1.0,14.5,1.0,0.5,2.0,0.0,0.3,20.8,2.5
2.0,"2019-08-20 19:46:47.000000","2019-08-20 20:02:18.000000",2.0,4.98,1.0,N,88.0,234.0,1.0,17.5,1.0,0.5,4.36,0.0,0.3,26.16,2.5
2.0,"2019-08-20 19:55:27.000000","2019-08-20 20:09:52.000000",5.0,3.32,1.0,N,88.0,234.0,1.0,12.5,1.0,0.5,3.36,0.0,0.3,20.16,2.5
2.0,"2019-08-20 19:31:31.000000","2019-08-20 19:51:22.000000",5.0,3.25,1.0,N,88.0,234.0,1.0,14.5,1.0,0.5,3.76,0.0,0.3,22.56,2.5
2.0,"2019-08-20 20:20:44.000000","2019-08-20 20:42:10.000000",4.0,5.3,1.0,N,88.0,234.0,1.0,19.5,0.5,0.5,4.66,0.0,0.3,27.96,2.5
1.0,"2019-08-20 21:13:50.000000","2019-08-20 21:28:33.000000",2.0,3.5,1.0,N,88.0,234.0,1.0,13.5,3.0,0.5,3.45,0.0,0.3,20.75,2.5
2.0,"2019-08-20 22:50:38.000000","2019-08-21 22:38:24.000000",2.0,5.04,1.0,N,88.0,234.0,2.0,18.5,0.5,0.5,0.0,0.0,0.3,22.3,2.5
2.0,"2019-08-21 00:40:01.000000","2019-08-21 00:54:36.000000",4.0,4.06,1.0,N,88.0,234.0,1.0,14.5,0.5,0.5,5.49,0.0,0.3,23.79,2.5
2.0,"2019-08-21 01:04:15.000000","2019-08-21 01:13:28.000000",1.0,1.56,1.0,N,88.0,234.0,1.0,8.5,0.5,0.5,3.08,0.0,0.3,15.38,2.5
2.0,"2019-08-21 09:04:36.000000","2019-08-21 09:29:08.000000",1.0,4.87,1.0,N,88.0,234.0,1.0,20.5,0.0,0.5,4.76,0.0,0.3,28.56,2.5
1.0,"2019-08-21 09:09:15.000000","2019-08-21 09:29:47.000000",1.0,4.6,1.0,N,88.0,234.0,1.0,18.5,2.5,0.5,4.35,0.0,0.3,26.15,2.5
2.0,"2019-08-21 10:20:54.000000","2019-08-21 10:45:07.000000",1.0,2.85,1.0,N,88.0,234.0,1.0,16.0,0.0,0.5,2.0,0.0,0.3,21.3,2.5
1.0,"2019-08-21 11:36:12.000000","2019-08-21 11:55:49.000000",1.0,4.5,1.0,N,88.0,234.0,1.0,18.5,2.5,0.5,4.35,0.0,0.3,26.15,2.5
1.0,"2019-08-21 12:07:41.000000","2019-08-21 12:33:27.000000",1.0,5.1,1.0,N,88.0,234.0,1.0,21.0,2.5,0.5,4.85,0.0,0.3,29.15,2.5
1.0,"2019-08-21 13:37:42.000000","2019-08-21 13:57:37.000000",3.0,3.2,1.0,N,88.0,234.0,2.0,15.0,2.5,0.5,0.0,0.0,0.3,18.3,2.5
2.0,"2019-08-21 13:22:27.000000","2019-08-21 13:42:51.000000",1.0,4.71,1.0,N,88.0,234.0,1.0,18.5,0.0,0.5,4.36,0.0,0.3,26.16,2.5
1.0,"2019-08-21 13:31:29.000000","2019-08-21 13:54:54.000000",4.0,5.2,1.0,N,88.0,234.0,1.0,20.0,2.5,0.5,4.65,0.0,0.3,27.95,2.5
2.0,"2019-08-21 14:32:21.000000","2019-08-21 14:55:42.000000",1.0,4.63,1.0,N,88.0,234.0,1.0,19.0,0.0,0.5,3.34,0.0,0.3,25.64,2.5
1.0,"2019-08-21 14:35:19.000000","2019-08-21 14:51:36.000000",1.0,4.4,1.0,N,88.0,234.0,2.0,16.0,2.5,0.5,0.0,0.0,0.3,19.3,2.5
2.0,"2019-08-21 15:43:29.000000","2019-08-21 16:06:59.000000",2.0,5.23,1.0,N,88.0,234.0,2.0,20.0,0.0,0.5,0.0,0.0,0.3,23.3,2.5
1.0,"2019-08-21 15:32:44.000000","2019-08-21 15:51:23.000000",1.0,3.1,1.0,N,88.0,234.0,1.0,14.0,2.5,0.5,2.0,0.0,0.3,19.3,2.5
1.0,"2019-08-21 15:13:45.000000","2019-08-21 15:33:38.000000",1.0,5.0,1.0,N,88.0,234.0,1.0,18.5,2.5,0.5,4.35,0.0,0.3,26.15,2.5
2.0,"2019-08-21 15:46:24.000000","2019-08-21 16:16:29.000000",1.0,4.47,1.0,N,88.0,234.0,1.0,22.0,0.0,0.5,5.06,0.0,0.3,30.36,2.5
1.0,"2019-08-21 17:19:43.000000","2019-08-21 17:49:02.000000",1.0,5.4,1.0,N,88.0,234.0,1.0,23.5,3.5,0.5,3.34,0.0,0.3,31.14,2.5
2.0,"2019-08-21 17:36:40.000000","2019-08-21 17:52:29.000000",1.0,4.44,1.0,N,88.0,234.0,1.0,16.0,1.0,0.5,0.0,0.0,0.3,20.3,2.5
2.0,"2019-08-21 19:10:48.000000","2019-08-21 19:28:50.000000",1.0,4.76,1.0,N,88.0,234.0,1.0,17.5,1.0,0.5,4.36,0.0,0.3,26.16,2.5
1.0,"2019-08-21 20:11:09.000000","2019-08-21 20:33:01.000000",1.0,5.4,1.0,N,88.0,234.0,1.0,20.5,3.0,0.5,3.65,0.0,0.3,27.95,2.5
2.0,"2019-08-21 22:56:14.000000","2019-08-21 23:14:02.000000",1.0,2.99,1.0,N,88.0,234.0,1.0,13.5,0.5,0.5,3.46,0.0,0.3,20.76,2.5
1.0,"2019-08-22 09:22:33.000000","2019-08-22 09:43:00.000000",3.0,3.9,1.0,N,88.0,234.0,2.0,16.5,2.5,0.5,0.0,0.0,0.3,19.8,2.5
2.0,"2019-08-22 10:09:39.000000","2019-08-22 10:31:16.000000",1.0,4.45,1.0,N,88.0,234.0,1.0,17.5,0.0,0.5,4.16,0.0,0.3,24.96,2.5
2.0,"2019-08-22 10:17:50.000000","2019-08-22 10:47:40.000000",1.0,5.31,1.0,N,88.0,234.0,1.0,23.0,0.0,0.5,5.26,0.0,0.3,31.56,2.5
1.0,"2019-08-22 11:34:27.000000","2019-08-22 12:00:29.000000",0.0,5.1,1.0,N,88.0,234.0,1.0,20.5,2.5,0.5,4.75,0.0,0.3,28.55,2.5
1.0,"2019-08-22 14:03:37.000000","2019-08-22 14:23:39.000000",1.0,3.1,1.0,N,88.0,234.0,1.0,14.5,2.5,0.5,1.7,0.0,0.3,19.5,2.5
1.0,"2019-08-22 14:33:03.000000","2019-08-22 15:02:54.000000",4.0,3.4,1.0,N,88.0,234.0,2.0,19.5,2.5,0.5,0.0,0.0,0.3,22.8,2.5
2.0,"2019-08-22 15:12:35.000000","2019-08-22 15:45:32.000000",1.0,4.12,5.0,N,88.0,234.0,2.0,22.41,0.0,0.5,0.0,0.0,0.3,23.21,0.0
1.0,"2019-08-22 16:35:51.000000","2019-08-22 16:50:49.000000",1.0,4.8,1.0,N,88.0,234.0,1.0,17.0,3.5,0.5,4.26,0.0,0.3,25.56,2.5
1.0,"2019-08-22 16:23:48.000000","2019-08-22 17:09:05.000000",2.0,7.2,1.0,N,88.0,234.0,2.0,32.5,3.5,0.5,0.0,0.0,0.3,36.8,2.5
2.0,"2019-08-22 17:47:52.000000","2019-08-22 18:03:13.000000",1.0,4.76,1.0,N,88.0,234.0,2.0,17.0,1.0,0.5,0.0,0.0,0.3,21.3,2.5
2.0,"2019-08-22 17:59:16.000000","2019-08-22 18:12:54.000000",1.0,2.7,1.0,N,88.0,234.0,1.0,11.5,1.0,0.5,3.95,0.0,0.3,19.75,2.5
1.0,"2019-08-22 18:25:59.000000","2019-08-22 18:47:00.000000",2.0,3.1,1.0,N,88.0,234.0,1.0,15.0,3.5,0.5,2.9,0.0,0.3,22.2,2.5
2.0,"2019-08-22 19:03:17.000000","2019-08-22 19:17:27.000000",5.0,3.22,1.0,N,88.0,234.0,2.0,12.5,1.0,0.5,0.0,0.0,0.3,16.8,2.5
2.0,"2019-08-22 20:33:36.000000","2019-08-22 20:53:40.000000",1.0,3.75,1.0,N,88.0,234.0,1.0,15.5,0.5,0.5,4.82,0.0,0.3,24.12,2.5
2.0,"2019-08-22 20:01:32.000000","2019-08-22 20:22:09.000000",2.0,4.84,1.0,N,88.0,234.0,1.0,18.5,1.0,0.5,4.56,0.0,0.3,27.36,2.5
1.0,"2019-08-22 21:20:38.000000","2019-08-22 21:35:28.000000",1.0,3.1,1.0,N,88.0,234.0,1.0,12.5,3.0,0.5,2.5,0.0,0.3,18.8,2.5
2.0,"2019-08-22 22:29:56.000000","2019-08-22 22:44:30.000000",1.0,3.23,1.0,N,88.0,234.0,1.0,13.0,0.5,0.5,3.36,0.0,0.3,20.16,2.5
1.0,"2019-08-22 23:23:41.000000","2019-08-22 23:44:15.000000",2.0,3.5,1.0,N,88.0,234.0,1.0,15.0,3.0,0.5,0.0,0.0,0.3,18.8,2.5
2.0,"2019-08-22 23:06:37.000000","2019-08-22 23:28:57.000000",5.0,5.06,1.0,N,88.0,234.0,1.0,20.0,0.5,0.5,4.76,0.0,0.3,28.56,2.5
2.0,"2019-08-23 06:48:49.000000","2019-08-23 07:03:18.000000",1.0,4.54,1.0,N,88.0,234.0,1.0,16.5,0.0,0.5,2.2,0.0,0.3,22.0,2.5
1.0,"2019-08-23 09:15:35.000000","2019-08-23 09:37:13.000000",1.0,3.5,1.0,N,88.0,234.0,1.0,16.0,2.5,0.5,2.0,0.0,0.3,21.3,2.5
1.0,"2019-08-23 11:02:03.000000","2019-08-23 11:20:52.000000",1.0,4.8,1.0,N,88.0,234.0,1.0,17.5,2.5,0.5,4.15,0.0,0.3,24.95,2.5
2.0,"2019-08-23 11:31:40.000000","2019-08-23 11:54:58.000000",2.0,4.72,1.0,N,88.0,234.0,1.0,18.5,0.0,0.5,4.36,0.0,0.3,26.16,2.5
2.0,"2019-08-23 13:00:13.000000","2019-08-23 13:29:22.000000",1.0,2.94,1.0,N,88.0,234.0,2.0,18.5,0.0,0.5,0.0,0.0,0.3,21.8,2.5
2.0,"2019-08-23 16:48:06.000000","2019-08-23 17:14:13.000000",2.0,3.47,1.0,N,88.0,234.0,1.0,18.0,1.0,0.5,3.34,0.0,0.3,25.64,2.5
2.0,"2019-08-23 18:08:01.000000","2019-08-23 18:23:48.000000",1.0,4.64,1.0,N,88.0,234.0,1.0,17.0,1.0,0.5,4.26,0.0,0.3,25.56,2.5
1.0,"2019-08-23 18:27:59.000000","2019-08-23 18:54:14.000000",0.0,3.3,1.0,N,88.0,234.0,1.0,18.0,3.5,0.5,2.23,0.0,0.3,24.53,2.5
1.0,"2019-08-23 18:51:23.000000","2019-08-23 19:07:08.000000",1.0,4.9,1.0,N,88.0,234.0,1.0,17.5,3.5,0.5,4.35,0.0,0.3,26.15,2.5
2.0,"2019-08-23 20:20:15.000000","2019-08-23 20:36:28.000000",1.0,4.91,1.0,N,88.0,234.0,1.0,17.0,0.5,0.5,4.16,0.0,0.3,24.96,2.5
2.0,"2019-08-23 20:58:02.000000","2019-08-23 21:17:21.000000",5.0,4.54,1.0,N,88.0,234.0,1.0,17.0,0.5,0.5,4.16,0.0,0.3,24.96,2.5
2.0,"2019-08-23 22:46:53.000000","2019-08-23 22:59:20.000000",3.0,2.92,1.0,N,88.0,234.0,1.0,11.5,0.5,0.5,1.8,0.0,0.3,17.1,2.5
2.0,"2019-08-24 00:08:27.000000","2019-08-24 00:22:24.000000",2.0,5.06,1.0,N,88.0,234.0,1.0,17.0,0.5,0.5,4.16,0.0,0.3,24.96,2.5
1.0,"2019-08-24 11:28:36.000000","2019-08-24 11:44:43.000000",2.0,4.7,1.0,N,88.0,234.0,1.0,17.5,2.5,0.5,4.15,0.0,0.3,24.95,2.5
2.0,"2019-08-24 12:03:39.000000","2019-08-24 12:18:55.000000",5.0,5.4,1.0,N,88.0,234.0,1.0,18.0,0.0,0.5,4.26,0.0,0.3,25.56,2.5
1.0,"2019-08-24 16:25:19.000000","2019-08-24 16:41:05.000000",2.0,5.2,1.0,N,88.0,234.0,3.0,18.5,2.5,0.5,0.0,0.0,0.3,21.8,2.5
2.0,"2019-08-24 16:21:43.000000","2019-08-24 16:37:10.000000",1.0,4.97,1.0,N,88.0,234.0,2.0,16.5,0.0,0.5,0.0,0.0,0.3,19.8,2.5
2.0,"2019-08-24 17:37:07.000000","2019-08-24 17:59:15.000000",1.0,3.81,1.0,N,88.0,234.0,1.0,16.5,0.0,0.5,3.96,0.0,0.3,23.76,2.5
1.0,"2019-08-24 17:16:21.000000","2019-08-24 17:39:19.000000",2.0,4.2,1.0,N,88.0,234.0,2.0,18.5,2.5,0.5,0.0,0.0,0.3,21.8,2.5
2.0,"2019-08-24 19:38:26.000000","2019-08-24 19:54:50.000000",1.0,4.8,1.0,N,88.0,234.0,1.0,16.5,0.0,0.5,3.96,0.0,0.3,23.76,2.5
1.0,"2019-08-24 20:30:30.000000","2019-08-24 20:50:00.000000",0.0,3.6,1.0,N,88.0,234.0,1.0,15.0,3.0,0.5,0.0,0.0,0.3,18.8,2.5
2.0,"2019-08-24 21:49:32.000000","2019-08-24 22:06:43.000000",1.0,3.59,1.0,N,88.0,234.0,2.0,14.0,0.5,0.5,0.0,0.0,0.3,17.8,2.5
2.0,"2019-08-24 22:38:34.000000","2019-08-24 22:55:42.000000",2.0,3.11,1.0,N,88.0,234.0,1.0,13.5,0.5,0.5,2.08,0.0,0.3,19.38,2.5
2.0,"2019-08-24 22:51:49.000000","2019-08-24 23:10:31.000000",1.0,4.87,1.0,N,88.0,234.0,2.0,18.0,0.5,0.5,0.0,0.0,0.3,21.8,2.5
2.0,"2019-08-24 22:58:26.000000","2019-08-24 23:19:45.000000",1.0,3.12,1.0,N,88.0,234.0,1.0,15.0,0.5,0.5,2.75,0.0,0.3,21.55,2.5
2.0,"2019-08-25 00:20:12.000000","2019-08-25 00:34:43.000000",1.0,4.9,1.0,N,88.0,234.0,2.0,17.0,0.5,0.5,0.0,0.0,0.3,20.8,2.5
2.0,"2019-08-25 09:37:32.000000","2019-08-25 09:49:25.000000",1.0,3.26,1.0,N,88.0,234.0,1.0,12.0,0.0,0.5,3.06,0.0,0.3,18.36,2.5
1.0,"2019-08-25 09:43:01.000000","2019-08-25 09:57:02.000000",0.0,5.2,1.0,N,88.0,234.0,2.0,17.5,2.5,0.5,0.0,0.0,0.3,20.8,2.5
2.0,"2019-08-25 13:56:20.000000","2019-08-25 14:17:30.000000",1.0,4.81,1.0,N,88.0,234.0,1.0,19.5,0.0,0.5,2.0,0.0,0.3,24.8,2.5
2.0,"2019-08-25 14:43:39.000000","2019-08-25 14:56:58.000000",1.0,4.58,1.0,N,88.0,234.0,2.0,16.0,0.0,0.5,0.0,0.0,0.3,19.3,2.5
2.0,"2019-08-25 15:56:48.000000","2019-08-25 16:17:47.000000",1.0,3.18,1.0,N,88.0,234.0,2.0,15.0,0.0,0.5,0.0,0.0,0.3,18.3,2.5
2.0,"2019-08-25 15:04:44.000000","2019-08-25 15:28:33.000000",2.0,6.08,1.0,N,88.0,234.0,2.0,22.5,0.0,0.5,0.0,0.0,0.3,25.8,2.5
2.0,"2019-08-25 18:59:31.000000","2019-08-25 19:16:56.000000",1.0,3.26,1.0,N,88.0,234.0,2.0,14.0,0.0,0.5,0.0,0.0,0.3,17.3,2.5
1.0,"2019-08-25 19:33:33.000000","2019-08-25 19:54:09.000000",4.0,5.7,1.0,N,88.0,234.0,2.0,19.5,2.5,0.5,0.0,0.0,0.3,22.8,2.5
1.0,"2019-08-25 21:02:15.000000","2019-08-25 21:19:43.000000",2.0,5.3,1.0,N,88.0,234.0,2.0,18.0,3.0,0.5,0.0,0.0,0.3,21.8,2.5
1.0,"2019-08-26 09:27:09.000000","2019-08-26 09:48:34.000000",1.0,4.6,1.0,N,88.0,234.0,1.0,19.5,2.5,0.5,4.55,0.0,0.3,27.35,2.5
2.0,"2019-08-26 13:57:06.000000","2019-08-26 14:18:08.000000",5.0,3.18,1.0,N,88.0,234.0,2.0,15.0,0.0,0.5,0.0,0.0,0.3,18.3,2.5
1.0,"2019-08-26 15:23:54.000000","2019-08-26 15:42:24.000000",1.0,4.6,1.0,N,88.0,234.0,1.0,17.5,2.5,0.5,4.15,0.0,0.3,24.95,2.5
1.0,"2019-08-26 15:09:20.000000","2019-08-26 15:26:55.000000",1.0,3.1,1.0,N,88.0,234.0,2.0,14.0,2.5,0.5,0.0,0.0,0.3,17.3,2.5
2.0,"2019-08-26 16:01:53.000000","2019-08-26 16:23:19.000000",2.0,5.12,1.0,N,88.0,234.0,1.0,18.5,1.0,0.5,5.7,0.0,0.3,28.5,2.5
2.0,"2019-08-26 16:39:57.000000","2019-08-26 16:56:34.000000",1.0,4.76,1.0,N,88.0,234.0,1.0,17.0,1.0,0.5,4.26,0.0,0.3,25.56,2.5
2.0,"2019-08-26 17:26:46.000000","2019-08-26 17:45:13.000000",5.0,4.77,1.0,N,88.0,234.0,1.0,17.0,1.0,0.5,3.0,0.0,0.3,24.3,2.5
2.0,"2019-08-26 17:06:02.000000","2019-08-26 17:26:33.000000",1.0,2.85,1.0,N,88.0,234.0,2.0,14.5,1.0,0.5,0.0,0.0,0.3,18.8,2.5
1.0,"2019-08-26 18:00:35.000000","2019-08-26 18:21:59.000000",1.0,4.5,1.0,N,88.0,234.0,1.0,17.5,3.5,0.5,2.0,0.0,0.3,23.8,2.5
2.0,"2019-08-26 18:16:29.000000","2019-08-26 18:36:43.000000",4.0,2.95,1.0,N,88.0,234.0,1.0,14.5,1.0,0.5,1.0,0.0,0.3,19.8,2.5
2.0,"2019-08-26 20:15:01.000000","2019-08-26 20:28:05.000000",6.0,2.63,1.0,N,88.0,234.0,1.0,10.5,0.5,0.5,2.86,0.0,0.3,17.16,2.5
2.0,"2019-08-27 07:56:08.000000","2019-08-27 08:15:22.000000",1.0,3.49,1.0,N,88.0,234.0,2.0,15.0,0.0,0.5,0.0,0.0,0.3,18.3,2.5
1.0,"2019-08-27 09:40:20.000000","2019-08-27 10:06:18.000000",2.0,3.2,1.0,N,88.0,234.0,1.0,17.5,2.5,0.5,4.15,0.0,0.3,24.95,2.5
1.0,"2019-08-27 15:54:58.000000","2019-08-27 16:14:23.000000",0.0,5.3,1.0,N,88.0,234.0,1.0,19.0,2.5,0.5,4.45,0.0,0.3,26.75,2.5
2.0,"2019-08-27 15:40:30.000000","2019-08-27 15:59:20.000000",1.0,4.72,1.0,N,88.0,234.0,1.0,17.5,0.0,0.5,4.16,0.0,0.3,24.96,2.5
1.0,"2019-08-27 16:27:04.000000","2019-08-27 16:49:20.000000",0.0,3.0,1.0,N,88.0,234.0,1.0,15.5,3.5,0.5,3.95,0.0,0.3,23.75,2.5
2.0,"2019-08-27 18:11:50.000000","2019-08-27 18:33:36.000000",1.0,4.67,1.0,N,88.0,234.0,2.0,17.5,1.0,0.5,0.0,0.0,0.3,21.8,2.5
2.0,"2019-08-27 18:14:02.000000","2019-08-27 18:36:33.000000",1.0,3.31,1.0,N,88.0,234.0,2.0,16.0,1.0,0.5,0.0,0.0,0.3,20.3,2.5
2.0,"2019-08-27 19:08:01.000000","2019-08-27 19:25:52.000000",1.0,4.74,1.0,N,88.0,234.0,1.0,17.5,1.0,0.5,4.36,0.0,0.3,26.16,2.5
2.0,"2019-08-27 19:28:44.000000","2019-08-27 19:47:55.000000",1.0,3.49,1.0,N,88.0,234.0,1.0,14.5,1.0,0.5,1.2,0.0,0.3,20.0,2.5
2.0,"2019-08-27 20:37:05.000000","2019-08-27 20:52:00.000000",1.0,5.01,1.0,N,88.0,234.0,2.0,17.5,0.5,0.5,0.0,0.0,0.3,21.3,2.5
1.0,"2019-08-27 21:14:35.000000","2019-08-27 21:30:49.000000",1.0,4.9,1.0,N,88.0,234.0,1.0,18.0,3.0,0.5,1.5,0.0,0.3,23.3,2.5
2.0,"2019-08-27 21:49:18.000000","2019-08-27 22:04:11.000000",2.0,3.0,1.0,N,88.0,234.0,1.0,12.5,0.5,0.5,4.08,0.0,0.3,20.38,2.5
2.0,"2019-08-28 02:37:02.000000","2019-08-28 02:49:14.000000",1.0,3.44,1.0,N,88.0,234.0,1.0,13.0,0.5,0.5,2.52,0.0,0.3,19.32,2.5
1.0,"2019-08-28 11:39:52.000000","2019-08-28 11:59:14.000000",1.0,5.1,1.0,N,88.0,234.0,1.0,18.5,2.5,0.5,0.0,0.0,0.3,21.8,2.5
2.0,"2019-08-28 13:26:12.000000","2019-08-28 13:51:29.000000",1.0,3.19,1.0,N,88.0,234.0,1.0,16.5,0.0,0.5,3.96,0.0,0.3,23.76,2.5
1.0,"2019-08-28 13:06:15.000000","2019-08-28 13:38:32.000000",1.0,2.8,1.0,N,88.0,234.0,1.0,20.0,2.5,0.5,5.8,0.0,0.3,29.1,2.5
2.0,"2019-08-28 13:56:54.000000","2019-08-28 14:25:24.000000",1.0,3.04,1.0,N,88.0,234.0,1.0,18.5,0.0,0.5,4.36,0.0,0.3,26.16,2.5
2.0,"2019-08-28 13:03:28.000000","2019-08-28 13:41:36.000000",2.0,6.69,1.0,N,88.0,234.0,1.0,27.5,0.0,0.5,6.16,0.0,0.3,36.96,2.5
2.0,"2019-08-28 13:54:47.000000","2019-08-28 14:13:54.000000",1.0,4.7,1.0,N,88.0,234.0,1.0,17.5,0.0,0.5,4.16,0.0,0.3,24.96,2.5
1.0,"2019-08-28 16:33:36.000000","2019-08-28 16:52:19.000000",1.0,4.9,1.0,N,88.0,234.0,1.0,18.5,3.5,0.5,2.0,0.0,0.3,24.8,2.5
2.0,"2019-08-28 16:03:50.000000","2019-08-28 16:27:54.000000",1.0,5.06,1.0,N,88.0,234.0,1.0,21.5,1.0,0.5,5.16,0.0,0.3,30.96,2.5
1.0,"2019-08-28 17:06:21.000000","2019-08-28 17:23:29.000000",1.0,3.0,1.0,N,88.0,234.0,1.0,13.0,3.5,0.5,3.45,0.0,0.3,20.75,2.5
2.0,"2019-08-28 18:09:06.000000","2019-08-28 18:26:38.000000",1.0,3.2,1.0,N,88.0,234.0,1.0,13.5,1.0,0.5,3.56,0.0,0.3,21.36,2.5
2.0,"2019-08-28 19:07:43.000000","2019-08-28 19:24:32.000000",1.0,4.53,1.0,N,88.0,234.0,1.0,17.0,1.0,0.5,2.0,0.0,0.3,23.3,2.5
2.0,"2019-08-28 19:39:12.000000","2019-08-28 19:56:44.000000",1.0,3.23,1.0,N,88.0,234.0,1.0,14.0,1.0,0.5,2.75,0.0,0.3,21.05,2.5
1.0,"2019-08-28 21:30:50.000000","2019-08-28 21:49:07.000000",1.0,3.2,1.0,N,88.0,234.0,1.0,13.5,3.0,0.5,3.45,0.0,0.3,20.75,2.5
1.0,"2019-08-28 23:04:44.000000","2019-08-28 23:19:53.000000",1.0,4.8,1.0,N,88.0,234.0,1.0,17.5,3.0,0.5,3.2,0.0,0.3,24.5,2.5
2.0,"2019-08-29 07:32:06.000000","2019-08-29 07:56:48.000000",1.0,4.46,1.0,N,88.0,234.0,1.0,19.5,0.0,0.5,3.0,0.0,0.3,25.8,2.5
1.0,"2019-08-29 08:39:01.000000","2019-08-29 08:59:00.000000",1.0,3.0,1.0,N,88.0,234.0,1.0,14.5,2.5,0.5,1.5,0.0,0.3,19.3,2.5
2.0,"2019-08-29 12:47:54.000000","2019-08-29 13:12:33.000000",1.0,5.43,1.0,N,88.0,234.0,2.0,21.5,0.0,0.5,0.0,0.0,0.3,24.8,2.5
2.0,"2019-08-29 13:42:36.000000","2019-08-29 14:29:36.000000",6.0,7.89,1.0,N,88.0,234.0,1.0,33.5,0.0,0.5,7.36,0.0,0.3,44.16,2.5
2.0,"2019-08-29 14:45:03.000000","2019-08-29 15:08:59.000000",2.0,4.84,1.0,N,88.0,234.0,1.0,19.5,0.0,0.5,4.56,0.0,0.3,27.36,2.5
2.0,"2019-08-29 17:04:09.000000","2019-08-29 17:25:07.000000",1.0,3.22,1.0,N,88.0,234.0,1.0,15.5,1.0,0.5,3.96,0.0,0.3,23.76,2.5
2.0,"2019-08-29 19:12:13.000000","2019-08-29 19:28:31.000000",5.0,3.08,1.0,N,88.0,234.0,1.0,13.0,1.0,0.5,3.46,0.0,0.3,20.76,2.5
2.0,"2019-08-29 22:28:51.000000","2019-08-29 22:46:26.000000",1.0,5.16,1.0,N,88.0,234.0,1.0,18.0,0.5,0.5,4.36,0.0,0.3,26.16,2.5
2.0,"2019-08-29 23:32:27.000000","2019-08-29 23:46:19.000000",2.0,4.71,1.0,N,88.0,234.0,1.0,16.0,0.5,0.5,2.97,0.0,0.3,22.77,2.5
2.0,"2019-08-30 09:58:38.000000","2019-08-30 10:20:16.000000",1.0,5.07,1.0,N,88.0,234.0,1.0,20.0,0.0,0.5,0.0,0.0,0.3,23.3,2.5
2.0,"2019-08-30 11:55:50.000000","2019-08-30 12:12:00.000000",1.0,4.49,1.0,N,88.0,234.0,1.0,17.0,0.0,0.5,2.03,0.0,0.3,22.33,2.5
1.0,"2019-08-30 12:58:47.000000","2019-08-30 13:17:46.000000",2.0,5.0,1.0,N,88.0,234.0,1.0,18.5,2.5,0.5,4.35,0.0,0.3,26.15,2.5
2.0,"2019-08-30 15:03:42.000000","2019-08-30 15:22:46.000000",1.0,4.99,1.0,N,88.0,234.0,1.0,18.5,0.0,0.5,4.36,0.0,0.3,26.16,2.5
2.0,"2019-08-30 15:35:08.000000","2019-08-30 15:59:12.000000",2.0,4.31,1.0,N,88.0,234.0,1.0,19.5,0.0,0.5,3.0,0.0,0.3,25.8,2.5
2.0,"2019-08-30 16:22:41.000000","2019-08-30 16:46:20.000000",5.0,5.45,1.0,N,88.0,234.0,1.0,21.0,1.0,0.5,5.06,0.0,0.3,30.36,2.5
1.0,"2019-08-30 16:10:31.000000","2019-08-30 16:29:30.000000",1.0,4.8,1.0,N,88.0,234.0,2.0,19.0,3.5,0.5,0.0,0.0,0.3,23.3,2.5
2.0,"2019-08-30 17:07:00.000000","2019-08-30 17:41:33.000000",2.0,5.8,1.0,N,88.0,234.0,2.0,25.0,1.0,0.5,0.0,0.0,0.3,29.3,2.5
2.0,"2019-08-30 17:07:00.000000","2019-08-30 17:29:31.000000",1.0,5.35,1.0,N,88.0,234.0,2.0,20.0,1.0,0.5,0.0,0.0,0.3,24.3,2.5
2.0,"2019-08-30 18:18:51.000000","2019-08-30 18:39:36.000000",2.0,4.96,1.0,N,88.0,234.0,1.0,19.0,1.0,0.5,3.5,0.0,0.3,26.8,2.5
2.0,"2019-08-30 19:56:49.000000","2019-08-30 20:15:01.000000",1.0,5.01,1.0,N,88.0,234.0,1.0,18.5,1.0,0.5,4.56,0.0,0.3,27.36,2.5
2.0,"2019-08-30 19:51:43.000000","2019-08-30 20:09:32.000000",2.0,5.15,1.0,N,88.0,234.0,1.0,18.5,1.0,0.5,4.56,0.0,0.3,27.36,2.5
2.0,"2019-08-30 20:25:25.000000","2019-08-30 20:40:06.000000",3.0,4.74,1.0,N,88.0,234.0,2.0,16.5,0.5,0.5,0.0,0.0,0.3,20.3,2.5
2.0,"2019-08-31 00:26:53.000000","2019-08-31 00:42:01.000000",1.0,4.83,1.0,N,88.0,234.0,1.0,17.0,0.5,0.5,3.12,0.0,0.3,23.92,2.5
1.0,"2019-08-31 01:04:15.000000","2019-08-31 01:15:10.000000",1.0,2.8,1.0,N,88.0,234.0,1.0,10.5,3.0,0.5,1.7,0.0,0.3,16.0,2.5
2.0,"2019-08-31 09:43:54.000000","2019-08-31 09:56:53.000000",1.0,2.94,1.0,N,88.0,234.0,1.0,12.0,0.0,0.5,3.06,0.0,0.3,18.36,2.5
1.0,"2019-08-31 13:07:46.000000","2019-08-31 13:23:35.000000",2.0,3.4,1.0,N,88.0,234.0,1.0,14.0,2.5,0.5,3.45,0.0,0.3,20.75,2.5
2.0,"2019-08-31 13:30:51.000000","2019-08-31 13:44:33.000000",1.0,5.05,1.0,N,88.0,234.0,1.0,17.0,0.0,0.5,4.06,0.0,0.3,24.36,2.5
2.0,"2019-08-31 14:35:00.000000","2019-08-31 14:50:59.000000",2.0,4.94,1.0,N,88.0,234.0,2.0,17.5,0.0,0.5,0.0,0.0,0.3,20.8,2.5
2.0,"2019-08-31 16:05:33.000000","2019-08-31 16:23:04.000000",2.0,3.34,1.0,N,88.0,234.0,1.0,14.0,0.0,0.5,1.0,0.0,0.3,18.3,2.5
1.0,"2019-08-31 22:02:30.000000","2019-08-31 22:18:02.000000",1.0,2.6,1.0,N,88.0,234.0,1.0,12.0,3.0,0.5,3.16,0.0,0.3,18.96,2.5
2.0,"2019-08-31 22:24:13.000000","2019-08-31 22:40:48.000000",1.0,5.0,1.0,N,88.0,234.0,1.0,18.0,0.5,0.5,4.36,0.0,0.3,26.16,2.5
