     58 188.0
     58 228.0
     61 82.0
     62 127.0
     62 260.0
     64 106.0
     68 152.0
     71 198.0
     87 95.0
     92 146.0
     94 14.0
     95 89.0
    102 12.0
    106 265.0
    108 225.0
    110 36.0
    118 179.0
    136 52.0
    138 189.0
    148 17.0
    152 243.0
    156 223.0
    156 37.0
    163 24.0
    166 40.0
    176 61.0
    180 129.0
    183 226.0
    203 116.0
    204 244.0
    208 25.0
    226 49.0
    231 65.0
    242 97.0
    249 1.0
    250 80.0
    256 112.0
    264 264.0
    310 166.0
    321 74.0
    338 42.0
    338 66.0
    379 145.0
    393 7.0
    423 41.0
    430 256.0
    432 181.0
    457 45.0
    477 151.0
    477 33.0
    478 255.0
    532 75.0
    589 209.0
    621 88.0
    827 261.0
    871 132.0
    899 262.0
   1033 43.0
   1035 232.0
   1131 4.0
   1157 143.0
   1255 140.0
   1267 263.0
   1290 138.0
   1348 238.0
   1516 87.0
   1554 239.0
   1563 224.0
   1625 125.0
   1625 50.0
   2007 141.0
   2015 13.0
   2039 142.0
   2431 236.0
   2541 229.0
   2665 233.0
   2756 148.0
   3051 211.0
   3139 237.0
   3203 144.0
   3428 163.0
   3481 158.0
   3870 231.0
   3948 137.0
   4242 90.0
   4416 114.0
   4445 162.0
   4463 48.0
   4670 100.0
   5202 107.0
   5584 113.0
   5643 246.0
   5898 230.0
   6059 249.0
   6378 164.0
   7137 79.0
   7698 68.0
   8392 161.0
   9199 186.0
  12512 170.0
